loss,accuracy,lr
3.743180990219116,0.023076923564076424,0.001
3.6064326763153076,0.0743589773774147,0.001
3.5416839122772217,0.07948718219995499,0.001
3.480785846710205,0.08717948943376541,0.001
3.434939384460449,0.08205128461122513,0.001
3.388617992401123,0.08974359184503555,0.001
3.3287734985351562,0.1051282063126564,0.001
3.292342185974121,0.12820513546466827,0.001
3.2635159492492676,0.12820513546466827,0.001
3.2327449321746826,0.13076923787593842,0.001
3.1795437335968018,0.11538461595773697,0.001
3.1661603450775146,0.15641026198863983,0.001
3.1352546215057373,0.15128205716609955,0.001
3.1048061847686768,0.16153846681118011,0.001
3.0632147789001465,0.2102564126253128,0.001
3.0558905601501465,0.19487179815769196,0.001
3.025688648223877,0.23333333432674408,0.001
2.9801578521728516,0.2230769246816635,0.001
2.948819875717163,0.2410256415605545,0.001
2.9224369525909424,0.264102578163147,0.001
2.8947911262512207,0.31282052397727966,0.001
2.850800037384033,0.2717948853969574,0.001
2.8049237728118896,0.26923078298568726,0.001
2.755079984664917,0.29230770468711853,0.001
2.745298147201538,0.29487180709838867,0.001
2.7162342071533203,0.2794871926307678,0.001
2.6860623359680176,0.32307693362236023,0.001
2.6590828895568848,0.30512821674346924,0.001
2.623119592666626,0.35384616255760193,0.001
2.6018972396850586,0.3589743673801422,0.001
2.5542259216308594,0.39743590354919434,0.001
2.5528407096862793,0.38717949390411377,0.001
2.5024120807647705,0.4076923131942749,0.001
2.5558342933654785,0.3948718011379242,0.001
2.4740052223205566,0.3897435963153839,0.001
2.42889142036438,0.39743590354919434,0.001
2.418689727783203,0.3948718011379242,0.001
2.406651020050049,0.42307692766189575,0.001
2.371474504470825,0.42820513248443604,0.001
2.383964776992798,0.4205128252506256,0.001
2.3450255393981934,0.43589743971824646,0.001
2.29015851020813,0.44102564454078674,0.001
2.258157253265381,0.45897436141967773,0.001
2.23144268989563,0.43589743971824646,0.001
2.201881170272827,0.4435897469520569,0.001
2.1744778156280518,0.4871794879436493,0.001
2.1609981060028076,0.48461538553237915,0.001
2.138686180114746,0.5,0.001
2.121823787689209,0.46666666865348816,0.001
2.117962121963501,0.45897436141967773,0.001
2.105966806411743,0.464102566242218,0.001
2.0607526302337646,0.42820513248443604,0.001
2.0753767490386963,0.4871794879436493,0.001
2.020705461502075,0.4948717951774597,0.001
2.0266506671905518,0.5307692289352417,0.001
1.9864405393600464,0.5256410241127014,0.001
1.9669159650802612,0.5256410241127014,0.001
1.923689603805542,0.535897433757782,0.001
1.8980467319488525,0.5307692289352417,0.001
1.9179552793502808,0.5051282048225403,0.001
1.9308415651321411,0.5435897707939148,0.001
1.8959661722183228,0.5153846144676208,0.001
1.8755422830581665,0.5487179756164551,0.001
1.8549643754959106,0.5410256385803223,0.001
1.8311967849731445,0.5538461804389954,0.001
1.7983590364456177,0.6000000238418579,0.001
1.8365552425384521,0.5435897707939148,0.001
1.808167576789856,0.5410256385803223,0.001
1.7373051643371582,0.5589743852615356,0.001
1.7062333822250366,0.5384615659713745,0.001
1.7030854225158691,0.5307692289352417,0.001
1.646628975868225,0.5948718190193176,0.001
1.6552860736846924,0.5948718190193176,0.001
1.6313762664794922,0.5769230723381042,0.001
1.6210516691207886,0.5666666626930237,0.001
1.6046783924102783,0.5615384578704834,0.001
1.5619542598724365,0.6358974575996399,0.001
1.5801950693130493,0.6179487109184265,0.001
1.575243353843689,0.6333333253860474,0.001
1.5434240102767944,0.6102564334869385,0.001
1.5263097286224365,0.6179487109184265,0.001
1.5750027894973755,0.6025640964508057,0.001
1.5287508964538574,0.6692307591438293,0.001
1.5508688688278198,0.6153846383094788,0.001
1.5519810914993286,0.6487179398536682,0.001
1.5267332792282104,0.6333333253860474,0.001
1.502713680267334,0.6282051205635071,0.001
1.4665307998657227,0.6358974575996399,0.001
1.4342162609100342,0.6307692527770996,0.001
1.4125182628631592,0.6230769157409668,0.001
1.4063899517059326,0.6435897350311279,0.001
1.4689325094223022,0.6128205060958862,0.001
1.5512269735336304,0.607692301273346,0.001
1.47316312789917,0.6128205060958862,0.001
1.5832866430282593,0.5743589997291565,0.001
1.4938793182373047,0.6333333253860474,0.001
1.426645278930664,0.6512820720672607,0.001
1.4020076990127563,0.6461538672447205,0.001
1.3958898782730103,0.6512820720672607,0.001
1.3345186710357666,0.6589743494987488,0.001
1.364766240119934,0.656410276889801,0.001
1.3317371606826782,0.6461538672447205,0.001
1.3049838542938232,0.6384615302085876,0.001
1.3599772453308105,0.6512820720672607,0.001
1.2929731607437134,0.6794871687889099,0.001
1.260166049003601,0.7076923251152039,0.001
1.253471851348877,0.6897435784339905,0.001
1.2579877376556396,0.7076923251152039,0.001
1.2802082300186157,0.6769230961799622,0.001
1.2707288265228271,0.6871795058250427,0.001
1.2749627828598022,0.6974359154701233,0.001
1.21462082862854,0.6897435784339905,0.001
1.1779634952545166,0.6948717832565308,0.001
1.2834829092025757,0.6769230961799622,0.001
1.4596781730651855,0.6384615302085876,0.001
1.3482015132904053,0.6589743494987488,0.001
1.2294272184371948,0.7153846025466919,0.001
1.2091097831726074,0.6820513010025024,0.001
1.2006347179412842,0.6871795058250427,0.001
1.2388718128204346,0.656410276889801,0.001
1.2572633028030396,0.7076923251152039,0.001
1.213873267173767,0.7153846025466919,0.001
1.1942379474639893,0.692307710647583,0.001
1.14761221408844,0.7153846025466919,0.00020000001
1.0991038084030151,0.7256410121917725,0.00020000001
1.0792826414108276,0.735897421836853,0.00020000001
1.082422137260437,0.7435897588729858,0.00020000001
1.0467416048049927,0.7564102411270142,0.00020000001
1.0652894973754883,0.7384615540504456,0.00020000001
1.049920678138733,0.7589743733406067,0.00020000001
1.0505075454711914,0.7487179636955261,0.00020000001
1.0424668788909912,0.7487179636955261,0.00020000001
1.0459089279174805,0.7615384459495544,0.00020000001
1.0320055484771729,0.7487179636955261,0.00020000001
1.0326389074325562,0.7820512652397156,0.00020000001
1.0295857191085815,0.7487179636955261,0.00020000001
1.0491421222686768,0.7410256266593933,0.00020000001
1.0388108491897583,0.7615384459495544,0.00020000001
1.0376006364822388,0.7307692170143127,0.00020000001
1.0234038829803467,0.7564102411270142,0.00020000001
1.0336345434188843,0.7384615540504456,0.00020000001
1.0053317546844482,0.7846153974533081,0.00020000001
1.0157190561294556,0.7692307829856873,0.00020000001
1.0138896703720093,0.7692307829856873,0.00020000001
1.0064016580581665,0.7615384459495544,0.00020000001
1.002846360206604,0.7743589878082275,0.00020000001
0.9979780316352844,0.764102578163147,0.00020000001
1.0053037405014038,0.7743589878082275,0.00020000001
1.0015558004379272,0.7692307829856873,0.00020000001
1.0283830165863037,0.7410256266593933,0.00020000001
1.010366678237915,0.7615384459495544,0.00020000001
0.983828604221344,0.7769230604171753,0.00020000001
0.9876693487167358,0.7666666507720947,0.00020000001
1.0012755393981934,0.764102578163147,0.00020000001
1.0008811950683594,0.7923076748847961,0.00020000001
1.0115824937820435,0.7794871926307678,0.00020000001
1.0056403875350952,0.7846153974533081,0.00020000001
0.9835250377655029,0.7948718070983887,0.00020000001
0.9840843081474304,0.764102578163147,0.00020000001
0.9803575277328491,0.7820512652397156,0.00020000001
0.978358805179596,0.7871794700622559,0.00020000001
0.9613381624221802,0.7897436022758484,0.00020000001
0.9742116928100586,0.7923076748847961,0.00020000001
0.9676394462585449,0.7820512652397156,0.00020000001
0.9781326651573181,0.7820512652397156,0.00020000001
0.963478684425354,0.807692289352417,0.00020000001
0.9796159863471985,0.7974358797073364,0.00020000001
0.978074312210083,0.7820512652397156,0.00020000001
0.9642956256866455,0.7743589878082275,0.00020000001
0.9547705054283142,0.7923076748847961,0.00020000001
0.9476475119590759,0.7948718070983887,0.00020000001
0.9718827605247498,0.7743589878082275,0.00020000001
0.9692023396492004,0.7769230604171753,0.00020000001
0.9626559615135193,0.7948718070983887,0.00020000001
0.958763837814331,0.7692307829856873,0.00020000001
0.9570028185844421,0.7615384459495544,0.00020000001
0.9607082009315491,0.7666666507720947,0.00020000001
0.9607408046722412,0.7692307829856873,0.00020000001
0.9544705748558044,0.7743589878082275,0.00020000001
0.9411585927009583,0.7820512652397156,0.00020000001
0.9403131008148193,0.7974358797073364,0.00020000001
0.9328978061676025,0.7923076748847961,0.00020000001
0.9395429491996765,0.7948718070983887,0.00020000001
0.9349449872970581,0.8025640845298767,0.00020000001
0.9429709911346436,0.7974358797073364,0.00020000001
0.9432225227355957,0.7948718070983887,0.00020000001
0.9414149522781372,0.7820512652397156,0.00020000001
0.9392311573028564,0.8102564215660095,0.00020000001
0.9451456665992737,0.7897436022758484,0.00020000001
0.98740154504776,0.771794855594635,0.00020000001
0.9907669425010681,0.7871794700622559,0.00020000001
0.991066575050354,0.7615384459495544,0.00020000001
0.9571755528450012,0.7769230604171753,1e-04
0.934531569480896,0.771794855594635,1e-04
0.9222301244735718,0.7846153974533081,1e-04
0.9271592497825623,0.7897436022758484,1e-04
0.9185358285903931,0.7974358797073364,1e-04
0.914154052734375,0.7846153974533081,1e-04
0.9222708940505981,0.7923076748847961,1e-04
0.9125974774360657,0.7897436022758484,1e-04
0.9056620001792908,0.7948718070983887,1e-04
0.9108048677444458,0.7871794700622559,1e-04
0.9155852198600769,0.8025640845298767,1e-04
0.9043244123458862,0.8102564215660095,1e-04
0.900930643081665,0.8051282167434692,1e-04
0.9147624969482422,0.7974358797073364,1e-04
0.8903931379318237,0.800000011920929,1e-04
0.8789628148078918,0.800000011920929,1e-04
0.913599967956543,0.8102564215660095,1e-04
0.9116201400756836,0.8025640845298767,1e-04
0.9002545475959778,0.800000011920929,1e-04
0.8846622705459595,0.7974358797073364,1e-04
0.8939749002456665,0.800000011920929,1e-04
0.9104376435279846,0.7897436022758484,1e-04
0.8958905935287476,0.7974358797073364,1e-04
0.8880082368850708,0.7923076748847961,1e-04
0.9011915922164917,0.8051282167434692,1e-04
0.8973177671432495,0.7948718070983887,1e-04
0.9058177471160889,0.8230769038200378,1e-04
0.9014514684677124,0.7897436022758484,1e-04
0.8758587837219238,0.8179486989974976,1e-04
0.8675827383995056,0.8128204941749573,1e-04
0.8732312321662903,0.807692289352417,1e-04
0.89198899269104,0.8051282167434692,1e-04
0.8711177110671997,0.8128204941749573,1e-04
0.8593474626541138,0.8179486989974976,1e-04
0.8707828521728516,0.8307692408561707,1e-04
0.8712335824966431,0.8051282167434692,1e-04
0.8845415115356445,0.7948718070983887,1e-04
0.8827582597732544,0.8025640845298767,1e-04
0.8797545433044434,0.8230769038200378,1e-04
0.880587637424469,0.8102564215660095,1e-04
0.8885803818702698,0.8051282167434692,1e-04
0.8733612298965454,0.8051282167434692,1e-04
0.8760193586349487,0.8102564215660095,1e-04
0.8753681778907776,0.8153846263885498,1e-04
0.8702800869941711,0.8102564215660095,1e-04
0.8888029456138611,0.8051282167434692,1e-04
0.8822191953659058,0.7948718070983887,1e-04
0.8869500756263733,0.7897436022758484,1e-04
0.8720011115074158,0.7974358797073364,1e-04
0.877935528755188,0.7974358797073364,1e-04
0.8565730452537537,0.8179486989974976,1e-04
0.8600046634674072,0.800000011920929,1e-04
0.8656889200210571,0.8102564215660095,1e-04
0.856236457824707,0.8256410360336304,1e-04
0.8902238607406616,0.8205128312110901,1e-04
0.8806582093238831,0.8230769038200378,1e-04
0.8687639832496643,0.8153846263885498,1e-04
0.8805537819862366,0.800000011920929,1e-04
0.8621980547904968,0.8307692408561707,1e-04
0.8725771307945251,0.8051282167434692,1e-04
0.8599131107330322,0.8153846263885498,1e-04
0.8625856041908264,0.8128204941749573,1e-04
0.842628538608551,0.8256410360336304,1e-04
0.8654974699020386,0.800000011920929,1e-04
0.8473257422447205,0.8102564215660095,1e-04
0.8464083671569824,0.8153846263885498,1e-04
0.8589749932289124,0.8128204941749573,1e-04
0.8770009875297546,0.800000011920929,1e-04
0.8607764840126038,0.8051282167434692,1e-04
0.8533517122268677,0.8230769038200378,1e-04
0.8482505679130554,0.8179486989974976,1e-04
0.8567022681236267,0.8230769038200378,1e-04
0.8474351763725281,0.807692289352417,1e-04
0.8544751405715942,0.8025640845298767,1e-04
0.8505820035934448,0.8230769038200378,1e-04
0.8437270522117615,0.807692289352417,1e-04
0.8514752388000488,0.8230769038200378,1e-04
0.8574632406234741,0.7897436022758484,1e-04
0.8378936052322388,0.807692289352417,1e-04
0.8366951942443848,0.807692289352417,1e-04
0.8486788868904114,0.807692289352417,1e-04
0.8401945233345032,0.8128204941749573,1e-04
0.8568562269210815,0.8179486989974976,1e-04
0.8395135998725891,0.8230769038200378,1e-04
0.8422635793685913,0.8025640845298767,1e-04
0.8370944857597351,0.8179486989974976,1e-04
0.8664917945861816,0.8205128312110901,1e-04
0.8561409115791321,0.8102564215660095,1e-04
0.8400335907936096,0.8128204941749573,1e-04
0.8562765121459961,0.800000011920929,1e-04
0.8366649746894836,0.8256410360336304,1e-04
0.8268953561782837,0.8102564215660095,1e-04
0.8307090401649475,0.8153846263885498,1e-04
0.8334762454032898,0.8205128312110901,1e-04
0.8427534699440002,0.8179486989974976,1e-04
0.8431521654129028,0.8179486989974976,1e-04
0.8284507393836975,0.8153846263885498,1e-04
0.8285542130470276,0.8205128312110901,1e-04
0.8373185396194458,0.8282051086425781,1e-04
0.823962390422821,0.8256410360336304,1e-04
0.8457517027854919,0.8307692408561707,1e-04
0.8264527916908264,0.8205128312110901,1e-04
0.8142881989479065,0.8051282167434692,1e-04
0.8217414021492004,0.8230769038200378,1e-04
0.8434872627258301,0.800000011920929,1e-04
0.8274073004722595,0.8230769038200378,1e-04
0.828149676322937,0.8358974456787109,1e-04
0.8213292956352234,0.8282051086425781,1e-04
0.8340886235237122,0.800000011920929,1e-04
0.8208927512168884,0.8179486989974976,1e-04
0.8400129079818726,0.8128204941749573,1e-04
0.812675416469574,0.8256410360336304,1e-04
0.8175361156463623,0.8179486989974976,1e-04
0.8170173764228821,0.8256410360336304,1e-04
0.8281058073043823,0.8256410360336304,1e-04
0.8069713115692139,0.8205128312110901,1e-04
0.8375244140625,0.8179486989974976,1e-04
0.8069955110549927,0.8256410360336304,1e-04
0.8215987086296082,0.8205128312110901,1e-04
0.8305648565292358,0.7948718070983887,1e-04
0.8142226934432983,0.8128204941749573,1e-04
0.8222100734710693,0.8179486989974976,1e-04
0.8103205561637878,0.8282051086425781,1e-04
0.8032376170158386,0.8256410360336304,1e-04
0.8165653944015503,0.8153846263885498,1e-04
0.8144894242286682,0.8230769038200378,1e-04
0.8099514842033386,0.8179486989974976,1e-04
0.814896285533905,0.8256410360336304,1e-04
0.8194209337234497,0.8230769038200378,1e-04
0.8055319786071777,0.8461538553237915,1e-04
0.8009141087532043,0.8205128312110901,1e-04
0.8208085894584656,0.8230769038200378,1e-04
0.8116698265075684,0.8307692408561707,1e-04
0.7980964779853821,0.8282051086425781,1e-04
0.80307537317276,0.8307692408561707,1e-04
0.8028450012207031,0.8358974456787109,1e-04
0.8193078637123108,0.8128204941749573,1e-04
0.8343616724014282,0.8179486989974976,1e-04
0.805297315120697,0.8282051086425781,1e-04
0.8093574643135071,0.8230769038200378,1e-04
0.8047506213188171,0.8205128312110901,1e-04
0.7866426706314087,0.8487179279327393,1e-04
0.7987648844718933,0.8230769038200378,1e-04
0.795615017414093,0.8230769038200378,1e-04
0.8073306083679199,0.8256410360336304,1e-04
0.8007075190544128,0.8179486989974976,1e-04
0.8167286515235901,0.8102564215660095,1e-04
0.8103952407836914,0.8307692408561707,1e-04
0.7964496612548828,0.8128204941749573,1e-04
0.7805953025817871,0.843589723110199,1e-04
0.7851102948188782,0.8384615182876587,1e-04
0.7866441011428833,0.8205128312110901,1e-04
0.7846381068229675,0.8333333134651184,1e-04
0.7883943319320679,0.8358974456787109,1e-04
0.7901188135147095,0.8410256505012512,1e-04
0.7852873802185059,0.8282051086425781,1e-04
0.7991439700126648,0.8307692408561707,1e-04
0.7764999270439148,0.8307692408561707,1e-04
0.7827826142311096,0.8256410360336304,1e-04
0.7987316250801086,0.8333333134651184,1e-04
0.7775643467903137,0.8333333134651184,1e-04
0.79448002576828,0.8205128312110901,1e-04
0.7811264991760254,0.8282051086425781,1e-04
0.8018937110900879,0.807692289352417,1e-04
0.7925119400024414,0.8282051086425781,1e-04
0.8056237101554871,0.8153846263885498,1e-04
0.8020456433296204,0.8333333134651184,1e-04
0.819526731967926,0.8051282167434692,1e-04
0.8181474208831787,0.8230769038200378,1e-04
0.7842440009117126,0.8333333134651184,1e-04
0.7777267098426819,0.8333333134651184,1e-04
0.7684087753295898,0.8358974456787109,1e-04
0.7684076428413391,0.8358974456787109,1e-04
0.8101320862770081,0.8307692408561707,1e-04
0.8266814947128296,0.8051282167434692,1e-04
0.7749499082565308,0.8282051086425781,1e-04
0.8032764792442322,0.8410256505012512,1e-04
0.7748051285743713,0.8410256505012512,1e-04
0.7661865949630737,0.8230769038200378,1e-04
0.770842432975769,0.8205128312110901,1e-04
0.782123327255249,0.8102564215660095,1e-04
0.7699695825576782,0.8410256505012512,1e-04
0.7766340970993042,0.8333333134651184,1e-04
0.7774733304977417,0.8102564215660095,1e-04
0.7660321593284607,0.8179486989974976,1e-04
0.7608259320259094,0.8512820601463318,1e-04
0.7970400452613831,0.8179486989974976,1e-04
0.792249321937561,0.8205128312110901,1e-04
0.7767910957336426,0.8256410360336304,1e-04
0.7700742483139038,0.8384615182876587,1e-04
0.7674944996833801,0.8358974456787109,1e-04
0.7709193229675293,0.8282051086425781,1e-04
0.7612802386283875,0.8307692408561707,1e-04
0.756011426448822,0.843589723110199,1e-04
0.7666124105453491,0.8307692408561707,1e-04
0.7722561359405518,0.8153846263885498,1e-04
0.7567578554153442,0.8282051086425781,1e-04
0.7882331013679504,0.8205128312110901,1e-04
0.7606661319732666,0.8384615182876587,1e-04
0.7557781338691711,0.843589723110199,1e-04
0.7682068943977356,0.8358974456787109,1e-04
0.7900441288948059,0.8256410360336304,1e-04
0.7607021331787109,0.8333333134651184,1e-04
0.7773342728614807,0.8307692408561707,1e-04
0.7595449090003967,0.8333333134651184,1e-04
0.7509015202522278,0.8358974456787109,1e-04
0.7612179517745972,0.8333333134651184,1e-04
0.7567048668861389,0.8256410360336304,1e-04
0.761597216129303,0.8307692408561707,1e-04
0.7481503486633301,0.8358974456787109,1e-04
0.7380115985870361,0.8512820601463318,1e-04
0.7397447824478149,0.8282051086425781,1e-04
0.7587980031967163,0.8307692408561707,1e-04
0.7589104771614075,0.8153846263885498,1e-04
0.7493358850479126,0.8230769038200378,1e-04
0.7522335648536682,0.8333333134651184,1e-04
0.7659437656402588,0.8205128312110901,1e-04
0.7441864609718323,0.8410256505012512,1e-04
0.7521672248840332,0.8230769038200378,1e-04
0.7615554928779602,0.8230769038200378,1e-04
0.741546094417572,0.8384615182876587,1e-04
0.732037365436554,0.8512820601463318,1e-04
0.7445156574249268,0.8333333134651184,1e-04
0.7709585428237915,0.8282051086425781,1e-04
0.7633611559867859,0.8333333134651184,1e-04
0.7366259694099426,0.8461538553237915,1e-04
0.74593585729599,0.8205128312110901,1e-04
0.7416154742240906,0.8358974456787109,1e-04
0.7381791472434998,0.8282051086425781,1e-04
0.7592097520828247,0.8307692408561707,1e-04
0.7375854253768921,0.8384615182876587,1e-04
0.7443076968193054,0.8282051086425781,1e-04
0.7353613376617432,0.8307692408561707,1e-04
0.7257369756698608,0.8307692408561707,1e-04
0.7228941321372986,0.8384615182876587,1e-04
0.7421504855155945,0.8461538553237915,1e-04
0.732590913772583,0.8358974456787109,1e-04
0.7384185791015625,0.8333333134651184,1e-04
0.741057813167572,0.8333333134651184,1e-04
0.7511874437332153,0.8461538553237915,1e-04
0.7558266520500183,0.8205128312110901,1e-04
0.7409137487411499,0.8307692408561707,1e-04
0.7379975914955139,0.8358974456787109,1e-04
0.738275408744812,0.8333333134651184,1e-04
0.7311256527900696,0.843589723110199,1e-04
0.7586653232574463,0.8307692408561707,1e-04
0.7543504238128662,0.8256410360336304,1e-04
0.7263941168785095,0.8358974456787109,1e-04
0.7418025732040405,0.8461538553237915,1e-04
0.7372733354568481,0.8179486989974976,1e-04
0.7611183524131775,0.8358974456787109,1e-04
0.7324802279472351,0.8282051086425781,1e-04
0.7279690504074097,0.8538461327552795,1e-04
0.7367278933525085,0.8384615182876587,1e-04
0.7235532999038696,0.8358974456787109,1e-04
0.7035312652587891,0.8487179279327393,1e-04
0.730006754398346,0.8358974456787109,1e-04
0.7277215123176575,0.8384615182876587,1e-04
0.727171778678894,0.8410256505012512,1e-04
0.7232953310012817,0.8358974456787109,1e-04
0.731232762336731,0.8487179279327393,1e-04
0.7093295454978943,0.8487179279327393,1e-04
0.7214786410331726,0.8333333134651184,1e-04
0.7215625643730164,0.8333333134651184,1e-04
0.725415050983429,0.8410256505012512,1e-04
0.715423583984375,0.843589723110199,1e-04
0.7188202142715454,0.8461538553237915,1e-04
0.7336532473564148,0.8384615182876587,1e-04
0.7065221667289734,0.843589723110199,1e-04
0.709613561630249,0.8564102649688721,1e-04
0.7350971698760986,0.8487179279327393,1e-04
0.7186977863311768,0.8461538553237915,1e-04
0.7343100309371948,0.8282051086425781,1e-04
0.7130016088485718,0.8333333134651184,1e-04
0.7144184112548828,0.8461538553237915,1e-04
0.6970424652099609,0.8410256505012512,1e-04
0.7103854417800903,0.8564102649688721,1e-04
0.7115929126739502,0.8538461327552795,1e-04
0.7241188287734985,0.8307692408561707,1e-04
0.7332730889320374,0.8307692408561707,1e-04
0.7287642955780029,0.8333333134651184,1e-04
0.7216342091560364,0.8205128312110901,1e-04
0.7174174189567566,0.8256410360336304,1e-04
0.7237453460693359,0.8307692408561707,1e-04
0.707365870475769,0.8307692408561707,1e-04
0.7205137014389038,0.8307692408561707,1e-04
0.7189486622810364,0.8333333134651184,1e-04
0.7193628549575806,0.843589723110199,1e-04
0.7077293395996094,0.8461538553237915,1e-04
0.7015610933303833,0.843589723110199,1e-04
0.713543176651001,0.843589723110199,1e-04
0.7062815427780151,0.843589723110199,1e-04
0.7386840581893921,0.8358974456787109,1e-04
0.7219111323356628,0.8358974456787109,1e-04
0.7048054933547974,0.8564102649688721,1e-04
0.6887767314910889,0.8410256505012512,1e-04
0.7050052881240845,0.8333333134651184,1e-04
0.6992589831352234,0.8487179279327393,1e-04
0.7025327086448669,0.8384615182876587,1e-04
0.6992255449295044,0.8512820601463318,1e-04
0.6946868896484375,0.8410256505012512,1e-04
0.6838711500167847,0.843589723110199,1e-04
0.6886922121047974,0.8538461327552795,1e-04
0.6942588686943054,0.843589723110199,1e-04
0.6963914632797241,0.8333333134651184,1e-04
0.7047975063323975,0.8256410360336304,1e-04
0.722583532333374,0.843589723110199,1e-04
0.7073932886123657,0.8256410360336304,1e-04
0.7201926112174988,0.8487179279327393,1e-04
0.714276134967804,0.8282051086425781,1e-04
0.6984838247299194,0.8358974456787109,1e-04
0.6955178380012512,0.843589723110199,1e-04
0.6910839080810547,0.8410256505012512,1e-04
0.6874187588691711,0.8512820601463318,1e-04
0.7030513882637024,0.8333333134651184,1e-04
0.6987672448158264,0.8512820601463318,1e-04
0.6876612901687622,0.8564102649688721,1e-04
0.6839706301689148,0.8512820601463318,1e-04
0.6885966658592224,0.8589743375778198,1e-04
0.7323961853981018,0.8333333134651184,1e-04
0.7102190852165222,0.8512820601463318,1e-04
0.6992474794387817,0.8410256505012512,1e-04
0.6920641660690308,0.8410256505012512,1e-04
0.6931920647621155,0.8512820601463318,1e-04
0.6852442026138306,0.8538461327552795,1e-04
0.6844519376754761,0.8538461327552795,1e-04
0.6789079904556274,0.8538461327552795,1e-04
0.6787699460983276,0.8461538553237915,1e-04
0.6664599180221558,0.8589743375778198,1e-04
0.6733718514442444,0.8512820601463318,1e-04
0.6860098242759705,0.8589743375778198,1e-04
0.6957309246063232,0.8487179279327393,1e-04
0.6838634610176086,0.8641025424003601,1e-04
0.6665700078010559,0.8461538553237915,1e-04
0.6844155192375183,0.8538461327552795,1e-04
0.698464035987854,0.8410256505012512,1e-04
0.6663137674331665,0.8538461327552795,1e-04
0.6703373789787292,0.8666666746139526,1e-04
0.6794840693473816,0.8538461327552795,1e-04
0.7012437582015991,0.843589723110199,1e-04
0.70485919713974,0.8256410360336304,1e-04
0.6896852254867554,0.8487179279327393,1e-04
0.6793863773345947,0.8615384697914124,1e-04
0.680145263671875,0.8512820601463318,1e-04
0.6935404539108276,0.8487179279327393,1e-04
0.6878334283828735,0.8538461327552795,1e-04
0.6896880269050598,0.8487179279327393,1e-04
0.669218897819519,0.8769230842590332,1e-04
0.6780688166618347,0.8564102649688721,1e-04
0.6650857925415039,0.8512820601463318,1e-04
0.6674062013626099,0.8512820601463318,1e-04
0.6729096174240112,0.843589723110199,1e-04
0.6676953434944153,0.8487179279327393,1e-04
0.6600508689880371,0.8410256505012512,1e-04
0.6911783218383789,0.8512820601463318,1e-04
0.6695972084999084,0.8512820601463318,1e-04
0.6745742559432983,0.8615384697914124,1e-04
0.6731515526771545,0.8589743375778198,1e-04
0.6865069270133972,0.8384615182876587,1e-04
0.684323251247406,0.8589743375778198,1e-04
0.6572293043136597,0.8589743375778198,1e-04
0.7163189053535461,0.8282051086425781,1e-04
0.6684163212776184,0.8487179279327393,1e-04
0.6767385601997375,0.8487179279327393,1e-04
0.6676491498947144,0.8512820601463318,1e-04
0.6643091440200806,0.8692307472229004,1e-04
0.6601694226264954,0.8512820601463318,1e-04
0.6571760773658752,0.8666666746139526,1e-04
0.6637638807296753,0.8538461327552795,1e-04
0.6750944256782532,0.8564102649688721,1e-04
0.6445472836494446,0.8564102649688721,1e-04
0.6476004123687744,0.8564102649688721,1e-04
0.652561366558075,0.8512820601463318,1e-04
0.6439036130905151,0.8666666746139526,1e-04
0.6784095168113708,0.8410256505012512,1e-04
0.6392354965209961,0.8589743375778198,1e-04
0.6381656527519226,0.8564102649688721,1e-04
0.6438161730766296,0.8538461327552795,1e-04
0.6512191295623779,0.8512820601463318,1e-04
0.684432327747345,0.8615384697914124,1e-04
0.6472159624099731,0.8564102649688721,1e-04
0.6557115316390991,0.8666666746139526,1e-04
0.6504347324371338,0.8589743375778198,1e-04
0.6598217487335205,0.8538461327552795,1e-04
0.6434381604194641,0.8589743375778198,1e-04
0.6666685342788696,0.8512820601463318,1e-04
0.6401636600494385,0.8512820601463318,1e-04
0.6505464911460876,0.8666666746139526,1e-04
0.686953604221344,0.8410256505012512,1e-04
0.648623526096344,0.8641025424003601,1e-04
0.6555847525596619,0.8512820601463318,1e-04
0.6563656330108643,0.8410256505012512,1e-04
0.6407168507575989,0.8538461327552795,1e-04
0.6477476954460144,0.843589723110199,1e-04
0.6515511274337769,0.8512820601463318,1e-04
0.6418470740318298,0.8589743375778198,1e-04
0.6586648225784302,0.8410256505012512,1e-04
0.6674324870109558,0.8384615182876587,1e-04
0.6547908782958984,0.8487179279327393,1e-04
0.6763631701469421,0.8615384697914124,1e-04
0.6443911194801331,0.8512820601463318,1e-04
0.6470621228218079,0.8461538553237915,1e-04
0.6429176330566406,0.8666666746139526,1e-04
0.640528678894043,0.8564102649688721,1e-04
0.661180853843689,0.8512820601463318,1e-04
0.643992006778717,0.8512820601463318,1e-04
0.655919075012207,0.8487179279327393,1e-04
0.6479846239089966,0.8820512890815735,1e-04
0.64963698387146,0.8564102649688721,1e-04
0.6370173096656799,0.8717948794364929,1e-04
0.674906313419342,0.8538461327552795,1e-04
0.6544604897499084,0.843589723110199,1e-04
0.6432434320449829,0.8589743375778198,1e-04
0.6700460314750671,0.8692307472229004,1e-04
0.6410890817642212,0.8615384697914124,1e-04
0.6387829780578613,0.8717948794364929,1e-04
0.6249821782112122,0.8641025424003601,1e-04
0.6328380107879639,0.8615384697914124,1e-04
0.6238994598388672,0.8717948794364929,1e-04
0.6357771158218384,0.8769230842590332,1e-04
0.6304852366447449,0.8692307472229004,1e-04
0.64676833152771,0.8589743375778198,1e-04
0.6157019734382629,0.8743589520454407,1e-04
0.6397059559822083,0.8666666746139526,1e-04
0.654911994934082,0.8641025424003601,1e-04
0.6475507020950317,0.8717948794364929,1e-04
0.6572561264038086,0.8564102649688721,1e-04
0.6555535793304443,0.8538461327552795,1e-04
0.6404091715812683,0.879487156867981,1e-04
0.6453585624694824,0.8692307472229004,1e-04
0.6317117810249329,0.8692307472229004,1e-04
0.6748805046081543,0.8461538553237915,1e-04
0.6563682556152344,0.8589743375778198,1e-04
0.6410821676254272,0.8461538553237915,1e-04
0.628494143486023,0.8564102649688721,1e-04
0.6423404216766357,0.8564102649688721,1e-04
0.6355469822883606,0.8512820601463318,1e-04
0.6200599074363708,0.8487179279327393,1e-04
0.6346568465232849,0.8615384697914124,1e-04
0.6305581331253052,0.8615384697914124,1e-04
0.6326774954795837,0.8692307472229004,1e-04
0.6246148347854614,0.8538461327552795,1e-04
0.6440427899360657,0.8564102649688721,1e-04
0.6292072534561157,0.8743589520454407,1e-04
0.6335803866386414,0.8641025424003601,1e-04
0.6257716417312622,0.8846153616905212,1e-04
0.6254692673683167,0.8692307472229004,1e-04
0.6252530813217163,0.8564102649688721,1e-04
0.6195313930511475,0.8871794939041138,1e-04
0.6557185053825378,0.843589723110199,1e-04
0.6335577368736267,0.8615384697914124,1e-04
0.6258758902549744,0.8589743375778198,1e-04
0.640688419342041,0.8538461327552795,1e-04
0.6196057200431824,0.8666666746139526,1e-04
0.610426664352417,0.8589743375778198,1e-04
0.6039933562278748,0.8717948794364929,1e-04
0.6149812936782837,0.8512820601463318,1e-04
0.6267226934432983,0.8564102649688721,1e-04
0.6313669085502625,0.8538461327552795,1e-04
0.6291171312332153,0.8512820601463318,1e-04
0.6114182472229004,0.8564102649688721,1e-04
0.6293150186538696,0.8692307472229004,1e-04
0.6201369762420654,0.8666666746139526,1e-04
0.610102117061615,0.8512820601463318,1e-04
0.621709406375885,0.8589743375778198,1e-04
0.6138752102851868,0.8615384697914124,1e-04
0.5947886109352112,0.8717948794364929,1e-04
0.6096108555793762,0.8615384697914124,1e-04
0.6148310899734497,0.8641025424003601,1e-04
0.6261700987815857,0.8615384697914124,1e-04
0.643561840057373,0.8641025424003601,1e-04
0.6435055136680603,0.843589723110199,1e-04
0.6263291835784912,0.8666666746139526,1e-04
0.6170064210891724,0.8666666746139526,1e-04
0.6080974340438843,0.8589743375778198,1e-04
0.5988189578056335,0.8692307472229004,1e-04
0.5996838808059692,0.8615384697914124,1e-04
0.6031567454338074,0.8820512890815735,1e-04
0.6107374429702759,0.8641025424003601,1e-04
0.6144194602966309,0.8769230842590332,1e-04
0.6081684827804565,0.8666666746139526,1e-04
0.612365186214447,0.8666666746139526,1e-04
0.5922003388404846,0.8666666746139526,1e-04
0.6355265378952026,0.843589723110199,1e-04
0.6259459853172302,0.8410256505012512,1e-04
0.6131852269172668,0.879487156867981,1e-04
0.6392601132392883,0.8641025424003601,1e-04
0.615321934223175,0.8564102649688721,1e-04
0.6105173230171204,0.8589743375778198,1e-04
0.6191311478614807,0.8564102649688721,1e-04
0.6092556715011597,0.8692307472229004,1e-04
0.5903667211532593,0.8743589520454407,1e-04
0.6173269152641296,0.8564102649688721,1e-04
0.6289850473403931,0.8538461327552795,1e-04
0.6174219846725464,0.8512820601463318,1e-04
0.5988546013832092,0.8666666746139526,1e-04
0.6058237552642822,0.8666666746139526,1e-04
0.5965825915336609,0.8743589520454407,1e-04
0.5985687375068665,0.8717948794364929,1e-04
0.6201104521751404,0.8487179279327393,1e-04
0.5973460078239441,0.8692307472229004,1e-04
0.6153979897499084,0.8666666746139526,1e-04
0.5896239280700684,0.8743589520454407,1e-04
0.6081584095954895,0.8641025424003601,1e-04
0.5913788676261902,0.8743589520454407,1e-04
0.5968979001045227,0.8692307472229004,1e-04
0.6102451682090759,0.8615384697914124,1e-04
0.614075243473053,0.8487179279327393,1e-04
0.5968424081802368,0.8538461327552795,1e-04
0.6051887273788452,0.8769230842590332,1e-04
0.6057419180870056,0.8589743375778198,1e-04
0.5817673802375793,0.8717948794364929,1e-04
0.5862705707550049,0.879487156867981,1e-04
0.593300998210907,0.8564102649688721,1e-04
0.6294960379600525,0.8666666746139526,1e-04
0.6169969439506531,0.8564102649688721,1e-04
0.6023873686790466,0.8717948794364929,1e-04
0.5962349772453308,0.8820512890815735,1e-04
0.5903218388557434,0.8666666746139526,1e-04
0.5922913551330566,0.8666666746139526,1e-04
0.5988463759422302,0.8769230842590332,1e-04
0.5778381824493408,0.879487156867981,1e-04
0.5817188620567322,0.8692307472229004,1e-04
0.5946988463401794,0.8871794939041138,1e-04
0.6115200519561768,0.8615384697914124,1e-04
0.5917635560035706,0.8641025424003601,1e-04
0.5926037430763245,0.8512820601463318,1e-04
0.5922778248786926,0.8564102649688721,1e-04
0.602492094039917,0.8615384697914124,1e-04
0.5873703956604004,0.8666666746139526,1e-04
0.5875313878059387,0.8769230842590332,1e-04
0.5930321216583252,0.8666666746139526,1e-04
0.5819580554962158,0.8743589520454407,1e-04
0.593899130821228,0.8641025424003601,1e-04
0.5769811272621155,0.8666666746139526,1e-04
0.5737459659576416,0.8692307472229004,1e-04
0.563197672367096,0.879487156867981,1e-04
0.5773906707763672,0.8820512890815735,1e-04
0.5775144696235657,0.8820512890815735,1e-04
0.588363766670227,0.879487156867981,1e-04
0.5874729752540588,0.879487156867981,1e-04
0.5892649292945862,0.8589743375778198,1e-04
0.5726578235626221,0.8589743375778198,1e-04
0.591113269329071,0.8615384697914124,1e-04
0.5781072974205017,0.8692307472229004,1e-04
0.5886155366897583,0.8692307472229004,1e-04
0.5794276595115662,0.8589743375778198,1e-04
0.5808804035186768,0.8820512890815735,1e-04
0.5590189099311829,0.8820512890815735,1e-04
0.5851988196372986,0.8564102649688721,1e-04
0.5839456915855408,0.8666666746139526,1e-04
0.578646719455719,0.8666666746139526,1e-04
0.5727537274360657,0.8717948794364929,1e-04
0.5953429937362671,0.8589743375778198,1e-04
0.5734418630599976,0.8717948794364929,1e-04
0.5971847176551819,0.8641025424003601,1e-04
0.5667696595191956,0.8743589520454407,1e-04
0.5799435377120972,0.8820512890815735,1e-04
0.5813971161842346,0.8615384697914124,1e-04
0.5924861431121826,0.879487156867981,1e-04
0.5682083368301392,0.8717948794364929,1e-04
0.571314811706543,0.8820512890815735,1e-04
0.5671736598014832,0.8666666746139526,1e-04
0.5640191435813904,0.892307698726654,1e-04
0.5750202536582947,0.8615384697914124,1e-04
0.55977463722229,0.8717948794364929,1e-04
0.5495062470436096,0.8820512890815735,1e-04
0.5543158054351807,0.8871794939041138,1e-04
0.5760701894760132,0.8743589520454407,1e-04
0.566871166229248,0.8820512890815735,1e-04
0.5746144652366638,0.8692307472229004,1e-04
0.5804954171180725,0.8692307472229004,1e-04
0.5947644114494324,0.8538461327552795,1e-04
0.5653067827224731,0.8871794939041138,1e-04
0.5741824507713318,0.879487156867981,1e-04
0.5732645392417908,0.879487156867981,1e-04
0.5633295178413391,0.8871794939041138,1e-04
0.5745841264724731,0.8717948794364929,1e-04
0.5726327300071716,0.8743589520454407,1e-04
0.5644322037696838,0.8820512890815735,1e-04
0.5473118424415588,0.8769230842590332,1e-04
0.5637241005897522,0.8564102649688721,1e-04
0.5612577199935913,0.8897435665130615,1e-04
0.5508632659912109,0.8692307472229004,1e-04
0.55051189661026,0.8820512890815735,1e-04
0.5608181953430176,0.8666666746139526,1e-04
0.5813157558441162,0.879487156867981,1e-04
0.5467938184738159,0.8897435665130615,1e-04
0.5686448216438293,0.879487156867981,1e-04
0.5492780804634094,0.8769230842590332,1e-04
0.549324631690979,0.879487156867981,1e-04
0.5492811799049377,0.8692307472229004,1e-04
0.5543491244316101,0.8846153616905212,1e-04
0.5729532241821289,0.8692307472229004,1e-04
0.56308913230896,0.8769230842590332,1e-04
0.5550441741943359,0.8948717713356018,1e-04
0.5621153116226196,0.8897435665130615,1e-04
0.5489742755889893,0.8846153616905212,1e-04
0.5533283948898315,0.8897435665130615,1e-04
0.5533710718154907,0.879487156867981,1e-04
0.5589186549186707,0.8948717713356018,1e-04
0.5556079149246216,0.8769230842590332,1e-04
0.5547032356262207,0.879487156867981,1e-04
0.5420231223106384,0.892307698726654,1e-04
0.5620380640029907,0.8871794939041138,1e-04
0.5450785160064697,0.8871794939041138,1e-04
0.5635997653007507,0.8692307472229004,1e-04
0.5547965168952942,0.879487156867981,1e-04
0.5564921498298645,0.8846153616905212,1e-04
0.5497379302978516,0.8743589520454407,1e-04
0.572327196598053,0.8666666746139526,1e-04
0.6037274599075317,0.8538461327552795,1e-04
0.5793285369873047,0.8615384697914124,1e-04
0.5639364719390869,0.8641025424003601,1e-04
0.5495734810829163,0.8846153616905212,1e-04
0.561336874961853,0.8692307472229004,1e-04
0.5396654009819031,0.8692307472229004,1e-04
0.563806414604187,0.8717948794364929,1e-04
0.5647687911987305,0.8717948794364929,1e-04
0.5502533912658691,0.8769230842590332,1e-04
0.5609215497970581,0.8871794939041138,1e-04
0.5652223229408264,0.8692307472229004,1e-04
0.5461553335189819,0.8820512890815735,1e-04
0.5496156215667725,0.8743589520454407,1e-04
0.5658038258552551,0.8743589520454407,1e-04
0.5509515404701233,0.8641025424003601,1e-04
0.5472983121871948,0.892307698726654,1e-04
0.5520389080047607,0.8948717713356018,1e-04
0.5537911057472229,0.879487156867981,1e-04
0.5574592351913452,0.8871794939041138,1e-04
0.5456978678703308,0.8820512890815735,1e-04
0.5664828419685364,0.8769230842590332,1e-04
0.5429495573043823,0.8846153616905212,1e-04
0.5416833758354187,0.8897435665130615,1e-04
0.5516467690467834,0.8846153616905212,1e-04
0.5578489303588867,0.879487156867981,1e-04
0.540799081325531,0.879487156867981,1e-04
0.535307765007019,0.8871794939041138,1e-04
0.5435086488723755,0.8743589520454407,1e-04
0.5431439280509949,0.8948717713356018,1e-04
0.5375387668609619,0.879487156867981,1e-04
0.5336608290672302,0.8666666746139526,1e-04
0.5411526560783386,0.8846153616905212,1e-04
0.531354546546936,0.8871794939041138,1e-04
0.5522581338882446,0.8769230842590332,1e-04
0.5523487329483032,0.879487156867981,1e-04
0.5624663829803467,0.8769230842590332,1e-04
0.5490344762802124,0.8769230842590332,1e-04
0.5589070916175842,0.8871794939041138,1e-04
0.5441691875457764,0.8974359035491943,1e-04
0.5367172956466675,0.8974359035491943,1e-04
0.5266613960266113,0.9102563858032227,1e-04
0.5343590974807739,0.8948717713356018,1e-04
0.537483274936676,0.892307698726654,1e-04
0.5302245020866394,0.8846153616905212,1e-04
0.5339276194572449,0.892307698726654,1e-04
0.5195804834365845,0.8871794939041138,1e-04
0.5288890600204468,0.8846153616905212,1e-04
0.5256810784339905,0.8692307472229004,1e-04
0.532406747341156,0.879487156867981,1e-04
0.5249561667442322,0.8846153616905212,1e-04
0.521086573600769,0.8897435665130615,1e-04
0.5346363186836243,0.8871794939041138,1e-04
0.5344216823577881,0.8897435665130615,1e-04
0.5280761122703552,0.879487156867981,1e-04
0.5443907380104065,0.892307698726654,1e-04
0.5276839733123779,0.892307698726654,1e-04
0.5162248015403748,0.8820512890815735,1e-04
0.5199778079986572,0.8769230842590332,1e-04
0.5362393260002136,0.879487156867981,1e-04
0.5239949822425842,0.8717948794364929,1e-04
0.5267160534858704,0.8692307472229004,1e-04
0.528997540473938,0.8897435665130615,1e-04
0.5450828075408936,0.8692307472229004,1e-04
0.5307831764221191,0.8692307472229004,1e-04
0.5341920256614685,0.8743589520454407,1e-04
0.5516079068183899,0.8692307472229004,1e-04
0.5488139986991882,0.8769230842590332,1e-04
0.5294203758239746,0.8692307472229004,1e-04
0.5218502879142761,0.8820512890815735,1e-04
0.5078384280204773,0.8820512890815735,1e-04
0.510500967502594,0.8871794939041138,1e-04
0.5309563875198364,0.8717948794364929,1e-04
0.5266780853271484,0.8692307472229004,1e-04
0.5107298493385315,0.8769230842590332,1e-04
0.5184856057167053,0.8769230842590332,1e-04
0.531322717666626,0.8897435665130615,1e-04
0.5172707438468933,0.8717948794364929,1e-04
0.5312722325325012,0.8692307472229004,1e-04
0.5097644329071045,0.8846153616905212,1e-04
0.5262431502342224,0.879487156867981,1e-04
0.5283026099205017,0.8846153616905212,1e-04
0.5440049767494202,0.8666666746139526,1e-04
0.5393550992012024,0.879487156867981,1e-04
0.5107049942016602,0.8897435665130615,1e-04
0.5276068449020386,0.892307698726654,1e-04
0.5337006449699402,0.8820512890815735,1e-04
0.5343741774559021,0.8743589520454407,1e-04
0.5181916952133179,0.8717948794364929,1e-04
0.5059518814086914,0.9025641083717346,1e-04
0.5343120694160461,0.8769230842590332,1e-04
0.5332727432250977,0.8846153616905212,1e-04
0.5170737504959106,0.8846153616905212,1e-04
0.5208574533462524,0.8743589520454407,1e-04
0.5337235927581787,0.8769230842590332,1e-04
0.5039528608322144,0.8897435665130615,1e-04
0.5184165835380554,0.8717948794364929,1e-04
0.5122414231300354,0.879487156867981,1e-04
0.5082709789276123,0.8820512890815735,1e-04
0.5340585708618164,0.8948717713356018,1e-04
0.5125356316566467,0.879487156867981,1e-04
0.5316165089607239,0.8743589520454407,1e-04
0.5209870338439941,0.879487156867981,1e-04
0.5033427476882935,0.8948717713356018,1e-04
0.5068597793579102,0.8743589520454407,1e-04
0.4944514036178589,0.892307698726654,1e-04
0.5394921898841858,0.8769230842590332,1e-04
0.5216661691665649,0.8871794939041138,1e-04
0.5166028738021851,0.8897435665130615,1e-04
0.5047399401664734,0.8846153616905212,1e-04
0.5056613087654114,0.8871794939041138,1e-04
0.528014063835144,0.8846153616905212,1e-04
0.5270649194717407,0.8692307472229004,1e-04
0.5158183574676514,0.8948717713356018,1e-04
0.5319607853889465,0.8820512890815735,1e-04
0.5177645683288574,0.8717948794364929,1e-04
0.5288251042366028,0.8846153616905212,1e-04
0.5035687685012817,0.8999999761581421,1e-04
0.5102588534355164,0.8743589520454407,1e-04
0.505354106426239,0.8871794939041138,1e-04
0.5275536775588989,0.8769230842590332,1e-04
0.5097569227218628,0.8999999761581421,1e-04
0.5004082918167114,0.9025641083717346,1e-04
0.5191172957420349,0.879487156867981,1e-04
0.504325807094574,0.8820512890815735,1e-04
0.5029613971710205,0.8999999761581421,1e-04
0.49465808272361755,0.8948717713356018,1e-04
0.5158205628395081,0.8871794939041138,1e-04
0.5033532381057739,0.8871794939041138,1e-04
0.5087755918502808,0.8743589520454407,1e-04
0.5117338299751282,0.8846153616905212,1e-04
0.4897485673427582,0.8974359035491943,1e-04
0.5026566982269287,0.8948717713356018,1e-04
0.5173105001449585,0.8692307472229004,1e-04
0.5032337307929993,0.8871794939041138,1e-04
0.5049789547920227,0.8769230842590332,1e-04
0.48477470874786377,0.8948717713356018,1e-04
0.48978471755981445,0.8974359035491943,1e-04
0.4885573983192444,0.8871794939041138,1e-04
0.4951741099357605,0.8820512890815735,1e-04
0.48580673336982727,0.8974359035491943,1e-04
0.49207040667533875,0.8999999761581421,1e-04
0.5174916982650757,0.9025641083717346,1e-04
0.48851796984672546,0.9051281809806824,1e-04
0.5063910484313965,0.8846153616905212,1e-04
0.521397590637207,0.8897435665130615,1e-04
0.517673909664154,0.8666666746139526,1e-04
0.495292067527771,0.8820512890815735,1e-04
0.5014718174934387,0.8846153616905212,1e-04
0.5187734961509705,0.8820512890815735,1e-04
0.5194588899612427,0.879487156867981,1e-04
0.520013153553009,0.8692307472229004,1e-04
0.5075598955154419,0.8897435665130615,1e-04
0.4939558506011963,0.8897435665130615,1e-04
0.5128053426742554,0.8820512890815735,1e-04
0.5116621851921082,0.8871794939041138,1e-04
0.5148788094520569,0.8666666746139526,1e-04
0.49042001366615295,0.8871794939041138,1e-04
0.5024767518043518,0.8846153616905212,1e-04
0.5132766962051392,0.8743589520454407,1e-04
0.5043121576309204,0.8820512890815735,1e-04
0.49562981724739075,0.8999999761581421,1e-04
0.4944744110107422,0.8948717713356018,1e-04
0.5149292945861816,0.892307698726654,1e-04
0.4945612847805023,0.892307698726654,1e-04
0.5014361143112183,0.892307698726654,1e-04
0.4869621992111206,0.8897435665130615,1e-04
0.5084400177001953,0.8897435665130615,1e-04
0.5112171173095703,0.8820512890815735,1e-04
0.4947018027305603,0.8769230842590332,1e-04
0.4997726082801819,0.892307698726654,1e-04
0.5073996782302856,0.8769230842590332,1e-04
0.49955832958221436,0.8769230842590332,1e-04
0.4935050308704376,0.892307698726654,1e-04
0.4845690131187439,0.8871794939041138,1e-04
0.5170852541923523,0.8743589520454407,1e-04
0.4848605692386627,0.9025641083717346,1e-04
0.508924126625061,0.8897435665130615,1e-04
0.4879857003688812,0.8871794939041138,1e-04
0.49773433804512024,0.8974359035491943,1e-04
0.5229954123497009,0.8717948794364929,1e-04
0.4801783263683319,0.8846153616905212,1e-04
0.5050002932548523,0.8820512890815735,1e-04
0.48481035232543945,0.9025641083717346,1e-04
0.48354291915893555,0.8948717713356018,1e-04
0.489713191986084,0.879487156867981,1e-04
0.4976675510406494,0.8897435665130615,1e-04
0.49158942699432373,0.8743589520454407,1e-04
0.5048413276672363,0.8846153616905212,1e-04
0.49368348717689514,0.8846153616905212,1e-04
0.48988625407218933,0.8897435665130615,1e-04
0.4903266727924347,0.8769230842590332,1e-04
0.4834994673728943,0.8897435665130615,1e-04
0.4920537769794464,0.879487156867981,1e-04
0.503562867641449,0.8641025424003601,1e-04
0.4983706474304199,0.879487156867981,1e-04
0.4669705629348755,0.892307698726654,1e-04
0.5002768039703369,0.879487156867981,1e-04
0.5057255029678345,0.8974359035491943,1e-04
0.4994595944881439,0.8974359035491943,1e-04
0.5021456480026245,0.8974359035491943,1e-04
0.49163103103637695,0.8820512890815735,1e-04
0.49280837178230286,0.8948717713356018,1e-04
0.4742656648159027,0.8948717713356018,1e-04
0.4778309762477875,0.8846153616905212,1e-04
0.48673534393310547,0.8769230842590332,1e-04
0.49555090069770813,0.8846153616905212,1e-04
0.48014941811561584,0.8871794939041138,1e-04
0.4704083204269409,0.9025641083717346,1e-04
0.4730708599090576,0.9128205180168152,1e-04
0.4644370377063751,0.9102563858032227,1e-04
0.47227320075035095,0.8974359035491943,1e-04
0.4717158079147339,0.8948717713356018,1e-04
0.47961509227752686,0.8897435665130615,1e-04
0.4870918393135071,0.8871794939041138,1e-04
0.499465674161911,0.892307698726654,1e-04
0.4878069758415222,0.8743589520454407,1e-04
0.5001656413078308,0.892307698726654,1e-04
0.49074792861938477,0.8999999761581421,1e-04
0.5048850178718567,0.8897435665130615,1e-04
0.4845098555088043,0.9025641083717346,1e-04
0.4662599563598633,0.8948717713356018,1e-04
0.47923341393470764,0.9025641083717346,1e-04
0.47751516103744507,0.892307698726654,1e-04
0.47879114747047424,0.8846153616905212,1e-04
0.46712952852249146,0.8999999761581421,1e-04
0.48870763182640076,0.8871794939041138,1e-04
0.5004581809043884,0.8769230842590332,1e-04
0.4868396818637848,0.8974359035491943,1e-04
0.48120591044425964,0.8717948794364929,1e-04
0.46455222368240356,0.8897435665130615,1e-04
0.4884868860244751,0.8692307472229004,1e-04
0.4760734736919403,0.8897435665130615,1e-04
0.4579630196094513,0.8897435665130615,1e-04
0.4968179166316986,0.8717948794364929,1e-04
0.4818739593029022,0.892307698726654,1e-04
0.5013657212257385,0.8692307472229004,1e-04
0.47656139731407166,0.8897435665130615,1e-04
0.4776683449745178,0.8948717713356018,1e-04
0.47477421164512634,0.9051281809806824,1e-04
0.476701557636261,0.9076923131942749,1e-04
0.4843062162399292,0.8846153616905212,1e-04
0.4699825644493103,0.8948717713356018,1e-04
0.4633531868457794,0.9025641083717346,1e-04
0.45478495955467224,0.9128205180168152,1e-04
0.4732571840286255,0.9128205180168152,1e-04
0.4743032157421112,0.879487156867981,1e-04
0.4774404764175415,0.8974359035491943,1e-04
0.48016828298568726,0.8820512890815735,1e-04
0.48024988174438477,0.8820512890815735,1e-04
0.4699779748916626,0.8846153616905212,1e-04
0.4581995904445648,0.9076923131942749,1e-04
0.43767282366752625,0.9102563858032227,1e-04
0.45664113759994507,0.8974359035491943,1e-04
0.4634234607219696,0.8948717713356018,1e-04
0.4558042883872986,0.8974359035491943,1e-04
0.4583398401737213,0.8974359035491943,1e-04
0.4878399074077606,0.8897435665130615,1e-04
0.4857851564884186,0.8820512890815735,1e-04
0.4726268947124481,0.8974359035491943,1e-04
0.46316978335380554,0.8974359035491943,1e-04
0.47178682684898376,0.879487156867981,1e-04
0.4761088490486145,0.892307698726654,1e-04
0.4531663954257965,0.9076923131942749,1e-04
0.4564816653728485,0.9102563858032227,1e-04
0.46318262815475464,0.8999999761581421,1e-04
0.45806723833084106,0.9025641083717346,1e-04
0.4788840711116791,0.8897435665130615,1e-04
0.46173661947250366,0.8974359035491943,1e-04
0.4801579713821411,0.8948717713356018,1e-04
0.4739639163017273,0.8897435665130615,1e-04
0.45568281412124634,0.8999999761581421,1e-04
0.471741259098053,0.8974359035491943,1e-04
0.49489179253578186,0.879487156867981,1e-04
0.4690585434436798,0.8999999761581421,1e-04
0.46679210662841797,0.879487156867981,1e-04
0.45885875821113586,0.9025641083717346,1e-04
0.46054744720458984,0.8999999761581421,1e-04
0.46521005034446716,0.8897435665130615,1e-04
0.4649987518787384,0.8948717713356018,1e-04
0.4663226008415222,0.9051281809806824,1e-04
0.4642360210418701,0.8820512890815735,1e-04
0.4520302414894104,0.9051281809806824,1e-04
0.4657788872718811,0.8871794939041138,1e-04
0.4551178812980652,0.892307698726654,1e-04
0.5338998436927795,0.8743589520454407,1e-04
0.4832962453365326,0.8948717713356018,1e-04
0.5052273273468018,0.8743589520454407,1e-04
0.47448670864105225,0.8974359035491943,1e-04
0.47854962944984436,0.8820512890815735,1e-04
0.45123350620269775,0.8974359035491943,1e-04
0.44469329714775085,0.9307692050933838,1e-04
0.44314149022102356,0.9102563858032227,1e-04
0.457387238740921,0.8871794939041138,1e-04
0.45189252495765686,0.8948717713356018,1e-04
0.4577910602092743,0.9051281809806824,1e-04
0.4545011520385742,0.8999999761581421,1e-04
0.4487663507461548,0.8999999761581421,1e-04
0.44850796461105347,0.8974359035491943,1e-04
0.47691258788108826,0.9051281809806824,1e-04
0.46043822169303894,0.8871794939041138,1e-04
0.45168066024780273,0.9051281809806824,1e-04
0.4487614631652832,0.8820512890815735,1e-04
0.45216190814971924,0.9025641083717346,1e-04
0.45581188797950745,0.9102563858032227,1e-04
0.4555400609970093,0.9025641083717346,1e-04
0.4460947811603546,0.9051281809806824,1e-04
0.44471630454063416,0.9076923131942749,1e-04
0.440019428730011,0.9128205180168152,1e-04
0.4435148537158966,0.8974359035491943,1e-04
0.4522697925567627,0.8743589520454407,1e-04
0.44604921340942383,0.8974359035491943,1e-04
0.4492431581020355,0.9025641083717346,1e-04
0.4495517313480377,0.9025641083717346,1e-04
0.4539601504802704,0.9051281809806824,1e-04
0.45033904910087585,0.8948717713356018,1e-04
0.44092705845832825,0.9205127954483032,1e-04
0.47269487380981445,0.8948717713356018,1e-04
0.46390634775161743,0.8974359035491943,1e-04
0.4522654116153717,0.9128205180168152,1e-04
0.4403764009475708,0.9051281809806824,1e-04
0.44808822870254517,0.892307698726654,1e-04
0.46610134840011597,0.8999999761581421,1e-04
0.45074430108070374,0.892307698726654,1e-04
0.45013827085494995,0.9051281809806824,1e-04
0.45711392164230347,0.9076923131942749,1e-04
0.4308352470397949,0.9051281809806824,1e-04
0.456933856010437,0.8948717713356018,1e-04
0.45956724882125854,0.892307698726654,1e-04
0.4427480399608612,0.8999999761581421,1e-04
0.44450855255126953,0.9128205180168152,1e-04
0.46406319737434387,0.8974359035491943,1e-04
0.44990018010139465,0.8999999761581421,1e-04
0.44129079580307007,0.9128205180168152,1e-04
0.4455583095550537,0.9051281809806824,1e-04
0.4500454366207123,0.8948717713356018,1e-04
0.4390886723995209,0.9051281809806824,1e-04
0.4363120198249817,0.9051281809806824,1e-04
0.4405380189418793,0.9076923131942749,1e-04
0.46037107706069946,0.8999999761581421,1e-04
0.4491712152957916,0.9153845906257629,1e-04
0.43748939037323,0.9025641083717346,1e-04
0.43937399983406067,0.8948717713356018,1e-04
0.43599796295166016,0.9051281809806824,1e-04
0.4418172538280487,0.8999999761581421,1e-04
0.4314001202583313,0.9205127954483032,1e-04
0.46324121952056885,0.8999999761581421,1e-04
0.45032793283462524,0.892307698726654,1e-04
0.45447075366973877,0.892307698726654,1e-04
0.4381788671016693,0.9102563858032227,1e-04
0.4544432759284973,0.9128205180168152,1e-04
0.4498017430305481,0.8999999761581421,1e-04
0.44407856464385986,0.9102563858032227,1e-04
0.4498802423477173,0.9051281809806824,1e-04
0.4394172728061676,0.8974359035491943,1e-04
0.4336317777633667,0.9051281809806824,1e-04
0.44350868463516235,0.9025641083717346,1e-04
0.4395061731338501,0.892307698726654,1e-04
0.43873563408851624,0.8948717713356018,1e-04
0.4570803642272949,0.8846153616905212,1e-04
0.43700647354125977,0.8948717713356018,1e-04
0.42428046464920044,0.8999999761581421,1e-04
0.4562802016735077,0.9153845906257629,1e-04
0.44102582335472107,0.8948717713356018,1e-04
0.4471292495727539,0.9102563858032227,1e-04
0.42946648597717285,0.9076923131942749,1e-04
0.4307045042514801,0.9076923131942749,1e-04
0.42361322045326233,0.9076923131942749,1e-04
0.43780627846717834,0.9128205180168152,1e-04
0.4387910068035126,0.9025641083717346,1e-04
0.4239393472671509,0.9051281809806824,1e-04
0.4422321021556854,0.8974359035491943,1e-04
0.42071157693862915,0.9051281809806824,1e-04
0.43600913882255554,0.9025641083717346,1e-04
0.41491177678108215,0.9102563858032227,1e-04
0.4335591495037079,0.9076923131942749,1e-04
0.43773409724235535,0.9102563858032227,1e-04
0.41941675543785095,0.9153845906257629,1e-04
0.42383378744125366,0.9128205180168152,1e-04
0.4376381039619446,0.8999999761581421,1e-04
0.4503653645515442,0.9025641083717346,1e-04
0.43398424983024597,0.9205127954483032,1e-04
0.4375627934932709,0.9128205180168152,1e-04
0.43177729845046997,0.892307698726654,1e-04
0.4202668368816376,0.8999999761581421,1e-04
0.42909306287765503,0.9025641083717346,1e-04
0.42417097091674805,0.9076923131942749,1e-04
0.42544907331466675,0.9051281809806824,1e-04
0.43146079778671265,0.9025641083717346,1e-04
0.43621355295181274,0.9102563858032227,1e-04
0.4252781867980957,0.9076923131942749,1e-04
0.424351304769516,0.9076923131942749,1e-04
0.43940407037734985,0.8820512890815735,1e-04
0.43950212001800537,0.9025641083717346,1e-04
0.4264596700668335,0.928205132484436,1e-04
0.4448360204696655,0.9128205180168152,1e-04
0.4890599846839905,0.8846153616905212,1e-04
0.4541216194629669,0.892307698726654,1e-04
0.4452495872974396,0.9076923131942749,1e-04
0.41440221667289734,0.9102563858032227,1e-04
0.40970706939697266,0.9076923131942749,1e-04
0.41667917370796204,0.9102563858032227,1e-04
0.42475467920303345,0.9076923131942749,1e-04
0.4269305169582367,0.9179487228393555,1e-04
0.4235773980617523,0.9051281809806824,1e-04
0.43851158022880554,0.8948717713356018,1e-04
0.4246906638145447,0.8999999761581421,1e-04
0.4323868155479431,0.9051281809806824,1e-04
0.4400256872177124,0.8846153616905212,1e-04
0.4248582422733307,0.8974359035491943,1e-04
0.42694008350372314,0.8999999761581421,1e-04
0.43898695707321167,0.8999999761581421,1e-04
0.42386165261268616,0.9153845906257629,1e-04
0.4460448920726776,0.8871794939041138,1e-04
0.4177170991897583,0.9230769276618958,1e-04
0.42928600311279297,0.9076923131942749,1e-04
0.43105077743530273,0.9051281809806824,1e-04
0.4181530177593231,0.9128205180168152,1e-04
0.4106438159942627,0.9153845906257629,1e-04
0.4050026535987854,0.9051281809806824,1e-04
0.432107150554657,0.8948717713356018,1e-04
0.4244123101234436,0.9025641083717346,1e-04
0.42154958844184875,0.8974359035491943,1e-04
0.43415170907974243,0.8974359035491943,1e-04
0.42051857709884644,0.8974359035491943,1e-04
0.43494856357574463,0.9076923131942749,1e-04
0.42898088693618774,0.8999999761581421,1e-04
0.45331239700317383,0.8846153616905212,1e-04
0.4396049976348877,0.8999999761581421,1e-04
0.44230780005455017,0.9051281809806824,1e-04
0.4341377317905426,0.9102563858032227,1e-04
0.4257980287075043,0.9076923131942749,1e-04
0.435087651014328,0.9051281809806824,1e-04
0.43027499318122864,0.9076923131942749,1e-04
0.4234006404876709,0.9128205180168152,1e-04
0.4293465316295624,0.9179487228393555,1e-04
0.44019752740859985,0.9076923131942749,1e-04
0.5096260905265808,0.8717948794364929,1e-04
0.46743810176849365,0.8948717713356018,1e-04
0.448933482170105,0.892307698726654,1e-04
0.44023993611335754,0.892307698726654,1e-04
0.4165589511394501,0.9179487228393555,1e-04
0.41862958669662476,0.9256410002708435,1e-04
0.414559543132782,0.9051281809806824,1e-04
0.4317875802516937,0.9102563858032227,1e-04
0.4307495653629303,0.9128205180168152,1e-04
0.43134310841560364,0.9153845906257629,1e-04
0.4368676543235779,0.9076923131942749,1e-04
0.4218495190143585,0.9076923131942749,1e-04
0.42456915974617004,0.9051281809806824,1e-04
0.412837415933609,0.9076923131942749,1e-04
0.3966861367225647,0.9205127954483032,1e-04
0.40561965107917786,0.9205127954483032,1e-04
0.40162011981010437,0.9256410002708435,1e-04
0.41029584407806396,0.9205127954483032,1e-04
0.424630343914032,0.8871794939041138,1e-04
0.41412025690078735,0.9051281809806824,1e-04
0.42611098289489746,0.9128205180168152,1e-04
0.4062913954257965,0.9128205180168152,1e-04
0.40586015582084656,0.9051281809806824,1e-04
0.41994577646255493,0.8999999761581421,1e-04
0.42244040966033936,0.9025641083717346,1e-04
0.4189727306365967,0.892307698726654,1e-04
0.4353126585483551,0.8948717713356018,1e-04
0.4326639473438263,0.8974359035491943,1e-04
0.43056023120880127,0.9025641083717346,1e-04
0.41771405935287476,0.9025641083717346,1e-04
0.4393993318080902,0.8974359035491943,1e-04
0.42022696137428284,0.9025641083717346,1e-04
0.4251165986061096,0.8897435665130615,1e-04
0.4203876852989197,0.9051281809806824,1e-04
0.4118559956550598,0.8999999761581421,1e-04
0.4138922691345215,0.9051281809806824,1e-04
0.4054397642612457,0.9153845906257629,1e-04
0.41430148482322693,0.9051281809806824,1e-04
0.4095619022846222,0.9205127954483032,1e-04
0.42335185408592224,0.9076923131942749,1e-04
0.4093008041381836,0.9102563858032227,1e-04
0.4164629876613617,0.9025641083717346,1e-04
0.4342852532863617,0.892307698726654,1e-04
0.4148382246494293,0.9051281809806824,1e-04
0.3943891227245331,0.9256410002708435,1e-04
0.4120030403137207,0.9051281809806824,1e-04
0.41236287355422974,0.8974359035491943,1e-04
0.4162338376045227,0.9205127954483032,1e-04
0.39659208059310913,0.9128205180168152,1e-04
0.39465630054473877,0.9051281809806824,1e-04
0.4011186957359314,0.9076923131942749,1e-04
0.39843353629112244,0.9128205180168152,1e-04
0.4040150046348572,0.9128205180168152,1e-04
0.4263863265514374,0.892307698726654,1e-04
0.4219534993171692,0.8897435665130615,1e-04
0.4189131557941437,0.9102563858032227,1e-04
0.41332679986953735,0.9128205180168152,1e-04
0.44299617409706116,0.8974359035491943,1e-04
0.4313836395740509,0.892307698726654,1e-04
0.4076484739780426,0.9051281809806824,1e-04
0.402382493019104,0.9128205180168152,1e-04
0.4048710763454437,0.9153845906257629,1e-04
0.3934236168861389,0.9051281809806824,1e-04
0.3970659673213959,0.8999999761581421,1e-04
0.4054846465587616,0.9076923131942749,1e-04
0.3982979655265808,0.9179487228393555,1e-04
0.4133394658565521,0.8999999761581421,1e-04
0.4213670790195465,0.9102563858032227,1e-04
0.42732885479927063,0.9025641083717346,1e-04
0.40253475308418274,0.9128205180168152,1e-04
0.3946545422077179,0.9153845906257629,1e-04
0.38952234387397766,0.9153845906257629,1e-04
0.4071434736251831,0.8999999761581421,1e-04
0.3973619043827057,0.9205127954483032,1e-04
0.4059995114803314,0.8999999761581421,1e-04
0.41807791590690613,0.9076923131942749,1e-04
0.4445604085922241,0.8999999761581421,1e-04
0.4133080840110779,0.9205127954483032,1e-04
0.43051210045814514,0.9076923131942749,1e-04
0.4327954351902008,0.9128205180168152,1e-04
0.40502089262008667,0.892307698726654,1e-04
0.4138302505016327,0.8897435665130615,1e-04
0.405923068523407,0.9025641083717346,1e-04
0.4084586501121521,0.9051281809806824,1e-04
0.42584702372550964,0.8846153616905212,1e-04
0.4138602614402771,0.9102563858032227,1e-04
0.40701496601104736,0.9025641083717346,1e-04
0.40572667121887207,0.9051281809806824,1e-04
0.4046799838542938,0.9179487228393555,1e-04
0.4127238392829895,0.8999999761581421,1e-04
0.4069364070892334,0.9051281809806824,1e-04
0.4171079993247986,0.8897435665130615,1e-04
0.39557433128356934,0.9128205180168152,1e-04
0.4094574451446533,0.8948717713356018,1e-04
0.38513192534446716,0.9153845906257629,1e-04
0.3804369866847992,0.9179487228393555,1e-04
0.3934260904788971,0.9153845906257629,1e-04
0.40579062700271606,0.9128205180168152,1e-04
0.3881954848766327,0.9205127954483032,1e-04
0.40571218729019165,0.9102563858032227,1e-04
0.39452090859413147,0.8974359035491943,1e-04
0.406878262758255,0.8999999761581421,1e-04
0.3963826596736908,0.9153845906257629,1e-04
0.39471718668937683,0.9102563858032227,1e-04
0.4094192385673523,0.8974359035491943,1e-04
0.42167937755584717,0.8871794939041138,1e-04
0.41055184602737427,0.9230769276618958,1e-04
0.3974545896053314,0.9179487228393555,1e-04
0.3829885721206665,0.9179487228393555,1e-04
0.39333152770996094,0.9102563858032227,1e-04
0.4041127860546112,0.892307698726654,1e-04
0.39293617010116577,0.9102563858032227,1e-04
0.37681394815444946,0.9179487228393555,1e-04
0.39169570803642273,0.9076923131942749,1e-04
0.38543251156806946,0.9102563858032227,1e-04
0.39679354429244995,0.9153845906257629,1e-04
0.3936847150325775,0.9025641083717346,1e-04
0.3869572579860687,0.9179487228393555,1e-04
0.4135018289089203,0.9051281809806824,1e-04
0.3981761038303375,0.8999999761581421,1e-04
0.3970632553100586,0.9230769276618958,1e-04
0.41561436653137207,0.9102563858032227,1e-04
0.40283340215682983,0.9076923131942749,1e-04
0.3990723788738251,0.9358974099159241,1e-04
0.3834809958934784,0.9179487228393555,1e-04
0.3912574052810669,0.9076923131942749,1e-04
0.38304316997528076,0.9076923131942749,1e-04
0.38651198148727417,0.9076923131942749,1e-04
0.37329211831092834,0.9153845906257629,1e-04
0.4017437994480133,0.9051281809806824,1e-04
0.39629602432250977,0.8974359035491943,1e-04
0.3766660988330841,0.9051281809806824,1e-04
0.3932209014892578,0.8974359035491943,1e-04
0.42081418633461,0.9076923131942749,1e-04
0.4037839472293854,0.9205127954483032,1e-04
0.3986649215221405,0.9102563858032227,1e-04
0.39576083421707153,0.9230769276618958,1e-04
0.4006364941596985,0.9051281809806824,1e-04
0.4057524800300598,0.9102563858032227,1e-04
0.3993239104747772,0.9179487228393555,1e-04
0.3864409625530243,0.9076923131942749,1e-04
0.37189361453056335,0.9153845906257629,1e-04
0.38722676038742065,0.9102563858032227,1e-04
0.39320090413093567,0.9102563858032227,1e-04
0.3917686939239502,0.9230769276618958,1e-04
0.43307748436927795,0.9025641083717346,1e-04
0.38796135783195496,0.8999999761581421,1e-04
0.4067535698413849,0.8948717713356018,1e-04
0.38139578700065613,0.9153845906257629,1e-04
0.3887743353843689,0.9128205180168152,1e-04
0.38637441396713257,0.9051281809806824,1e-04
0.4083966314792633,0.9025641083717346,1e-04
0.4054338037967682,0.892307698726654,1e-04
0.3775409758090973,0.9205127954483032,1e-04
0.38249528408050537,0.9128205180168152,1e-04
0.3806653916835785,0.9051281809806824,1e-04
0.4044519364833832,0.9025641083717346,1e-04
0.38782915472984314,0.9205127954483032,1e-04
0.3993220925331116,0.9230769276618958,1e-04
0.4350961148738861,0.9025641083717346,1e-04
0.3961419463157654,0.9230769276618958,1e-04
0.3996135890483856,0.9205127954483032,1e-04
0.40264832973480225,0.9256410002708435,1e-04
0.3789752721786499,0.9179487228393555,1e-04
0.3783678412437439,0.9102563858032227,1e-04
0.3698243498802185,0.9153845906257629,1e-04
0.3946129083633423,0.8974359035491943,1e-04
0.3779841363430023,0.9307692050933838,1e-04
0.3676721751689911,0.9128205180168152,1e-04
0.38362568616867065,0.9256410002708435,1e-04
0.3872988522052765,0.9076923131942749,1e-04
0.37876492738723755,0.9128205180168152,1e-04
0.37488994002342224,0.9256410002708435,1e-04
0.37652388215065,0.9102563858032227,1e-04
0.39110225439071655,0.9051281809806824,1e-04
0.38959628343582153,0.9076923131942749,1e-04
0.40723317861557007,0.9128205180168152,1e-04
0.3955143988132477,0.8948717713356018,1e-04
0.38069799542427063,0.9256410002708435,1e-04
0.3814885914325714,0.9179487228393555,1e-04
0.39428335428237915,0.9179487228393555,1e-04
0.3915136456489563,0.9076923131942749,1e-04
0.4014946222305298,0.9025641083717346,1e-04
0.40769141912460327,0.9076923131942749,1e-04
0.39658457040786743,0.9051281809806824,1e-04
0.4287406802177429,0.8948717713356018,1e-04
0.4037305414676666,0.9025641083717346,1e-04
0.4011787474155426,0.928205132484436,1e-04
0.3752308487892151,0.9256410002708435,1e-04
0.39355558156967163,0.9051281809806824,1e-04
0.38179999589920044,0.9128205180168152,1e-04
0.37293416261672974,0.9051281809806824,1e-04
0.37137702107429504,0.9153845906257629,1e-04
0.3727758526802063,0.9256410002708435,1e-04
0.3726712465286255,0.9179487228393555,1e-04
0.36784347891807556,0.9128205180168152,1e-04
0.3722236156463623,0.9128205180168152,1e-04
0.3731684386730194,0.9230769276618958,1e-04
0.37043285369873047,0.8999999761581421,1e-04
0.3703520894050598,0.9153845906257629,1e-04
0.361953467130661,0.9153845906257629,1e-04
0.36525288224220276,0.9179487228393555,1e-04
0.3586443364620209,0.9205127954483032,1e-04
0.3722293972969055,0.9102563858032227,1e-04
0.37195923924446106,0.9230769276618958,1e-04
0.3689386546611786,0.9179487228393555,1e-04
0.3924318253993988,0.9153845906257629,1e-04
0.3903464674949646,0.9153845906257629,1e-04
0.38578861951828003,0.9025641083717346,1e-04
0.3667622208595276,0.9051281809806824,1e-04
0.3671060800552368,0.9153845906257629,1e-04
0.3740871846675873,0.9153845906257629,1e-04
0.4019627869129181,0.8974359035491943,1e-04
0.3772561848163605,0.9179487228393555,1e-04
0.38687148690223694,0.9051281809806824,1e-04
0.3887758255004883,0.9205127954483032,1e-04
0.38163140416145325,0.9230769276618958,1e-04
0.37595418095588684,0.9230769276618958,1e-04
0.36376503109931946,0.9205127954483032,1e-04
0.38870304822921753,0.9076923131942749,1e-04
0.36712124943733215,0.9076923131942749,1e-04
0.3781173825263977,0.9179487228393555,1e-04
0.4060921370983124,0.9025641083717346,1e-04
0.4023757576942444,0.8999999761581421,1e-04
0.36701691150665283,0.9179487228393555,1e-04
0.3794720470905304,0.9179487228393555,1e-04
0.3758648633956909,0.9153845906257629,1e-04
0.36167430877685547,0.9128205180168152,1e-04
0.3772626519203186,0.9205127954483032,1e-04
0.4089403450489044,0.9076923131942749,1e-04
0.39874452352523804,0.8974359035491943,1e-04
0.3834848403930664,0.9102563858032227,1e-04
0.39384064078330994,0.9230769276618958,1e-04
0.38740235567092896,0.9076923131942749,1e-04
0.39000385999679565,0.9128205180168152,1e-04
0.37791547179222107,0.9051281809806824,1e-04
0.3743135929107666,0.9179487228393555,1e-04
0.3752725422382355,0.9205127954483032,1e-04
0.3659365177154541,0.9256410002708435,1e-04
0.37978696823120117,0.9179487228393555,1e-04
0.41707170009613037,0.892307698726654,1e-04
0.4220910966396332,0.8948717713356018,1e-04
0.3971850574016571,0.9076923131942749,1e-04
0.3908681869506836,0.9256410002708435,1e-04
0.37339749932289124,0.9205127954483032,1e-04
0.3820157051086426,0.9128205180168152,1e-04
0.36131995916366577,0.9205127954483032,1e-04
0.37135380506515503,0.9051281809806824,1e-04
0.37679776549339294,0.9076923131942749,1e-04
0.3770345151424408,0.9102563858032227,1e-04
0.36971116065979004,0.9153845906257629,1e-04
0.37417927384376526,0.9179487228393555,1e-04
0.3793894052505493,0.9128205180168152,1e-04
0.3671189844608307,0.9205127954483032,1e-04
0.3568921983242035,0.9179487228393555,1e-04
0.3682388663291931,0.9153845906257629,1e-04
0.3691129684448242,0.9205127954483032,1e-04
0.38936516642570496,0.9025641083717346,1e-04
0.3734249472618103,0.9102563858032227,1e-04
0.3783488869667053,0.9230769276618958,1e-04
0.38718464970588684,0.9179487228393555,1e-04
