loss,accuracy,lr
0.7468833923339844,0.6700000166893005,0.001
0.4737032353878021,0.7599999904632568,0.001
0.33590275049209595,0.8600000143051147,0.001
0.24237783253192902,0.9100000262260437,0.001
0.22118614614009857,0.9200000166893005,0.001
0.18398259580135345,0.9399999976158142,0.001
0.14944837987422943,0.949999988079071,0.001
0.16164608299732208,0.9399999976158142,0.001
0.18154466152191162,0.9399999976158142,0.001
0.12609849870204926,0.9300000071525574,0.001
0.3221687972545624,0.8500000238418579,0.001
0.1922331005334854,0.9300000071525574,0.001
0.196733295917511,0.949999988079071,0.001
0.1345057636499405,0.9599999785423279,0.001
0.10928453505039215,0.9800000190734863,0.001
0.10358808189630508,0.9599999785423279,0.001
0.10478594899177551,0.9700000286102295,0.001
0.11494627594947815,0.9700000286102295,0.001
0.091419517993927,0.9599999785423279,0.001
0.07579222321510315,0.9800000190734863,0.001
0.0699939951300621,0.9900000095367432,0.001
0.04046180844306946,0.9900000095367432,0.001
0.05132649093866348,0.9700000286102295,0.001
0.020789043977856636,1.0,0.001
0.021871402859687805,0.9900000095367432,0.001
0.03882874920964241,0.9800000190734863,0.001
0.08212119340896606,0.949999988079071,0.001
0.13626539707183838,0.9599999785423279,0.001
0.06182888150215149,0.9800000190734863,0.001
0.06361456960439682,0.9900000095367432,0.001
0.14221197366714478,0.9399999976158142,0.001
0.04893558472394943,0.9900000095367432,0.001
0.06416848301887512,0.9900000095367432,0.001
0.06321144104003906,0.9900000095367432,0.001
0.0671766921877861,0.9800000190734863,0.00020000001
0.060996416956186295,0.9900000095367432,0.00020000001
0.03227550536394119,0.9800000190734863,0.00020000001
0.03418857604265213,0.9800000190734863,0.00020000001
0.047450076788663864,0.9900000095367432,0.00020000001
0.03801821917295456,0.9900000095367432,0.00020000001
0.015501724556088448,1.0,0.00020000001
0.11823227256536484,0.9700000286102295,0.00020000001
0.01910054124891758,1.0,0.00020000001
0.03011898510158062,0.9900000095367432,0.00020000001
0.0315852165222168,1.0,0.00020000001
0.038262031972408295,0.9900000095367432,0.00020000001
0.02223614975810051,1.0,0.00020000001
0.029267283156514168,1.0,0.00020000001
0.012796815484762192,1.0,0.00020000001
0.03819379583001137,0.9800000190734863,0.00020000001
0.014318802393972874,1.0,0.00020000001
0.046521931886672974,0.9900000095367432,0.00020000001
0.0251502376049757,1.0,0.00020000001
0.036438681185245514,0.9900000095367432,0.00020000001
0.019968850538134575,1.0,0.00020000001
0.018997283652424812,0.9900000095367432,0.00020000001
0.010766511783003807,1.0,0.00020000001
0.013593754731118679,1.0,0.00020000001
0.01666216552257538,1.0,0.00020000001
0.04333152249455452,0.9800000190734863,0.00020000001
0.007358035538345575,1.0,0.00020000001
0.007438393775373697,1.0,0.00020000001
0.012974774464964867,1.0,0.00020000001
0.005530572030693293,1.0,0.00020000001
0.016034554690122604,0.9900000095367432,0.00020000001
0.07055269926786423,0.9700000286102295,0.00020000001
0.0067502898164093494,1.0,0.00020000001
0.010941768065094948,1.0,0.00020000001
0.049270085990428925,0.9900000095367432,0.00020000001
0.006917468272149563,1.0,0.00020000001
0.02364361099898815,0.9900000095367432,0.00020000001
0.027163328602910042,0.9900000095367432,0.00020000001
0.017977898940443993,1.0,0.00020000001
0.008356020785868168,1.0,0.00020000001
0.027935480698943138,0.9900000095367432,1e-04
0.011351069435477257,1.0,1e-04
0.005577825475484133,1.0,1e-04
0.010285310447216034,1.0,1e-04
0.004406240303069353,1.0,1e-04
0.00801565870642662,1.0,1e-04
0.005580554716289043,1.0,1e-04
0.009474718011915684,1.0,1e-04
0.006094552110880613,1.0,1e-04
0.0053062899969518185,1.0,1e-04
0.004075424745678902,1.0,1e-04
0.0036402149125933647,1.0,1e-04
0.005048694554716349,1.0,1e-04
0.005373155698180199,1.0,1e-04
0.004014030564576387,1.0,1e-04
0.016108255833387375,0.9900000095367432,1e-04
0.012855379842221737,0.9900000095367432,1e-04
0.007005335763096809,1.0,1e-04
0.014807765372097492,1.0,1e-04
0.008593562990427017,1.0,1e-04
0.01820564828813076,1.0,1e-04
0.0063781593926250935,1.0,1e-04
0.007623645011335611,1.0,1e-04
0.00825350359082222,1.0,1e-04
0.00869281031191349,1.0,1e-04
0.0028926050290465355,1.0,1e-04
0.013188919052481651,0.9900000095367432,1e-04
0.004882206209003925,1.0,1e-04
0.0030944787431508303,1.0,1e-04
0.0028580864891409874,1.0,1e-04
0.002301469212397933,1.0,1e-04
0.00327893765643239,1.0,1e-04
0.0027264454402029514,1.0,1e-04
0.002323450054973364,1.0,1e-04
0.019977010786533356,0.9900000095367432,1e-04
0.002681614365428686,1.0,1e-04
0.006107463967055082,1.0,1e-04
0.012249457649886608,1.0,1e-04
0.006562241353094578,1.0,1e-04
0.02085758000612259,0.9900000095367432,1e-04
0.011714475229382515,1.0,1e-04
0.012552431784570217,1.0,1e-04
0.10888826102018356,0.9700000286102295,1e-04
0.005197400227189064,1.0,1e-04
0.008175205439329147,1.0,1e-04
0.011072635650634766,1.0,1e-04
0.008371969684958458,1.0,1e-04
0.015580331906676292,0.9900000095367432,1e-04
0.006011640653014183,1.0,1e-04
0.00830443948507309,1.0,1e-04
0.014154249802231789,0.9900000095367432,1e-04
0.003296026960015297,1.0,1e-04
0.018344257026910782,0.9900000095367432,1e-04
0.00934393610805273,1.0,1e-04
0.007533508352935314,1.0,1e-04
0.016802173107862473,1.0,1e-04
0.024215031415224075,0.9900000095367432,1e-04
0.010566177777945995,1.0,1e-04
0.010038760490715504,1.0,1e-04
0.008606224320828915,1.0,1e-04
0.009015332907438278,1.0,1e-04
0.00879356637597084,1.0,1e-04
0.007808728143572807,1.0,1e-04
0.00580697413533926,1.0,1e-04
0.0045296321623027325,1.0,1e-04
0.005879978649318218,1.0,1e-04
0.003856549970805645,1.0,1e-04
0.007809130009263754,1.0,1e-04
0.003840469988062978,1.0,1e-04
0.00392491277307272,1.0,1e-04
0.004792166408151388,1.0,1e-04
0.003555587027221918,1.0,1e-04
0.0035167529713362455,1.0,1e-04
0.0032584266737103462,1.0,1e-04
0.0021853786893188953,1.0,1e-04
0.0022555880714207888,1.0,1e-04
0.0024481299333274364,1.0,1e-04
0.002526087686419487,1.0,1e-04
0.006245063617825508,1.0,1e-04
0.0034160614013671875,1.0,1e-04
0.0020041456446051598,1.0,1e-04
0.00494394451379776,1.0,1e-04
0.0068020266480743885,1.0,1e-04
0.0038445759564638138,1.0,1e-04
0.0018000345444306731,1.0,1e-04
0.0031309097539633512,1.0,1e-04
0.003316395217552781,1.0,1e-04
0.0018016096437349916,1.0,1e-04
0.001740839914418757,1.0,1e-04
0.0015035498654469848,1.0,1e-04
0.001697646570391953,1.0,1e-04
0.001669841120019555,1.0,1e-04
0.011047606356441975,0.9900000095367432,1e-04
0.0016367178177461028,1.0,1e-04
0.002071544760838151,1.0,1e-04
0.0038466397672891617,1.0,1e-04
0.0025218555238097906,1.0,1e-04
0.002194924047216773,1.0,1e-04
0.0042558591812849045,1.0,1e-04
0.026660270988941193,0.9800000190734863,1e-04
0.0020318522583693266,1.0,1e-04
0.002980623859912157,1.0,1e-04
0.007254472933709621,1.0,1e-04
0.0072239660657942295,1.0,1e-04
0.006887578871101141,1.0,1e-04
0.008361659944057465,1.0,1e-04
0.005256079602986574,1.0,1e-04
0.003101431066170335,1.0,1e-04
0.0034851552918553352,1.0,1e-04
0.0068165455013513565,1.0,1e-04
0.007669683545827866,1.0,1e-04
0.0029283445328474045,1.0,1e-04
0.0020538331009447575,1.0,1e-04
0.0031710145995020866,1.0,1e-04
0.0016879417235031724,1.0,1e-04
0.0016032920684665442,1.0,1e-04
0.0032412379514425993,1.0,1e-04
0.0022153283935040236,1.0,1e-04
0.0014941260451450944,1.0,1e-04
0.002289754571393132,1.0,1e-04
0.0012168545508757234,1.0,1e-04
0.0010831543477252126,1.0,1e-04
0.0013980026124045253,1.0,1e-04
0.001797831035219133,1.0,1e-04
0.0020580103155225515,1.0,1e-04
0.001944868010468781,1.0,1e-04
0.0018847492756322026,1.0,1e-04
0.015239090658724308,0.9900000095367432,1e-04
0.0037332435604184866,1.0,1e-04
0.009632821194827557,1.0,1e-04
0.023794308304786682,0.9900000095367432,1e-04
0.022365426644682884,0.9900000095367432,1e-04
0.023496687412261963,0.9900000095367432,1e-04
0.013897296972572803,0.9900000095367432,1e-04
0.067287877202034,0.9599999785423279,1e-04
0.005517282523214817,1.0,1e-04
0.0026297655422240496,1.0,1e-04
0.004377108998596668,1.0,1e-04
0.008206531405448914,1.0,1e-04
0.008047293871641159,1.0,1e-04
0.002569917356595397,1.0,1e-04
0.005350340157747269,1.0,1e-04
0.002252053003758192,1.0,1e-04
0.0027573355473577976,1.0,1e-04
0.0033227335661649704,1.0,1e-04
0.0015803861897438765,1.0,1e-04
0.0016500054625794291,1.0,1e-04
0.0016532107256352901,1.0,1e-04
0.005803160835057497,1.0,1e-04
0.002284096088260412,1.0,1e-04
0.004353642463684082,1.0,1e-04
0.0018337194342166185,1.0,1e-04
0.0013413353590294719,1.0,1e-04
0.006609676871448755,1.0,1e-04
0.0037726692389696836,1.0,1e-04
0.0022290486376732588,1.0,1e-04
0.005051895510405302,1.0,1e-04
0.003988735843449831,1.0,1e-04
0.004936996381729841,1.0,1e-04
0.0026924284175038338,1.0,1e-04
0.054370950907468796,0.9800000190734863,1e-04
0.0027981088496744633,1.0,1e-04
0.005708059296011925,1.0,1e-04
0.002783144125714898,1.0,1e-04
0.008085220120847225,1.0,1e-04
0.0062980432994663715,1.0,1e-04
0.005437819287180901,1.0,1e-04
0.002548821968957782,1.0,1e-04
0.008459475822746754,1.0,1e-04
0.0017300621839240193,1.0,1e-04
0.004259961657226086,1.0,1e-04
0.0029499733354896307,1.0,1e-04
0.007284771651029587,1.0,1e-04
0.0034309106413275003,1.0,1e-04
0.0015157811576500535,1.0,1e-04
0.008740686811506748,1.0,1e-04
0.002173854736611247,1.0,1e-04
0.0015863064909353852,1.0,1e-04
0.0017208806239068508,1.0,1e-04
0.0016598824877291918,1.0,1e-04
0.02415257692337036,0.9900000095367432,1e-04
0.005124437157064676,1.0,1e-04
0.0029944193083792925,1.0,1e-04
0.006306047551333904,1.0,1e-04
0.01808106154203415,1.0,1e-04
0.008091243915259838,1.0,1e-04
0.003918707370758057,1.0,1e-04
0.008024842478334904,1.0,1e-04
0.0037583764642477036,1.0,1e-04
0.0025866511277854443,1.0,1e-04
0.0026301327161490917,1.0,1e-04
0.0036140091251581907,1.0,1e-04
0.05806848406791687,0.9900000095367432,1e-04
0.0021599645260721445,1.0,1e-04
0.006098839454352856,1.0,1e-04
0.01670375093817711,1.0,1e-04
0.021835410967469215,0.9900000095367432,1e-04
0.012270241975784302,1.0,1e-04
0.050137147307395935,0.9900000095367432,1e-04
0.00820095743983984,1.0,1e-04
0.008910199627280235,1.0,1e-04
0.014279655180871487,1.0,1e-04
0.010377701371908188,1.0,1e-04
0.011394497007131577,1.0,1e-04
0.00649033859372139,1.0,1e-04
0.005454901605844498,1.0,1e-04
0.0041082752868533134,1.0,1e-04
0.004909509792923927,1.0,1e-04
0.003793871495872736,1.0,1e-04
0.004165673162788153,1.0,1e-04
0.0029028188437223434,1.0,1e-04
0.015429843217134476,0.9900000095367432,1e-04
0.003300668904557824,1.0,1e-04
0.005393288563936949,1.0,1e-04
0.009798895567655563,1.0,1e-04
0.006994941271841526,1.0,1e-04
0.019914308562874794,0.9900000095367432,1e-04
0.004703022073954344,1.0,1e-04
0.00503459433093667,1.0,1e-04
0.0025630230084061623,1.0,1e-04
0.0025942211505025625,1.0,1e-04
0.003829626366496086,1.0,1e-04
0.0024763261899352074,1.0,1e-04
0.0023148744367063046,1.0,1e-04
0.005800072103738785,1.0,1e-04
0.0023846281692385674,1.0,1e-04
0.0030829317402094603,1.0,1e-04
0.0016532018780708313,1.0,1e-04
0.002774626947939396,1.0,1e-04
0.0029791234992444515,1.0,1e-04
0.002356782788410783,1.0,1e-04
0.0030034822411835194,1.0,1e-04
0.002482317155227065,1.0,1e-04
0.0024807839654386044,1.0,1e-04
0.0022378633730113506,1.0,1e-04
0.002412790199741721,1.0,1e-04
0.0011387714184820652,1.0,1e-04
0.009276836179196835,1.0,1e-04
0.0012530393432825804,1.0,1e-04
0.001658748253248632,1.0,1e-04
0.0036142149474471807,1.0,1e-04
0.004031996242702007,1.0,1e-04
0.0035574338398873806,1.0,1e-04
0.004072805400937796,1.0,1e-04
0.0015400865813717246,1.0,1e-04
0.001660409732721746,1.0,1e-04
0.0018983486806973815,1.0,1e-04
0.0016651658806949854,1.0,1e-04
0.002012372249737382,1.0,1e-04
0.0010507418774068356,1.0,1e-04
0.003054765984416008,1.0,1e-04
0.0010403329506516457,1.0,1e-04
0.001195677206851542,1.0,1e-04
0.002433661837130785,1.0,1e-04
0.0010898306500166655,1.0,1e-04
0.0008668472873978317,1.0,1e-04
0.0013470124686136842,1.0,1e-04
0.06918042153120041,0.9700000286102295,1e-04
0.009275886230170727,1.0,1e-04
0.009829521179199219,1.0,1e-04
0.018583472818136215,0.9900000095367432,1e-04
0.019049575552344322,1.0,1e-04
0.012831700034439564,1.0,1e-04
0.010360293090343475,1.0,1e-04
0.005166241899132729,1.0,1e-04
0.0031578324269503355,1.0,1e-04
0.0019926289096474648,1.0,1e-04
0.0031385153997689486,1.0,1e-04
0.0044862329959869385,1.0,1e-04
0.013011599890887737,0.9900000095367432,1e-04
0.0031889101956039667,1.0,1e-04
0.002832084894180298,1.0,1e-04
0.005408634431660175,1.0,1e-04
0.011265755631029606,1.0,1e-04
0.009472363628447056,1.0,1e-04
0.007512421812862158,1.0,1e-04
0.006161472760140896,1.0,1e-04
0.004257867578417063,1.0,1e-04
0.002339131897315383,1.0,1e-04
0.0015907358611002564,1.0,1e-04
0.0021172387059777975,1.0,1e-04
0.0018083809409290552,1.0,1e-04
0.0011602735612541437,1.0,1e-04
0.0014889235608279705,1.0,1e-04
0.0017874010372906923,1.0,1e-04
0.001023071352392435,1.0,1e-04
0.0015570205869153142,1.0,1e-04
0.001136830891482532,1.0,1e-04
0.0009503473411314189,1.0,1e-04
0.0016394216800108552,1.0,1e-04
0.0028512596618384123,1.0,1e-04
0.0017939385725185275,1.0,1e-04
0.002019102917984128,1.0,1e-04
0.002783849835395813,1.0,1e-04
0.0014573227381333709,1.0,1e-04
0.0022728978656232357,1.0,1e-04
0.004482405260205269,1.0,1e-04
0.0008925534202717245,1.0,1e-04
0.0011403060052543879,1.0,1e-04
0.00231766770593822,1.0,1e-04
0.000993599882349372,1.0,1e-04
0.0010323235765099525,1.0,1e-04
0.0011216318234801292,1.0,1e-04
0.0012794423382729292,1.0,1e-04
0.001244586892426014,1.0,1e-04
0.0007247047615237534,1.0,1e-04
0.0011098438408225775,1.0,1e-04
0.0013638634700328112,1.0,1e-04
0.0008606075425632298,1.0,1e-04
0.0016268226318061352,1.0,1e-04
0.001777484081685543,1.0,1e-04
0.0010438852477818727,1.0,1e-04
0.0005709454417228699,1.0,1e-04
0.0005846043932251632,1.0,1e-04
0.0014384810347110033,1.0,1e-04
0.001070394180715084,1.0,1e-04
0.0006297396030277014,1.0,1e-04
0.0008565547177568078,1.0,1e-04
0.0010967649286612868,1.0,1e-04
0.0005666642682626843,1.0,1e-04
0.0006180445780046284,1.0,1e-04
0.0011037577642127872,1.0,1e-04
0.0010399152524769306,1.0,1e-04
0.0005491328774951398,1.0,1e-04
0.0005165634793229401,1.0,1e-04
0.0007942732190713286,1.0,1e-04
0.0008979737758636475,1.0,1e-04
0.0006374263903126121,1.0,1e-04
0.002459457842633128,1.0,1e-04
0.000761525530833751,1.0,1e-04
0.0007624575519002974,1.0,1e-04
0.0006329870084300637,1.0,1e-04
0.0040091294795274734,1.0,1e-04
0.0015392597997561097,1.0,1e-04
0.0012627774849534035,1.0,1e-04
0.002977552358061075,1.0,1e-04
0.001463718363083899,1.0,1e-04
0.0012518727453425527,1.0,1e-04
0.0020597544498741627,1.0,1e-04
0.0011493389029055834,1.0,1e-04
0.0011656209826469421,1.0,1e-04
0.0007627609884366393,1.0,1e-04
0.0012665519025176764,1.0,1e-04
0.0007106693810783327,1.0,1e-04
0.0007353542605414987,1.0,1e-04
0.0008704522042535245,1.0,1e-04
0.0008250954560935497,1.0,1e-04
0.0012168632820248604,1.0,1e-04
0.0006691120797768235,1.0,1e-04
0.0006455495022237301,1.0,1e-04
0.0006576998275704682,1.0,1e-04
0.0015711745945736766,1.0,1e-04
0.0009076491114683449,1.0,1e-04
0.0005963236908428371,1.0,1e-04
0.0005304391961544752,1.0,1e-04
0.0007150037563405931,1.0,1e-04
0.0007011683192104101,1.0,1e-04
0.0007058063638396561,1.0,1e-04
0.000991968554444611,1.0,1e-04
0.0005953146028332412,1.0,1e-04
0.0006393779767677188,1.0,1e-04
0.0006420343997888267,1.0,1e-04
0.0008054765057750046,1.0,1e-04
0.0007625031284987926,1.0,1e-04
0.0009035487310029566,1.0,1e-04
0.0004916446632705629,1.0,1e-04
0.0004564335977192968,1.0,1e-04
0.0033394875936210155,1.0,1e-04
0.00044543136027641594,1.0,1e-04
0.0011628990760073066,1.0,1e-04
0.0009240249055437744,1.0,1e-04
0.0005901101976633072,1.0,1e-04
0.0004459029296413064,1.0,1e-04
0.0012332864571362734,1.0,1e-04
0.002739436225965619,1.0,1e-04
0.0007711057551205158,1.0,1e-04
0.0003823563747573644,1.0,1e-04
0.0004606338625308126,1.0,1e-04
0.0008940328843891621,1.0,1e-04
0.0003340438415762037,1.0,1e-04
0.00072565081063658,1.0,1e-04
0.0003975039580836892,1.0,1e-04
0.00042068265611305833,1.0,1e-04
0.0014087909366935492,1.0,1e-04
0.0003072243998758495,1.0,1e-04
0.0003985274233855307,1.0,1e-04
0.0006852045771665871,1.0,1e-04
0.0002781856164801866,1.0,1e-04
0.0020139836706221104,1.0,1e-04
0.0002809660800267011,1.0,1e-04
0.0007773595862090588,1.0,1e-04
0.0004923130618408322,1.0,1e-04
0.0005109053454361856,1.0,1e-04
0.0012987633235752583,1.0,1e-04
0.0006842382135801017,1.0,1e-04
0.0005572251393459737,1.0,1e-04
0.016327157616615295,0.9900000095367432,1e-04
0.06266150623559952,0.9700000286102295,1e-04
0.027986876666545868,0.9900000095367432,1e-04
0.028578808531165123,0.9900000095367432,1e-04
0.0713239461183548,0.9800000190734863,1e-04
0.02570330910384655,1.0,1e-04
0.04431876167654991,0.9800000190734863,1e-04
0.017424700781702995,1.0,1e-04
0.004812626168131828,1.0,1e-04
0.007510013412684202,1.0,1e-04
0.006512431427836418,1.0,1e-04
0.0047544194385409355,1.0,1e-04
0.001545151462778449,1.0,1e-04
0.0012704527471214533,1.0,1e-04
0.002096272772178054,1.0,1e-04
0.0011751269921660423,1.0,1e-04
0.0009200442582368851,1.0,1e-04
0.0008913361234590411,1.0,1e-04
0.00438653863966465,1.0,1e-04
0.0010311028454452753,1.0,1e-04
0.0007720729918219149,1.0,1e-04
0.0016330761136487126,1.0,1e-04
0.010959766805171967,0.9900000095367432,1e-04
0.006267024204134941,1.0,1e-04
0.010234998539090157,0.9900000095367432,1e-04
0.012948545627295971,0.9900000095367432,1e-04
0.0012540656607598066,1.0,1e-04
0.001289087231270969,1.0,1e-04
0.002069733804091811,1.0,1e-04
0.007005833555012941,1.0,1e-04
0.0008841832168400288,1.0,1e-04
0.0007484326488338411,1.0,1e-04
0.0010917005129158497,1.0,1e-04
0.001256796414963901,1.0,1e-04
0.0008870708988979459,1.0,1e-04
0.0011884750565513968,1.0,1e-04
0.0023323167115449905,1.0,1e-04
0.0008273999555967748,1.0,1e-04
0.000659195997286588,1.0,1e-04
0.000761058647185564,1.0,1e-04
0.001990505261346698,1.0,1e-04
0.0008545403252355754,1.0,1e-04
0.029219185933470726,0.9800000190734863,1e-04
0.0024074765387922525,1.0,1e-04
0.001977404346689582,1.0,1e-04
0.011380149982869625,1.0,1e-04
0.013305645436048508,1.0,1e-04
0.007972422987222672,1.0,1e-04
0.004416473675519228,1.0,1e-04
0.025516564026474953,0.9900000095367432,1e-04
0.001558164949528873,1.0,1e-04
0.001247298321686685,1.0,1e-04
0.0032896995544433594,1.0,1e-04
0.0020552619826048613,1.0,1e-04
0.0018179682083427906,1.0,1e-04
0.0020967067684978247,1.0,1e-04
0.003405553987249732,1.0,1e-04
0.01484818197786808,0.9900000095367432,1e-04
0.00199721846729517,1.0,1e-04
0.002892794320359826,1.0,1e-04
0.002441013464704156,1.0,1e-04
0.004525156691670418,1.0,1e-04
0.004582026042044163,1.0,1e-04
0.0026059236843138933,1.0,1e-04
0.005514422431588173,1.0,1e-04
0.0022303974255919456,1.0,1e-04
0.002191835083067417,1.0,1e-04
0.0030284281820058823,1.0,1e-04
0.019420303404331207,0.9900000095367432,1e-04
0.0013223354471847415,1.0,1e-04
0.0030083891469985247,1.0,1e-04
0.006335890851914883,1.0,1e-04
0.0031352173537015915,1.0,1e-04
0.0034516388550400734,1.0,1e-04
0.0030889231711626053,1.0,1e-04
0.018604228273034096,0.9900000095367432,1e-04
0.0011837841011583805,1.0,1e-04
0.0022314086090773344,1.0,1e-04
0.004886302165687084,1.0,1e-04
0.0018974712584167719,1.0,1e-04
0.0018936771666631103,1.0,1e-04
0.003271040040999651,1.0,1e-04
0.0031088641844689846,1.0,1e-04
0.006041595246642828,1.0,1e-04
0.010547894984483719,0.9900000095367432,1e-04
0.0009071530657820404,1.0,1e-04
0.004541806876659393,1.0,1e-04
0.005509097129106522,1.0,1e-04
0.008289802819490433,1.0,1e-04
0.013567876070737839,0.9900000095367432,1e-04
0.0209179874509573,0.9900000095367432,1e-04
0.0013288561021909118,1.0,1e-04
0.005733638536185026,1.0,1e-04
0.017955828458070755,0.9900000095367432,1e-04
0.022049162536859512,0.9900000095367432,1e-04
0.020044837146997452,0.9900000095367432,1e-04
0.020350923761725426,0.9900000095367432,1e-04
0.001978002954274416,1.0,1e-04
0.0028623491525650024,1.0,1e-04
0.0012964083580300212,1.0,1e-04
0.0008276851731352508,1.0,1e-04
0.0009216801845468581,1.0,1e-04
0.0009600738994777203,1.0,1e-04
0.0008832143503241241,1.0,1e-04
0.0008667151560075581,1.0,1e-04
0.0006944031920284033,1.0,1e-04
0.0010862600756809115,1.0,1e-04
0.0007918509654700756,1.0,1e-04
0.08046357333660126,0.9800000190734863,1e-04
0.0013359775766730309,1.0,1e-04
0.0016194176860153675,1.0,1e-04
0.0033481246791779995,1.0,1e-04
0.010694963857531548,1.0,1e-04
0.005876512732356787,1.0,1e-04
0.009629083797335625,1.0,1e-04
0.036943305283784866,0.9900000095367432,1e-04
0.01029427070170641,1.0,1e-04
0.014773517847061157,1.0,1e-04
0.012630417011678219,1.0,1e-04
0.010212637484073639,1.0,1e-04
0.006407380569726229,1.0,1e-04
0.0036834911443293095,1.0,1e-04
0.004677949473261833,1.0,1e-04
0.0017175020184367895,1.0,1e-04
0.0018089968943968415,1.0,1e-04
0.002368043176829815,1.0,1e-04
0.001839456264860928,1.0,1e-04
0.0028039102908223867,1.0,1e-04
0.0017861617961898446,1.0,1e-04
0.0018352881306782365,1.0,1e-04
0.0023841254878789186,1.0,1e-04
0.0026123947463929653,1.0,1e-04
0.001833791728131473,1.0,1e-04
0.0018279191572219133,1.0,1e-04
0.0022102706134319305,1.0,1e-04
0.0012619775952771306,1.0,1e-04
0.0011709597893059254,1.0,1e-04
0.0021515064872801304,1.0,1e-04
0.0012921754969283938,1.0,1e-04
0.0014521981356665492,1.0,1e-04
0.0013790999073535204,1.0,1e-04
0.0028594022151082754,1.0,1e-04
0.0008681503823027015,1.0,1e-04
0.0014934815699234605,1.0,1e-04
0.0017072021728381515,1.0,1e-04
0.0027851492632180452,1.0,1e-04
0.001043975935317576,1.0,1e-04
0.0009432195220142603,1.0,1e-04
0.004262309055775404,1.0,1e-04
0.0009514884441159666,1.0,1e-04
0.0007427568198181689,1.0,1e-04
0.0013247868046164513,1.0,1e-04
0.0009456213447265327,1.0,1e-04
0.0007622760604135692,1.0,1e-04
0.0008599544526077807,1.0,1e-04
0.0008904478745535016,1.0,1e-04
0.001104789087548852,1.0,1e-04
0.0009685325785540044,1.0,1e-04
0.0017103489954024553,1.0,1e-04
0.0028984262607991695,1.0,1e-04
0.0012749418383464217,1.0,1e-04
0.0006982003105804324,1.0,1e-04
0.0006254606414586306,1.0,1e-04
0.0006012216326780617,1.0,1e-04
0.0011785777751356363,1.0,1e-04
0.0005949329352006316,1.0,1e-04
0.0008127862238325179,1.0,1e-04
0.0006088588270358741,1.0,1e-04
0.0008060701075010002,1.0,1e-04
0.00047826170339249074,1.0,1e-04
0.0007566610584035516,1.0,1e-04
0.00044333917321637273,1.0,1e-04
0.0009930041851475835,1.0,1e-04
0.0004734921094495803,1.0,1e-04
0.004874959588050842,1.0,1e-04
0.00040693103801459074,1.0,1e-04
0.0005968349287286401,1.0,1e-04
0.0005153329111635685,1.0,1e-04
0.0010879709152504802,1.0,1e-04
0.0012925409246236086,1.0,1e-04
0.0017315468285232782,1.0,1e-04
0.0007408541277982295,1.0,1e-04
0.0005013890331611037,1.0,1e-04
0.0011956937378272414,1.0,1e-04
0.00233368668705225,1.0,1e-04
0.0005555730313062668,1.0,1e-04
0.0007319815922528505,1.0,1e-04
0.002550778677687049,1.0,1e-04
0.0005038522067479789,1.0,1e-04
0.0005557761178351939,1.0,1e-04
0.0010342381428927183,1.0,1e-04
0.0007055691094137728,1.0,1e-04
0.002761979354545474,1.0,1e-04
0.0005853070179000497,1.0,1e-04
0.0006939027225598693,1.0,1e-04
0.00048577465349808335,1.0,1e-04
0.0012630701530724764,1.0,1e-04
0.0005619401345029473,1.0,1e-04
0.0004890596610493958,1.0,1e-04
0.0011431764578446746,1.0,1e-04
0.0008050241158343852,1.0,1e-04
0.0004913179436698556,1.0,1e-04
0.00045211068936623633,1.0,1e-04
0.001733997487463057,1.0,1e-04
0.0005754824378527701,1.0,1e-04
0.0006586436065845191,1.0,1e-04
0.0013023485662415624,1.0,1e-04
0.00043336598901078105,1.0,1e-04
0.0005155220278538764,1.0,1e-04
0.0004817875160370022,1.0,1e-04
0.0016490077832713723,1.0,1e-04
0.0004658413818106055,1.0,1e-04
0.0008093814831227064,1.0,1e-04
0.0006578813772648573,1.0,1e-04
0.00281260977499187,1.0,1e-04
0.0019276239909231663,1.0,1e-04
0.0006002159207127988,1.0,1e-04
0.00029533918132074177,1.0,1e-04
0.001204059924930334,1.0,1e-04
0.00047269632341340184,1.0,1e-04
0.00033006080775521696,1.0,1e-04
0.0006676712073385715,1.0,1e-04
0.0010380656458437443,1.0,1e-04
0.0009962781332433224,1.0,1e-04
0.0016285560559481382,1.0,1e-04
0.0003738204250112176,1.0,1e-04
0.0002590330259408802,1.0,1e-04
0.0003344265278428793,1.0,1e-04
0.00027217520982958376,1.0,1e-04
0.0003285260172560811,1.0,1e-04
0.0003536107833497226,1.0,1e-04
0.0004832734412048012,1.0,1e-04
0.00037144572706893086,1.0,1e-04
0.000290149066131562,1.0,1e-04
0.0006252553430385888,1.0,1e-04
0.00023378359037451446,1.0,1e-04
0.0005593631649389863,1.0,1e-04
0.00021079822909086943,1.0,1e-04
0.0002547917247284204,1.0,1e-04
0.00026900923694483936,1.0,1e-04
0.0002688005333766341,1.0,1e-04
0.00020054978085681796,1.0,1e-04
0.00027415610384196043,1.0,1e-04
0.00022509967675432563,1.0,1e-04
0.0006785096484236419,1.0,1e-04
0.00020675429550465196,1.0,1e-04
0.0008575154934078455,1.0,1e-04
0.00020154993399046361,1.0,1e-04
0.0005560381105169654,1.0,1e-04
0.0002123526792274788,1.0,1e-04
0.00026921278913505375,1.0,1e-04
0.00021100742742419243,1.0,1e-04
0.00036646838998422027,1.0,1e-04
0.00033324051764793694,1.0,1e-04
0.00022942879877518862,1.0,1e-04
0.0009655242902226746,1.0,1e-04
0.0002205984783358872,1.0,1e-04
0.00019939185585826635,1.0,1e-04
0.0004184786230325699,1.0,1e-04
0.0006665103137493134,1.0,1e-04
0.0003147758252453059,1.0,1e-04
0.0003839578712359071,1.0,1e-04
0.0027551078237593174,1.0,1e-04
0.0004266489704605192,1.0,1e-04
0.0004639426479116082,1.0,1e-04
0.0005521001876331866,1.0,1e-04
0.0003336525405757129,1.0,1e-04
0.00339800794608891,1.0,1e-04
0.0002798660716507584,1.0,1e-04
0.0002369480353081599,1.0,1e-04
0.001135926810093224,1.0,1e-04
0.0022226013243198395,1.0,1e-04
0.000299841514788568,1.0,1e-04
0.0008505115401931107,1.0,1e-04
0.0003373443614691496,1.0,1e-04
0.0002963105798698962,1.0,1e-04
0.00045976712135598063,1.0,1e-04
0.001342077157460153,1.0,1e-04
0.0005393038736656308,1.0,1e-04
0.0007676284294575453,1.0,1e-04
0.0003241992380935699,1.0,1e-04
0.0012250333093106747,1.0,1e-04
0.00020382266666274518,1.0,1e-04
0.0003724886919371784,1.0,1e-04
0.0002607199130579829,1.0,1e-04
0.0007222053245641291,1.0,1e-04
0.0005151883233338594,1.0,1e-04
0.0004371899995021522,1.0,1e-04
0.00037213892210274935,1.0,1e-04
0.0001796767464838922,1.0,1e-04
0.0013688516337424517,1.0,1e-04
0.0005147563642822206,1.0,1e-04
0.0002270524564664811,1.0,1e-04
0.0003568052197806537,1.0,1e-04
0.0003008520870935172,1.0,1e-04
0.0011449609883129597,1.0,1e-04
0.00022642705880571157,1.0,1e-04
0.00022205484856385738,1.0,1e-04
0.000176950401510112,1.0,1e-04
0.0005215854034759104,1.0,1e-04
0.00023662261082790792,1.0,1e-04
0.00018629174155648798,1.0,1e-04
0.0003717039944604039,1.0,1e-04
0.0002765439567156136,1.0,1e-04
0.00017450196901336312,1.0,1e-04
0.012858893722295761,0.9900000095367432,1e-04
0.00048248787061311305,1.0,1e-04
0.0023028443101793528,1.0,1e-04
0.013977722264826298,1.0,1e-04
0.021808043122291565,0.9900000095367432,1e-04
0.006162551697343588,1.0,1e-04
0.002871018834412098,1.0,1e-04
0.001421967288479209,1.0,1e-04
0.00161327316891402,1.0,1e-04
0.0008537095272913575,1.0,1e-04
0.0022299615666270256,1.0,1e-04
0.0015913915121927857,1.0,1e-04
0.001041004084981978,1.0,1e-04
0.00043903739424422383,1.0,1e-04
0.0004383036866784096,1.0,1e-04
0.0003263497492298484,1.0,1e-04
0.0004897290491499007,1.0,1e-04
0.0008958596154116094,1.0,1e-04
0.00040562875801697373,1.0,1e-04
0.00035455540637485683,1.0,1e-04
0.0014086124720051885,1.0,1e-04
0.00047622277634218335,1.0,1e-04
0.00029754024581052363,1.0,1e-04
0.00046206757542677224,1.0,1e-04
0.00029585565789602697,1.0,1e-04
0.00026728573720902205,1.0,1e-04
0.00024874633527360857,1.0,1e-04
0.0007644168799743056,1.0,1e-04
0.00044063865789212286,1.0,1e-04
0.00047021356294862926,1.0,1e-04
0.00032604276202619076,1.0,1e-04
0.0003528594970703125,1.0,1e-04
0.00027819565730169415,1.0,1e-04
0.0004050515126436949,1.0,1e-04
0.00036480219569057226,1.0,1e-04
0.0002596190315671265,1.0,1e-04
0.00024081143783405423,1.0,1e-04
0.0005329078994691372,1.0,1e-04
0.0006651401054114103,1.0,1e-04
0.00028539690538309515,1.0,1e-04
0.00024441731511615217,1.0,1e-04
0.00047567032743245363,1.0,1e-04
0.0003215137985534966,1.0,1e-04
0.00028113400912843645,1.0,1e-04
0.00047559035010635853,1.0,1e-04
0.00809530634433031,0.9900000095367432,1e-04
0.0008332728757523,1.0,1e-04
0.009835589677095413,1.0,1e-04
0.03506289795041084,0.9900000095367432,1e-04
0.012007001787424088,1.0,1e-04
0.0021542957983911037,1.0,1e-04
0.00042681884951889515,1.0,1e-04
0.0007688783807680011,1.0,1e-04
0.0006303651607595384,1.0,1e-04
0.0012798469979315996,1.0,1e-04
0.0009181210189126432,1.0,1e-04
0.0014972829958423972,1.0,1e-04
0.0010223692515864968,1.0,1e-04
0.00044465914834290743,1.0,1e-04
0.0014279334573075175,1.0,1e-04
0.00029255455592647195,1.0,1e-04
0.00034459546441212296,1.0,1e-04
0.0009561008773744106,1.0,1e-04
0.000572162913158536,1.0,1e-04
0.0013284183805808425,1.0,1e-04
0.0007410608232021332,1.0,1e-04
0.00022802336025051773,1.0,1e-04
0.00031900181784294546,1.0,1e-04
0.00031765445601195097,1.0,1e-04
0.00020537360978778452,1.0,1e-04
0.00048725135275162756,1.0,1e-04
0.0002212839899584651,1.0,1e-04
0.0001871053100330755,1.0,1e-04
0.0002322103246115148,1.0,1e-04
0.0011255214922130108,1.0,1e-04
0.000323782442137599,1.0,1e-04
0.001274122390896082,1.0,1e-04
0.00022993773745838553,1.0,1e-04
0.00019717389659490436,1.0,1e-04
0.00021646684035658836,1.0,1e-04
0.00021613739954773337,1.0,1e-04
0.0002774062450043857,1.0,1e-04
0.0007275478565134108,1.0,1e-04
0.0007475800812244415,1.0,1e-04
0.00018811806512530893,1.0,1e-04
0.0001841565390350297,1.0,1e-04
0.00019818695727735758,1.0,1e-04
0.0001433099969290197,1.0,1e-04
0.0003525188658386469,1.0,1e-04
0.0010380638996139169,1.0,1e-04
0.00034534939914010465,1.0,1e-04
0.00012238435738254339,1.0,1e-04
0.00013806615606881678,1.0,1e-04
0.0006566616939380765,1.0,1e-04
0.0001575322385178879,1.0,1e-04
0.000610221060924232,1.0,1e-04
0.0002875212812796235,1.0,1e-04
0.00014438590733334422,1.0,1e-04
0.0006717595970258117,1.0,1e-04
0.00043421427835710347,1.0,1e-04
0.0001836993615143001,1.0,1e-04
0.000538419175427407,1.0,1e-04
0.000146842809044756,1.0,1e-04
0.00013327850319910794,1.0,1e-04
0.0001317106798524037,1.0,1e-04
0.00014799060591030866,1.0,1e-04
0.00010575234045973048,1.0,1e-04
0.00012947148934472352,1.0,1e-04
0.00019375752890482545,1.0,1e-04
0.00019326634355820715,1.0,1e-04
0.00026212804368697107,1.0,1e-04
0.00018053599342238158,1.0,1e-04
0.0002467431186232716,1.0,1e-04
0.0001100730150938034,1.0,1e-04
0.00016772415256127715,1.0,1e-04
0.0001965151313925162,1.0,1e-04
0.00010380982712376863,1.0,1e-04
0.00048709503607824445,1.0,1e-04
0.00010384722554590553,1.0,1e-04
9.258632780984044e-05,1.0,1e-04
0.0003433174279052764,1.0,1e-04
9.4429480668623e-05,1.0,1e-04
0.00011802031076513231,1.0,1e-04
0.00010979221406159922,1.0,1e-04
0.00012110303214285523,1.0,1e-04
0.00016010721446946263,1.0,1e-04
0.0001853638532338664,1.0,1e-04
0.00017260332242585719,1.0,1e-04
0.00010606076830299571,1.0,1e-04
0.00021958444267511368,1.0,1e-04
0.00011053880007239059,1.0,1e-04
9.855478856479749e-05,1.0,1e-04
0.0004416471056174487,1.0,1e-04
0.0006207214901223779,1.0,1e-04
0.00027080028667114675,1.0,1e-04
0.0011272116098552942,1.0,1e-04
0.00015831574273761362,1.0,1e-04
0.0002417044888716191,1.0,1e-04
0.0001730540388962254,1.0,1e-04
0.0001329033257206902,1.0,1e-04
0.00025139766512438655,1.0,1e-04
0.00037086810334585607,1.0,1e-04
0.00023856351617723703,1.0,1e-04
0.00014957363600842655,1.0,1e-04
0.00016166723798960447,1.0,1e-04
0.00011722651106538251,1.0,1e-04
0.000481546827359125,1.0,1e-04
0.00012757904187310487,1.0,1e-04
0.0001230038469657302,1.0,1e-04
0.0002077679382637143,1.0,1e-04
9.87807652563788e-05,1.0,1e-04
0.0001478865888202563,1.0,1e-04
0.0002445357386022806,1.0,1e-04
9.474241960560903e-05,1.0,1e-04
8.937745587900281e-05,1.0,1e-04
0.00014644104521721601,1.0,1e-04
9.44063940551132e-05,1.0,1e-04
0.0001507306151324883,1.0,1e-04
0.00010010050755226985,1.0,1e-04
9.20996826607734e-05,1.0,1e-04
9.94669389910996e-05,1.0,1e-04
0.00030431084451265633,1.0,1e-04
8.427009743172675e-05,1.0,1e-04
0.00015805382281541824,1.0,1e-04
9.214761666953564e-05,1.0,1e-04
0.00014666456263512373,1.0,1e-04
0.0001285220932913944,1.0,1e-04
0.00019384900224395096,1.0,1e-04
0.00025961495703086257,1.0,1e-04
0.0008388389833271503,1.0,1e-04
7.75355874793604e-05,1.0,1e-04
8.277838060166687e-05,1.0,1e-04
8.074369543464854e-05,1.0,1e-04
0.00031838734867051244,1.0,1e-04
8.808765414869413e-05,1.0,1e-04
0.0001650572376092896,1.0,1e-04
0.0001334163680439815,1.0,1e-04
7.531871960964054e-05,1.0,1e-04
9.958117152564228e-05,1.0,1e-04
0.00010946806287392974,1.0,1e-04
0.00028641708195209503,1.0,1e-04
0.000143130513606593,1.0,1e-04
8.065081783570349e-05,1.0,1e-04
7.909217674750835e-05,1.0,1e-04
0.0009761517285369337,1.0,1e-04
0.00013713189400732517,1.0,1e-04
9.934780246112496e-05,1.0,1e-04
0.00028616999043151736,1.0,1e-04
0.00020858511561527848,1.0,1e-04
0.00014749742695130408,1.0,1e-04
0.00012730524758808315,1.0,1e-04
0.00011594488023547456,1.0,1e-04
9.885363397188485e-05,1.0,1e-04
0.0003039320290554315,1.0,1e-04
8.882101974450052e-05,1.0,1e-04
0.0004113413451705128,1.0,1e-04
0.00012049480574205518,1.0,1e-04
0.00013615652278531343,1.0,1e-04
0.00014931903569959104,1.0,1e-04
0.00011931410699617118,1.0,1e-04
0.00012244824029039592,1.0,1e-04
9.479068103246391e-05,1.0,1e-04
8.348511619260535e-05,1.0,1e-04
9.947729995474219e-05,1.0,1e-04
0.0004359894955996424,1.0,1e-04
8.200094453059137e-05,1.0,1e-04
0.00023190287174656987,1.0,1e-04
0.004338625352829695,1.0,1e-04
0.0001690694480203092,1.0,1e-04
0.00018789657042361796,1.0,1e-04
0.0007748494390398264,1.0,1e-04
0.0016089421696960926,1.0,1e-04
0.003158719278872013,1.0,1e-04
0.0037566442042589188,1.0,1e-04
0.0007964366814121604,1.0,1e-04
0.0005304688820615411,1.0,1e-04
0.0009848461486399174,1.0,1e-04
0.0003759102546609938,1.0,1e-04
0.002456669695675373,1.0,1e-04
0.0002875447680708021,1.0,1e-04
0.00022965944663155824,1.0,1e-04
0.0007379983435384929,1.0,1e-04
0.00030282227089628577,1.0,1e-04
0.0008384986431337893,1.0,1e-04
0.0003567021049093455,1.0,1e-04
0.000211445614695549,1.0,1e-04
0.0008093728101812303,1.0,1e-04
0.011743859387934208,0.9900000095367432,1e-04
0.00012512656394392252,1.0,1e-04
0.0008641076856292784,1.0,1e-04
0.0070241475477814674,1.0,1e-04
0.010221839882433414,1.0,1e-04
0.02632998675107956,0.9900000095367432,1e-04
0.0030079835560172796,1.0,1e-04
0.0021067801862955093,1.0,1e-04
0.0018558269366621971,1.0,1e-04
0.0015270456206053495,1.0,1e-04
0.001797844422981143,1.0,1e-04
0.0009150932892225683,1.0,1e-04
0.0006385064334608614,1.0,1e-04
0.0009992411360144615,1.0,1e-04
0.0005877447547391057,1.0,1e-04
0.0007140765083022416,1.0,1e-04
0.010357198305428028,0.9900000095367432,1e-04
0.0013129519065842032,1.0,1e-04
0.04504205286502838,0.9800000190734863,1e-04
0.024652456864714622,0.9900000095367432,1e-04
0.009982101619243622,0.9900000095367432,1e-04
0.005062652286142111,1.0,1e-04
0.0018972984980791807,1.0,1e-04
0.005185178946703672,1.0,1e-04
0.004711183253675699,1.0,1e-04
0.0014868201687932014,1.0,1e-04
0.002280245069414377,1.0,1e-04
0.0014891658211126924,1.0,1e-04
0.0022090596612542868,1.0,1e-04
0.0015871964860707521,1.0,1e-04
0.0019677437376230955,1.0,1e-04
0.0009886492043733597,1.0,1e-04
0.0011400755029171705,1.0,1e-04
0.0012228681007400155,1.0,1e-04
0.00196821428835392,1.0,1e-04
0.0006300568347796798,1.0,1e-04
0.0006291642785072327,1.0,1e-04
0.00048774402239359915,1.0,1e-04
0.0018599131144583225,1.0,1e-04
0.001092259306460619,1.0,1e-04
0.0010181600227952003,1.0,1e-04
0.0007737422711215913,1.0,1e-04
0.0007405725191347301,1.0,1e-04
0.0013125790283083916,1.0,1e-04
0.00044688492198474705,1.0,1e-04
0.000696903036441654,1.0,1e-04
0.0008962440770119429,1.0,1e-04
0.0003986793744843453,1.0,1e-04
0.0003738874802365899,1.0,1e-04
0.0004924391978420317,1.0,1e-04
0.0011150285135954618,1.0,1e-04
0.0003679176443256438,1.0,1e-04
0.00046972083509899676,1.0,1e-04
0.0009387665777467191,1.0,1e-04
0.0008851538877934217,1.0,1e-04
0.000547758478205651,1.0,1e-04
0.0003765568835660815,1.0,1e-04
0.0004998206859454513,1.0,1e-04
0.00040006020572036505,1.0,1e-04
0.001525502186268568,1.0,1e-04
0.0005242699407972395,1.0,1e-04
0.00034594631870277226,1.0,1e-04
0.0007247941684909165,1.0,1e-04
0.0024077484849840403,1.0,1e-04
0.0015283034881576896,1.0,1e-04
0.000481071590911597,1.0,1e-04
0.00032951607136055827,1.0,1e-04
0.0006828316254541278,1.0,1e-04
0.0002989810600411147,1.0,1e-04
0.0002935230440925807,1.0,1e-04
0.0012013482628390193,1.0,1e-04
0.0002433237968944013,1.0,1e-04
0.00027329789008945227,1.0,1e-04
0.00017158061382360756,1.0,1e-04
0.00013685670273844153,1.0,1e-04
0.00034276090445928276,1.0,1e-04
0.0001745398185448721,1.0,1e-04
0.00017306530207861215,1.0,1e-04
0.0007557712378911674,1.0,1e-04
0.00032405887031927705,1.0,1e-04
0.0003703102411236614,1.0,1e-04
0.0003405107418075204,1.0,1e-04
0.00013783447502646595,1.0,1e-04
0.0001720777217997238,1.0,1e-04
0.0003239090438000858,1.0,1e-04
0.00017734568973537534,1.0,1e-04
0.0009573881980031729,1.0,1e-04
0.00012468546628952026,1.0,1e-04
0.0022252434864640236,1.0,1e-04
0.0003090405371040106,1.0,1e-04
0.000798596243839711,1.0,1e-04
0.00014041669783182442,1.0,1e-04
0.0002085313608404249,1.0,1e-04
0.00020491419127210975,1.0,1e-04
0.0008052584598772228,1.0,1e-04
0.0003864618483930826,1.0,1e-04
0.0002253603161079809,1.0,1e-04
0.00020837924967054278,1.0,1e-04
0.0004542892856989056,1.0,1e-04
0.0005184257170185447,1.0,1e-04
0.0037629338912665844,1.0,1e-04
0.00019353433162905276,1.0,1e-04
0.0001395569706801325,1.0,1e-04
0.00021337279758881778,1.0,1e-04
0.0002411603054497391,1.0,1e-04
0.0008362723747268319,1.0,1e-04
0.006544390227645636,1.0,1e-04
0.0003326278820168227,1.0,1e-04
0.01057361625134945,0.9900000095367432,1e-04
0.033281318843364716,0.9900000095367432,1e-04
0.013938355259597301,0.9900000095367432,1e-04
0.0027118048164993525,1.0,1e-04
0.0015687171835452318,1.0,1e-04
0.0011872048489749432,1.0,1e-04
0.001035036868415773,1.0,1e-04
0.0023092732299119234,1.0,1e-04
0.0012991389958187938,1.0,1e-04
0.001192175899632275,1.0,1e-04
0.000658893957734108,1.0,1e-04
0.0005955909728072584,1.0,1e-04
0.0017352155409753323,1.0,1e-04
0.00018847984028980136,1.0,1e-04
0.00014745119551662356,1.0,1e-04
0.00040617838385514915,1.0,1e-04
0.00016022300405893475,1.0,1e-04
0.0005084021831862628,1.0,1e-04
0.0005779717466793954,1.0,1e-04
0.0005938493995927274,1.0,1e-04
0.0003132455167360604,1.0,1e-04
0.001480164472013712,1.0,1e-04
0.0001699986751191318,1.0,1e-04
0.00021757386275567114,1.0,1e-04
0.0003501539758872241,1.0,1e-04
0.00041485592373646796,1.0,1e-04
0.0001238888071384281,1.0,1e-04
0.00018908311903942376,1.0,1e-04
0.0002084763691527769,1.0,1e-04
0.00021656753960996866,1.0,1e-04
0.0001467175461584702,1.0,1e-04
0.000316558318445459,1.0,1e-04
0.00012938956206198782,1.0,1e-04
0.00011394559260224923,1.0,1e-04
0.00011276083387201652,1.0,1e-04
0.00015608378453180194,1.0,1e-04
0.00021089469373691827,1.0,1e-04
0.0007382335024885833,1.0,1e-04
0.0006741823744960129,1.0,1e-04
0.0001569526648381725,1.0,1e-04
9.227139526046813e-05,1.0,1e-04
0.000585881236474961,1.0,1e-04
0.0391702763736248,0.9700000286102295,1e-04
0.0007877143216319382,1.0,1e-04
0.0016711029456928372,1.0,1e-04
0.008528565056622028,1.0,1e-04
0.007635073736310005,1.0,1e-04
0.010875185951590538,1.0,1e-04
0.00969656091183424,1.0,1e-04
0.0022315490059554577,1.0,1e-04
0.001854667323641479,1.0,1e-04
0.0013657072558999062,1.0,1e-04
0.0009860037826001644,1.0,1e-04
0.0008338586776517332,1.0,1e-04
0.0013203222770243883,1.0,1e-04
0.00428344402462244,1.0,1e-04
0.000858541636262089,1.0,1e-04
0.0011118180118501186,1.0,1e-04
0.0007297918782569468,1.0,1e-04
0.0005986460600979626,1.0,1e-04
0.0005612894892692566,1.0,1e-04
0.001213362906128168,1.0,1e-04
0.0014535512309521437,1.0,1e-04
0.000606300076469779,1.0,1e-04
0.0006042137974873185,1.0,1e-04
0.001961770700290799,1.0,1e-04
0.0007052131113596261,1.0,1e-04
0.000615467899478972,1.0,1e-04
0.0006274879560805857,1.0,1e-04
0.004821375943720341,1.0,1e-04
0.0012449207715690136,1.0,1e-04
0.0012128843227401376,1.0,1e-04
0.0021614935249090195,1.0,1e-04
0.0032494969200342894,1.0,1e-04
0.0011944969883188605,1.0,1e-04
0.0005112407961860299,1.0,1e-04
0.0005846332060173154,1.0,1e-04
0.0006697039352729917,1.0,1e-04
0.0011636648559942842,1.0,1e-04
0.00035982593544758856,1.0,1e-04
0.001382276532240212,1.0,1e-04
0.0016682244604453444,1.0,1e-04
0.0003957704466301948,1.0,1e-04
0.0005156684783287346,1.0,1e-04
0.0007681107381358743,1.0,1e-04
0.00024091900559142232,1.0,1e-04
0.0005454424535855651,1.0,1e-04
0.00026694481493905187,1.0,1e-04
0.0008553373627364635,1.0,1e-04
0.0012461182195693254,1.0,1e-04
0.00032585367443971336,1.0,1e-04
0.0010241257259622216,1.0,1e-04
0.0004541827365756035,1.0,1e-04
0.0003394239756744355,1.0,1e-04
0.0002641399623826146,1.0,1e-04
0.0005900165997445583,1.0,1e-04
0.0003450284420978278,1.0,1e-04
0.0004964551189914346,1.0,1e-04
0.0001980585657292977,1.0,1e-04
0.00036379657103680074,1.0,1e-04
0.00043248888687230647,1.0,1e-04
0.00033850118052214384,1.0,1e-04
0.0002108931657858193,1.0,1e-04
0.0003454497782513499,1.0,1e-04
0.0003547277592588216,1.0,1e-04
0.00023517296358477324,1.0,1e-04
0.00017769353871699423,1.0,1e-04
0.0004413180868141353,1.0,1e-04
0.00018247411935590208,1.0,1e-04
0.00027765880804508924,1.0,1e-04
0.0002678294840734452,1.0,1e-04
0.0003167289250995964,1.0,1e-04
0.00029687664937227964,1.0,1e-04
0.00020802261133212596,1.0,1e-04
0.002188380341976881,1.0,1e-04
0.0002500405826140195,1.0,1e-04
0.0002498106623534113,1.0,1e-04
0.000447605038061738,1.0,1e-04
0.0007028833497315645,1.0,1e-04
0.0011615054681897163,1.0,1e-04
0.001971231307834387,1.0,1e-04
0.0006792258936911821,1.0,1e-04
0.0013801200548186898,1.0,1e-04
0.000597385223954916,1.0,1e-04
0.0006110097747296095,1.0,1e-04
0.0006700750673189759,1.0,1e-04
0.00028429459780454636,1.0,1e-04
0.0002688236127141863,1.0,1e-04
0.00036808292497880757,1.0,1e-04
0.00016884211800061166,1.0,1e-04
0.0002378245408181101,1.0,1e-04
0.0003934704582206905,1.0,1e-04
0.0005657763103954494,1.0,1e-04
0.0005553748342208564,1.0,1e-04
0.0001406823139404878,1.0,1e-04
0.0003291980247013271,1.0,1e-04
0.00018981732137035578,1.0,1e-04
0.00046573870349675417,1.0,1e-04
0.00014976390230003744,1.0,1e-04
0.00019146260456182063,1.0,1e-04
0.00030533428071066737,1.0,1e-04
0.00014745094813406467,1.0,1e-04
0.0006513784755952656,1.0,1e-04
0.0001574047637404874,1.0,1e-04
0.00019516531028784811,1.0,1e-04
0.00023895043705124408,1.0,1e-04
0.00028135854518041015,1.0,1e-04
0.00012808627798222005,1.0,1e-04
0.0006233996828086674,1.0,1e-04
0.0001185313958558254,1.0,1e-04
0.0002099478297168389,1.0,1e-04
0.00016699379193596542,1.0,1e-04
0.00020786513050552458,1.0,1e-04
0.00011749798431992531,1.0,1e-04
0.00018813520728144795,1.0,1e-04
0.00015704883844591677,1.0,1e-04
0.00015874560631345958,1.0,1e-04
0.000231316385907121,1.0,1e-04
0.0001147202419815585,1.0,1e-04
0.0008353945449925959,1.0,1e-04
0.0001717628911137581,1.0,1e-04
0.00013322311860974878,1.0,1e-04
0.00012009220517938957,1.0,1e-04
0.0003898600989487022,1.0,1e-04
0.00012923961912747473,1.0,1e-04
0.00013528410636354238,1.0,1e-04
0.00021355027274694294,1.0,1e-04
0.0002885364228859544,1.0,1e-04
0.0004249116173014045,1.0,1e-04
0.00011625347542576492,1.0,1e-04
0.0004903936060145497,1.0,1e-04
0.00015241674554999918,1.0,1e-04
0.0002753834705799818,1.0,1e-04
0.00023830770805943757,1.0,1e-04
0.00012564068310894072,1.0,1e-04
0.0003741984546650201,1.0,1e-04
0.00012747810978908092,1.0,1e-04
0.00019641027029138058,1.0,1e-04
9.439925634069368e-05,1.0,1e-04
8.227779471781105e-05,1.0,1e-04
0.00010328925418434665,1.0,1e-04
9.877057891571894e-05,1.0,1e-04
0.0006311296601779759,1.0,1e-04
0.0003015727561432868,1.0,1e-04
8.12291182228364e-05,1.0,1e-04
0.00011492490739328787,1.0,1e-04
9.818495891522616e-05,1.0,1e-04
9.320788376498967e-05,1.0,1e-04
0.000363344035577029,1.0,1e-04
9.458359272684902e-05,1.0,1e-04
0.00022980970970820636,1.0,1e-04
0.0002633563708513975,1.0,1e-04
7.371665560640395e-05,1.0,1e-04
0.00016578560462221503,1.0,1e-04
9.467312338529155e-05,1.0,1e-04
7.625709986314178e-05,1.0,1e-04
8.078741666395217e-05,1.0,1e-04
8.85606714291498e-05,1.0,1e-04
0.0001557850046083331,1.0,1e-04
7.116943743312731e-05,1.0,1e-04
8.006083953659981e-05,1.0,1e-04
0.0003260285302530974,1.0,1e-04
0.00014200183795765042,1.0,1e-04
8.037840598262846e-05,1.0,1e-04
0.00014568456390406936,1.0,1e-04
0.00012028589117107913,1.0,1e-04
6.218202179297805e-05,1.0,1e-04
0.00012255075853317976,1.0,1e-04
9.986077202484012e-05,1.0,1e-04
0.0002526953467167914,1.0,1e-04
0.00014658676809631288,1.0,1e-04
8.81732048583217e-05,1.0,1e-04
7.331215601880103e-05,1.0,1e-04
0.0001330943632638082,1.0,1e-04
0.00023957948724273592,1.0,1e-04
0.00014271073450800031,1.0,1e-04
0.00015450629871338606,1.0,1e-04
0.00017336058954242617,1.0,1e-04
8.007323049241677e-05,1.0,1e-04
5.6980454246513546e-05,1.0,1e-04
8.118101686704904e-05,1.0,1e-04
0.0001447812537662685,1.0,1e-04
0.00010118363570654765,1.0,1e-04
7.322597957681865e-05,1.0,1e-04
0.05408283323049545,0.9700000286102295,1e-04
0.04031416401267052,0.9900000095367432,1e-04
0.007891934365034103,1.0,1e-04
0.0659867376089096,0.9800000190734863,1e-04
0.022602463141083717,1.0,1e-04
0.013071734458208084,1.0,1e-04
0.007472340948879719,1.0,1e-04
0.007520266808569431,1.0,1e-04
0.005945907905697823,1.0,1e-04
0.004787575453519821,1.0,1e-04
0.002824620809406042,1.0,1e-04
0.002287539653480053,1.0,1e-04
0.0027194523718208075,1.0,1e-04
0.0028046532534062862,1.0,1e-04
0.001500081387348473,1.0,1e-04
0.0016389322699978948,1.0,1e-04
0.00206439639441669,1.0,1e-04
0.002049352740868926,1.0,1e-04
0.0011323087383061647,1.0,1e-04
0.0012326608411967754,1.0,1e-04
0.0019005596404895186,1.0,1e-04
0.0011139451526105404,1.0,1e-04
0.0009553565760143101,1.0,1e-04
0.0009336344082839787,1.0,1e-04
0.0011933960486203432,1.0,1e-04
0.0008862492977641523,1.0,1e-04
0.001928532961755991,1.0,1e-04
0.001157380291260779,1.0,1e-04
0.0007771814707666636,1.0,1e-04
0.0008745200466364622,1.0,1e-04
0.000648047833237797,1.0,1e-04
0.0011828925926238298,1.0,1e-04
0.0008912824559956789,1.0,1e-04
0.0005923904245719314,1.0,1e-04
0.001078165601938963,1.0,1e-04
0.00062704918673262,1.0,1e-04
0.0005840875674039125,1.0,1e-04
0.0007453460129909217,1.0,1e-04
0.0008880881941877306,1.0,1e-04
0.001783657120540738,1.0,1e-04
0.0009634366724640131,1.0,1e-04
0.0006926701753400266,1.0,1e-04
0.0006320558022707701,1.0,1e-04
0.0007091214647516608,1.0,1e-04
0.0006862906157039106,1.0,1e-04
0.0006348267779685557,1.0,1e-04
0.004351354669779539,1.0,1e-04
0.0005151123041287065,1.0,1e-04
0.0005824707914143801,1.0,1e-04
0.0005034467321820557,1.0,1e-04
0.0005929030012339354,1.0,1e-04
0.000683777267113328,1.0,1e-04
0.0006044824258424342,1.0,1e-04
0.0006222010124474764,1.0,1e-04
0.0006592423305846751,1.0,1e-04
0.0010018525645136833,1.0,1e-04
0.0007865263032726943,1.0,1e-04
0.0011639095610007644,1.0,1e-04
0.0006323666893877089,1.0,1e-04
0.0007349554216489196,1.0,1e-04
0.001830544788390398,1.0,1e-04
0.0005091291386634111,1.0,1e-04
0.00032937765354290605,1.0,1e-04
0.0011761763598769903,1.0,1e-04
0.0004671983770094812,1.0,1e-04
0.0003311762702651322,1.0,1e-04
0.0004561180539894849,1.0,1e-04
0.0013192103942856193,1.0,1e-04
0.0006355197983793914,1.0,1e-04
0.0006540793110616505,1.0,1e-04
0.0002955511154141277,1.0,1e-04
0.0004907133989036083,1.0,1e-04
0.00022708650794811547,1.0,1e-04
0.0004712394147645682,1.0,1e-04
0.00023757810413371772,1.0,1e-04
0.0005309225525707006,1.0,1e-04
0.0002803226816467941,1.0,1e-04
0.0003150571428705007,1.0,1e-04
0.00026885277475230396,1.0,1e-04
0.00019357014389242977,1.0,1e-04
0.000305710214888677,1.0,1e-04
0.00030870019691064954,1.0,1e-04
0.0005785697139799595,1.0,1e-04
0.0002359648933634162,1.0,1e-04
0.00030260818311944604,1.0,1e-04
0.0013229050673544407,1.0,1e-04
0.000416516704717651,1.0,1e-04
0.00029892902239225805,1.0,1e-04
0.00013804690388496965,1.0,1e-04
0.00014639268920291215,1.0,1e-04
0.00016776150732766837,1.0,1e-04
0.00030530052026733756,1.0,1e-04
0.00034599335049279034,1.0,1e-04
0.00031157847843132913,1.0,1e-04
0.00022975646425038576,1.0,1e-04
0.0003176651953253895,1.0,1e-04
0.0002577437844593078,1.0,1e-04
0.0001414849830325693,1.0,1e-04
0.002493602456524968,1.0,1e-04
0.0005148219061084092,1.0,1e-04
0.0006731159519404173,1.0,1e-04
0.001289423438720405,1.0,1e-04
0.001146883936598897,1.0,1e-04
0.0006125065847299993,1.0,1e-04
0.0005043587298132479,1.0,1e-04
0.0004776948189828545,1.0,1e-04
0.0008282937342301011,1.0,1e-04
0.001283142832107842,1.0,1e-04
0.00038758397568017244,1.0,1e-04
0.0003806251916103065,1.0,1e-04
0.00027029469492845237,1.0,1e-04
0.001186804729513824,1.0,1e-04
0.0002882744593080133,1.0,1e-04
0.000669117784127593,1.0,1e-04
0.00023927618167363107,1.0,1e-04
0.0002723810903262347,1.0,1e-04
0.0002336539764655754,1.0,1e-04
0.00037155632162466645,1.0,1e-04
0.00033890895429067314,1.0,1e-04
0.00035957395448349416,1.0,1e-04
0.0003315232752356678,1.0,1e-04
0.0001886435056803748,1.0,1e-04
0.00017665894120000303,1.0,1e-04
0.0001763747859513387,1.0,1e-04
0.000220954287215136,1.0,1e-04
0.00021864354494027793,1.0,1e-04
0.0001627327292226255,1.0,1e-04
0.001930974773131311,1.0,1e-04
0.00011623042519204319,1.0,1e-04
0.0001942395610967651,1.0,1e-04
0.00025759838172234595,1.0,1e-04
0.0003331522166263312,1.0,1e-04
0.0006938218139111996,1.0,1e-04
0.00027769862208515406,1.0,1e-04
0.00044374645221978426,1.0,1e-04
0.0003416243998799473,1.0,1e-04
0.0002349628193769604,1.0,1e-04
0.03197367489337921,0.9800000190734863,1e-04
0.000558473402634263,1.0,1e-04
0.03649209812283516,0.9900000095367432,1e-04
0.028048718348145485,0.9900000095367432,1e-04
0.004583169240504503,1.0,1e-04
0.004037982318550348,1.0,1e-04
0.006646935362368822,1.0,1e-04
0.0029740070458501577,1.0,1e-04
0.0015825236914679408,1.0,1e-04
0.006216511595994234,1.0,1e-04
0.001800676342099905,1.0,1e-04
0.0028466014191508293,1.0,1e-04
0.005096143111586571,1.0,1e-04
0.0027918138075619936,1.0,1e-04
0.0012805425794795156,1.0,1e-04
0.005704416427761316,1.0,1e-04
0.004158372990787029,1.0,1e-04
0.0007969410507939756,1.0,1e-04
0.0038308589719235897,1.0,1e-04
0.0030041737481951714,1.0,1e-04
0.016124216839671135,0.9900000095367432,1e-04
0.0013152160681784153,1.0,1e-04
0.019296251237392426,0.9900000095367432,1e-04
0.0022292928770184517,1.0,1e-04
0.002301114145666361,1.0,1e-04
0.004807093646377325,1.0,1e-04
0.015185252763330936,1.0,1e-04
0.002706511877477169,1.0,1e-04
0.004288911819458008,1.0,1e-04
