loss,accuracy,lr
1.8378355503082275,0.47200000286102295,0.001
0.7944682240486145,0.7900000214576721,0.001
0.5446879267692566,0.8259999752044678,0.001
0.44490307569503784,0.8619999885559082,0.001
0.38342419266700745,0.8759999871253967,0.001
0.32419607043266296,0.8960000276565552,0.001
0.2761451303958893,0.9039999842643738,0.001
0.21761995553970337,0.9440000057220459,0.001
0.1794867068529129,0.9440000057220459,0.001
0.17805378139019012,0.9399999976158142,0.001
0.17598170042037964,0.9399999976158142,0.001
0.182932049036026,0.9480000138282776,0.001
0.16803066432476044,0.9419999718666077,0.001
0.13178418576717377,0.9620000123977661,0.001
0.12751971185207367,0.9660000205039978,0.001
0.10692543536424637,0.9700000286102295,0.001
0.10115788877010345,0.9700000286102295,0.001
0.1079026535153389,0.9679999947547913,0.001
0.1413322538137436,0.9480000138282776,0.001
0.11942845582962036,0.9639999866485596,0.001
0.11744166165590286,0.9480000138282776,0.001
0.08054370433092117,0.9760000109672546,0.001
0.0804932489991188,0.9760000109672546,0.001
0.057227108627557755,0.9879999756813049,0.001
0.05332043021917343,0.984000027179718,0.001
0.102137491106987,0.9599999785423279,0.001
0.06954888999462128,0.9800000190734863,0.001
0.0831034705042839,0.9660000205039978,0.001
0.06249363347887993,0.9860000014305115,0.001
0.0454232357442379,0.9879999756813049,0.001
0.03992076963186264,0.9900000095367432,0.001
0.028762100264430046,0.9919999837875366,0.001
0.02926066145300865,0.9940000176429749,0.001
0.02812880463898182,0.9959999918937683,0.001
0.060956161469221115,0.9779999852180481,0.001
0.0728474035859108,0.972000002861023,0.001
0.0509677492082119,0.9900000095367432,0.001
0.04179670661687851,0.9860000014305115,0.001
0.03597339987754822,0.9879999756813049,0.001
0.030111700296401978,0.9900000095367432,0.001
0.057174768298864365,0.9860000014305115,0.001
0.024925677105784416,0.9940000176429749,0.001
0.014774419367313385,0.9980000257492065,0.001
0.01223311759531498,1.0,0.001
0.00871885847300291,1.0,0.001
0.0075334240682423115,1.0,0.001
0.010189948603510857,0.9959999918937683,0.001
0.0053127179853618145,1.0,0.001
0.005925818812102079,1.0,0.001
0.005980000831186771,1.0,0.001
0.006440007593482733,1.0,0.001
0.009842070750892162,0.9980000257492065,0.001
0.005098302382975817,1.0,0.001
0.004712500609457493,1.0,0.001
0.00458779651671648,1.0,0.001
0.005395387299358845,1.0,0.001
0.00593885313719511,1.0,0.001
0.0032258289866149426,1.0,0.001
0.0029939101077616215,1.0,0.001
0.00277864676900208,1.0,0.001
0.0027257928159087896,1.0,0.001
0.002283151261508465,1.0,0.001
0.00309243006631732,1.0,0.001
0.0015507732750847936,1.0,0.001
0.003255107905715704,1.0,0.001
0.0016762996092438698,1.0,0.001
0.002623380860313773,1.0,0.001
0.0013642020057886839,1.0,0.001
0.013301271945238113,0.9959999918937683,0.001
0.012152660638093948,0.9980000257492065,0.001
0.05937161296606064,0.984000027179718,0.001
0.06784747540950775,0.9779999852180481,0.001
0.11496967822313309,0.9660000205039978,0.001
0.11003880202770233,0.9599999785423279,0.001
0.07165796309709549,0.984000027179718,0.001
0.07654327899217606,0.9760000109672546,0.001
0.09853217005729675,0.9580000042915344,0.001
0.08118502795696259,0.9760000109672546,0.001
0.047838859260082245,0.9919999837875366,0.00020000001
0.022616760805249214,0.9959999918937683,0.00020000001
0.01654260978102684,1.0,0.00020000001
0.011499866843223572,1.0,0.00020000001
0.00864965096116066,1.0,0.00020000001
0.0070685772225260735,1.0,0.00020000001
0.007113603409379721,1.0,0.00020000001
0.00792781449854374,1.0,0.00020000001
0.006315735634416342,1.0,0.00020000001
0.006151615176349878,1.0,0.00020000001
0.005515678320080042,1.0,1e-04
0.005148788448423147,1.0,1e-04
0.007173060439527035,1.0,1e-04
0.004935137927532196,1.0,1e-04
0.008042288944125175,1.0,1e-04
0.004958346486091614,1.0,1e-04
0.010492973029613495,0.9980000257492065,1e-04
0.004336460027843714,1.0,1e-04
0.0061793699860572815,1.0,1e-04
0.0037053755950182676,1.0,1e-04
0.004180356860160828,1.0,1e-04
0.005011986941099167,1.0,1e-04
0.002818985376507044,1.0,1e-04
0.003378331894055009,1.0,1e-04
0.005384017713367939,0.9980000257492065,1e-04
0.003998010419309139,1.0,1e-04
0.004662801511585712,1.0,1e-04
0.0042283665388822556,1.0,1e-04
0.003446744754910469,1.0,1e-04
0.004708355758339167,1.0,1e-04
0.002882925095036626,1.0,1e-04
0.0044690328650176525,1.0,1e-04
0.0033341702073812485,1.0,1e-04
0.0025990954600274563,1.0,1e-04
0.003006815444678068,1.0,1e-04
0.004262098111212254,1.0,1e-04
0.0036771027371287346,1.0,1e-04
0.0027204223442822695,1.0,1e-04
0.0022777377162128687,1.0,1e-04
0.0024062301963567734,1.0,1e-04
0.002438764087855816,1.0,1e-04
0.0032194897066801786,1.0,1e-04
0.002447341103106737,1.0,1e-04
0.003216519020497799,1.0,1e-04
0.0040608420968055725,1.0,1e-04
0.002204712014645338,1.0,1e-04
0.0028395680710673332,1.0,1e-04
0.0021008469630032778,1.0,1e-04
0.0033974754624068737,1.0,1e-04
0.00217673322185874,1.0,1e-04
0.0026898388750851154,1.0,1e-04
0.0035169802140444517,1.0,1e-04
0.0020536091178655624,1.0,1e-04
0.0024937635753303766,1.0,1e-04
0.0021522382739931345,1.0,1e-04
0.002873194171115756,1.0,1e-04
0.002250667894259095,1.0,1e-04
0.003005903447046876,1.0,1e-04
0.0041185226291418076,1.0,1e-04
0.001525270170532167,1.0,1e-04
0.00466960621997714,1.0,1e-04
0.0017473340267315507,1.0,1e-04
0.0028552389703691006,1.0,1e-04
0.00230732886120677,1.0,1e-04
0.0018903344171121716,1.0,1e-04
0.00251700053922832,1.0,1e-04
0.00204746937379241,1.0,1e-04
0.0016940855421125889,1.0,1e-04
0.0022624037228524685,1.0,1e-04
0.001768247107975185,1.0,1e-04
0.0020696716383099556,1.0,1e-04
0.0021142703481018543,1.0,1e-04
0.0023872284218668938,1.0,1e-04
0.002547080861404538,1.0,1e-04
0.0016336956759914756,1.0,1e-04
0.0018106927163898945,1.0,1e-04
0.002280175220221281,1.0,1e-04
0.0015530160162597895,1.0,1e-04
0.001865156926214695,1.0,1e-04
0.00133156543597579,1.0,1e-04
0.0011597697157412767,1.0,1e-04
0.003163297427818179,1.0,1e-04
0.0013718726113438606,1.0,1e-04
0.0015679777134209871,1.0,1e-04
0.001249701832421124,1.0,1e-04
0.001353622181341052,1.0,1e-04
0.0017559943953529,1.0,1e-04
0.0015543254557996988,1.0,1e-04
0.0010886398376896977,1.0,1e-04
0.001764678512699902,1.0,1e-04
0.001977904699742794,1.0,1e-04
0.0015079759759828448,1.0,1e-04
0.0017414584290236235,1.0,1e-04
0.00119880773127079,1.0,1e-04
0.0013483542716130614,1.0,1e-04
0.0013309370260685682,1.0,1e-04
0.0010645637521520257,1.0,1e-04
0.00196773000061512,1.0,1e-04
0.0015124472556635737,1.0,1e-04
0.0016238029347732663,1.0,1e-04
0.0012969969538971782,1.0,1e-04
0.0010473299771547318,1.0,1e-04
0.0012267359998077154,1.0,1e-04
0.0014045429416000843,1.0,1e-04
0.0019081456121057272,1.0,1e-04
0.0020075906068086624,1.0,1e-04
0.001178603619337082,1.0,1e-04
0.0011477806838229299,1.0,1e-04
0.001271936111152172,1.0,1e-04
0.0010581443784758449,1.0,1e-04
0.001155869453214109,1.0,1e-04
0.0012280420633032918,1.0,1e-04
0.0011848976137116551,1.0,1e-04
0.0014069390017539263,1.0,1e-04
0.0011050027096644044,1.0,1e-04
0.0012736573116853833,1.0,1e-04
0.001174316625110805,1.0,1e-04
0.0008614315884187818,1.0,1e-04
0.0011228008661419153,1.0,1e-04
0.000940412690397352,1.0,1e-04
0.001109034987166524,1.0,1e-04
0.001083904760889709,1.0,1e-04
0.0009690394508652389,1.0,1e-04
0.0009890453657135367,1.0,1e-04
0.0015423643635585904,1.0,1e-04
0.0014867082936689258,1.0,1e-04
0.0010664679575711489,1.0,1e-04
0.0015528514049947262,1.0,1e-04
0.0011107007740065455,1.0,1e-04
0.0010484711965546012,1.0,1e-04
0.0011944174766540527,1.0,1e-04
0.001406903495080769,1.0,1e-04
0.0013317487901076674,1.0,1e-04
0.0008060726686380804,1.0,1e-04
0.0013845555949956179,1.0,1e-04
0.0008615356055088341,1.0,1e-04
0.0010317916749045253,1.0,1e-04
0.0010364458430558443,1.0,1e-04
0.0011783756781369448,1.0,1e-04
0.0010872508864849806,1.0,1e-04
0.0007301488076336682,1.0,1e-04
0.0009091725223697722,1.0,1e-04
0.0007879002369008958,1.0,1e-04
0.0013271523639559746,1.0,1e-04
0.0013047814136371017,1.0,1e-04
0.0013128994032740593,1.0,1e-04
0.0008018109365366399,1.0,1e-04
0.0010668819304555655,1.0,1e-04
0.0008144310559146106,1.0,1e-04
0.0007912864093668759,1.0,1e-04
0.0011487181764096022,1.0,1e-04
0.0016955302562564611,1.0,1e-04
0.0011026333086192608,1.0,1e-04
0.0007865645457059145,1.0,1e-04
0.0015989053063094616,1.0,1e-04
0.0009993227431550622,1.0,1e-04
0.0008421288221143186,1.0,1e-04
0.000925974571146071,1.0,1e-04
0.0010093568125739694,1.0,1e-04
0.0009982956107705832,1.0,1e-04
0.0007894749287515879,1.0,1e-04
0.0010225960286334157,1.0,1e-04
0.0011332303984090686,1.0,1e-04
0.000972030742559582,1.0,1e-04
0.0013025047956034541,1.0,1e-04
0.00085705571109429,1.0,1e-04
0.0019894754514098167,1.0,1e-04
0.0008386268164031208,1.0,1e-04
0.0010890867561101913,1.0,1e-04
0.0009498102008365095,1.0,1e-04
0.0006713818293064833,1.0,1e-04
0.0007773068500682712,1.0,1e-04
0.001189381699077785,1.0,1e-04
0.0009030511137098074,1.0,1e-04
0.0007419420289807022,1.0,1e-04
0.000931867747567594,1.0,1e-04
0.0006512986146844923,1.0,1e-04
0.0008077971288003027,1.0,1e-04
0.0007579029188491404,1.0,1e-04
0.0005489568575285375,1.0,1e-04
0.0012788063613697886,1.0,1e-04
0.001704287831671536,1.0,1e-04
0.0009752876940183342,1.0,1e-04
0.0006695944466628134,1.0,1e-04
0.0006760430405847728,1.0,1e-04
0.0006884137401357293,1.0,1e-04
0.0008371273288503289,1.0,1e-04
0.0007920442731119692,1.0,1e-04
0.0007123079267330468,1.0,1e-04
0.0007436044397763908,1.0,1e-04
0.0006386027089320123,1.0,1e-04
0.0005821483791805804,1.0,1e-04
0.0009361369884572923,1.0,1e-04
0.0007158804801292717,1.0,1e-04
0.0005716031300835311,1.0,1e-04
0.0005617702845484018,1.0,1e-04
0.0006577935419045389,1.0,1e-04
0.0005727324169129133,1.0,1e-04
0.0007961942465044558,1.0,1e-04
0.0005977592663839459,1.0,1e-04
0.0008137889089994133,1.0,1e-04
0.0008447145228274167,1.0,1e-04
0.0005416999338194728,1.0,1e-04
0.0006889838259667158,1.0,1e-04
0.0005478886305354536,1.0,1e-04
0.0005680054891854525,1.0,1e-04
0.0006622051005251706,1.0,1e-04
0.0007485949317924678,1.0,1e-04
0.0007221015403047204,1.0,1e-04
0.0007094149477779865,1.0,1e-04
0.0005835849442519248,1.0,1e-04
0.0005806880653835833,1.0,1e-04
0.0009516982245258987,1.0,1e-04
0.0006254102918319404,1.0,1e-04
0.0007209457107819617,1.0,1e-04
0.0005722739151678979,1.0,1e-04
0.0006935218698345125,1.0,1e-04
0.0006818716647103429,1.0,1e-04
0.0005335912574082613,1.0,1e-04
0.0006824583979323506,1.0,1e-04
0.0005399129586294293,1.0,1e-04
0.0006802565767429769,1.0,1e-04
0.0005216724239289761,1.0,1e-04
0.0009063826873898506,1.0,1e-04
0.0005778767517767847,1.0,1e-04
0.0005310071283020079,1.0,1e-04
0.0004264806630089879,1.0,1e-04
0.0005251791444607079,1.0,1e-04
0.000533224199898541,1.0,1e-04
0.0006918655708432198,1.0,1e-04
0.0005889430758543313,1.0,1e-04
0.0007138149812817574,1.0,1e-04
0.0009628536645323038,1.0,1e-04
0.000461494957562536,1.0,1e-04
0.0004296224797144532,1.0,1e-04
0.0006159015465527773,1.0,1e-04
0.0009127649827860296,1.0,1e-04
0.00046374843805097044,1.0,1e-04
0.0005251323455013335,1.0,1e-04
0.0007954213069751859,1.0,1e-04
0.000427122664405033,1.0,1e-04
0.0007182785193435848,1.0,1e-04
0.0004670431080739945,1.0,1e-04
0.0004192215856164694,1.0,1e-04
0.000537885061930865,1.0,1e-04
0.0004048044211231172,1.0,1e-04
0.00041548360604792833,1.0,1e-04
0.0005131883663125336,1.0,1e-04
0.00044393405551090837,1.0,1e-04
0.00048154700198210776,1.0,1e-04
0.0004384051135275513,1.0,1e-04
0.0004514051543083042,1.0,1e-04
0.0005720826447941363,1.0,1e-04
0.0006172544090077281,1.0,1e-04
0.0005053036147728562,1.0,1e-04
0.00036873016506433487,1.0,1e-04
0.00036683594225905836,1.0,1e-04
0.0004956879420205951,1.0,1e-04
0.0004810804093722254,1.0,1e-04
0.0005153736565262079,1.0,1e-04
0.00048365059774369,1.0,1e-04
0.000486413249745965,1.0,1e-04
0.0004238923720549792,1.0,1e-04
0.00045325123937800527,1.0,1e-04
0.0004657584067899734,1.0,1e-04
0.00046422696323134005,1.0,1e-04
0.0004822858318220824,1.0,1e-04
0.0006049612420611084,1.0,1e-04
0.0004926933324895799,1.0,1e-04
0.0007182741537690163,1.0,1e-04
0.0006073038675822318,1.0,1e-04
0.00042047095485031605,1.0,1e-04
0.00044356632861308753,1.0,1e-04
0.0003061035240534693,1.0,1e-04
0.00040465177153237164,1.0,1e-04
0.0005875696078874171,1.0,1e-04
0.00047815998550504446,1.0,1e-04
0.00032666383776813745,1.0,1e-04
0.0003800281847361475,1.0,1e-04
0.0007646256708540022,1.0,1e-04
0.0005376134649850428,1.0,1e-04
0.00033803164842538536,1.0,1e-04
0.00030896958196535707,1.0,1e-04
0.0006669169524684548,1.0,1e-04
0.0004898861516267061,1.0,1e-04
0.0005697559681721032,1.0,1e-04
0.00029609640478156507,1.0,1e-04
0.00041582222911529243,1.0,1e-04
0.0006701392121613026,1.0,1e-04
0.00036406246363185346,1.0,1e-04
0.0003949187812395394,1.0,1e-04
0.0005628450307995081,1.0,1e-04
0.0004882569774053991,1.0,1e-04
0.00035700868465937674,1.0,1e-04
0.0003079925081692636,1.0,1e-04
0.00042259108158759773,1.0,1e-04
0.0005371528095565736,1.0,1e-04
0.00031563491211272776,1.0,1e-04
0.00033139606239274144,1.0,1e-04
0.0004385040665511042,1.0,1e-04
0.0004271256038919091,1.0,1e-04
0.0004091409791726619,1.0,1e-04
0.0004958150093443692,1.0,1e-04
0.00044524960685521364,1.0,1e-04
0.00030544554465450346,1.0,1e-04
0.0003105943033006042,1.0,1e-04
0.0004971750313416123,1.0,1e-04
0.00028766627656295896,1.0,1e-04
0.0003464310138951987,1.0,1e-04
0.0008796005276963115,1.0,1e-04
0.00038754945853725076,1.0,1e-04
0.0002976333489641547,1.0,1e-04
0.00048171848175115883,1.0,1e-04
0.0003740423417184502,1.0,1e-04
0.00027628865791484714,1.0,1e-04
0.00035369780380278826,1.0,1e-04
0.00028539830236695707,1.0,1e-04
0.0003551630361471325,1.0,1e-04
0.0003767406160477549,1.0,1e-04
0.0003178653714712709,1.0,1e-04
0.0005185037734918296,1.0,1e-04
0.0003475199337117374,1.0,1e-04
0.000253665610216558,1.0,1e-04
0.0003632298030424863,1.0,1e-04
0.0002878459345083684,1.0,1e-04
0.00038835941813886166,1.0,1e-04
0.00025213940534740686,1.0,1e-04
0.00026321320910938084,1.0,1e-04
0.00034757156390696764,1.0,1e-04
0.000266627554083243,1.0,1e-04
0.0003186016692779958,1.0,1e-04
0.0002593600656837225,1.0,1e-04
0.00023337718448601663,1.0,1e-04
0.0005097014945931733,1.0,1e-04
0.0002709289838094264,1.0,1e-04
0.00024835646036081016,1.0,1e-04
0.0002628230140544474,1.0,1e-04
0.0003463677712716162,1.0,1e-04
0.0003599942137952894,1.0,1e-04
0.00026353553403168917,1.0,1e-04
0.0003227171837352216,1.0,1e-04
0.00023150148626882583,1.0,1e-04
0.0003858797426801175,1.0,1e-04
0.00032579866820015013,1.0,1e-04
0.0005358408088795841,1.0,1e-04
0.00025627200375311077,1.0,1e-04
0.00036208375240676105,1.0,1e-04
0.00044637100654654205,1.0,1e-04
0.0003466989437583834,1.0,1e-04
0.0003976000298280269,1.0,1e-04
0.0003556777664925903,1.0,1e-04
0.0003114586288575083,1.0,1e-04
0.0003083967021666467,1.0,1e-04
0.00028577938792295754,1.0,1e-04
0.00026199009153060615,1.0,1e-04
0.00027352944016456604,1.0,1e-04
0.00026125615113414824,1.0,1e-04
0.0002949678455479443,1.0,1e-04
0.00033818426891230047,1.0,1e-04
0.00023127486929297447,1.0,1e-04
0.0003512344846967608,1.0,1e-04
0.00025079792249016464,1.0,1e-04
0.00033502301084809005,1.0,1e-04
0.0003149030089844018,1.0,1e-04
0.0003911126696038991,1.0,1e-04
0.0002141786098945886,1.0,1e-04
0.0005010871100239456,1.0,1e-04
0.00036843950510956347,1.0,1e-04
0.00039602816104888916,1.0,1e-04
0.000336428260197863,1.0,1e-04
0.00030527543276548386,1.0,1e-04
0.00025620320229791105,1.0,1e-04
0.00022146067931316793,1.0,1e-04
0.0002678154269233346,1.0,1e-04
0.0004903985536657274,1.0,1e-04
0.0003799858968704939,1.0,1e-04
0.0003208545967936516,1.0,1e-04
0.00021512007515411824,1.0,1e-04
0.00033365399576723576,1.0,1e-04
0.0002701019402593374,1.0,1e-04
0.00023886376584414393,1.0,1e-04
0.00026539142709225416,1.0,1e-04
0.00019856338622048497,1.0,1e-04
0.0002613772521726787,1.0,1e-04
0.00037738075479865074,1.0,1e-04
0.000174782209796831,1.0,1e-04
0.00032426611869595945,1.0,1e-04
0.0005120393470861018,1.0,1e-04
0.00023961690021678805,1.0,1e-04
0.00035551245673559606,1.0,1e-04
0.00020449944713618606,1.0,1e-04
0.00022395094856619835,1.0,1e-04
0.00044121741666458547,1.0,1e-04
0.00018882573931477964,1.0,1e-04
0.0003681572270579636,1.0,1e-04
0.0002565047179814428,1.0,1e-04
0.00034431752283126116,1.0,1e-04
0.0002209185331594199,1.0,1e-04
0.0001861310302047059,1.0,1e-04
0.0001755436387611553,1.0,1e-04
0.0002609235525596887,1.0,1e-04
0.00022578172502107918,1.0,1e-04
0.0002821089292410761,1.0,1e-04
0.00023148163745645434,1.0,1e-04
0.000247482443228364,1.0,1e-04
0.00033666263334453106,1.0,1e-04
0.00018520475714467466,1.0,1e-04
0.00023190726642496884,1.0,1e-04
0.00018925953190773726,1.0,1e-04
0.00022059543698560447,1.0,1e-04
0.0003484446497168392,1.0,1e-04
0.00019911662093363702,1.0,1e-04
0.00023370249255094677,1.0,1e-04
0.0001797220902517438,1.0,1e-04
0.00027714268071576953,1.0,1e-04
0.00019346030603628606,1.0,1e-04
0.0001993491023313254,1.0,1e-04
0.00021657583420164883,1.0,1e-04
0.00017650632071308792,1.0,1e-04
0.00022798398276790977,1.0,1e-04
0.000215642066905275,1.0,1e-04
0.00020646813209168613,1.0,1e-04
0.00016879405302461237,1.0,1e-04
0.00025478616589680314,1.0,1e-04
0.0002504145377315581,1.0,1e-04
0.00015514588449150324,1.0,1e-04
0.00015683274250477552,1.0,1e-04
0.00018376484513282776,1.0,1e-04
0.00023139581026043743,1.0,1e-04
0.00035359119647182524,1.0,1e-04
0.000193849322386086,1.0,1e-04
0.00022929917031433433,1.0,1e-04
0.0001804394560167566,1.0,1e-04
0.00017396641487721354,1.0,1e-04
0.00023648314527235925,1.0,1e-04
0.00018396838277112693,1.0,1e-04
0.00017254297563340515,1.0,1e-04
0.00022195177734829485,1.0,1e-04
0.00021444761659950018,1.0,1e-04
0.00015240689390338957,1.0,1e-04
0.00016296999820042402,1.0,1e-04
0.00011379073112038895,1.0,1e-04
0.00027101076557300985,1.0,1e-04
0.00015561004693154246,1.0,1e-04
0.0002400375815341249,1.0,1e-04
0.0002180499432142824,1.0,1e-04
0.00023249557125382125,1.0,1e-04
0.00015052045637276024,1.0,1e-04
0.00028134213062003255,1.0,1e-04
0.00013623770792037249,1.0,1e-04
0.0002589109935797751,1.0,1e-04
0.00013816918362863362,1.0,1e-04
0.00020077380759175867,1.0,1e-04
0.00020820851204916835,1.0,1e-04
0.00016614659398328513,1.0,1e-04
0.00019693863578140736,1.0,1e-04
0.0001934960891958326,1.0,1e-04
0.00018245416868012398,1.0,1e-04
0.00022025813814252615,1.0,1e-04
0.00014326232485473156,1.0,1e-04
0.00013355461123865098,1.0,1e-04
0.0002988896449096501,1.0,1e-04
0.00014699401799589396,1.0,1e-04
0.00020040886010974646,1.0,1e-04
0.00015421838907059282,1.0,1e-04
0.00045388186117634177,1.0,1e-04
0.00021842520800419152,1.0,1e-04
0.00010780243610497564,1.0,1e-04
0.00026961846742779016,1.0,1e-04
0.00024729015422053635,1.0,1e-04
0.00027155166026204824,1.0,1e-04
0.00019940656784456223,1.0,1e-04
0.0001792077673599124,1.0,1e-04
0.00019545409304555506,1.0,1e-04
0.00018532248213887215,1.0,1e-04
0.0001668220793362707,1.0,1e-04
0.00012160900223534554,1.0,1e-04
0.00029170329798944294,1.0,1e-04
0.00010924850357696414,1.0,1e-04
0.00022402360627893358,1.0,1e-04
0.00020230952941346914,1.0,1e-04
0.00011212869867449626,1.0,1e-04
0.00015497133426833898,1.0,1e-04
0.00011321175406919792,1.0,1e-04
0.00014915672363713384,1.0,1e-04
0.0001522754755569622,1.0,1e-04
0.00017602043226361275,1.0,1e-04
0.00013003108324483037,1.0,1e-04
0.00014669037773273885,1.0,1e-04
0.00018814601935446262,1.0,1e-04
0.00020612907246686518,1.0,1e-04
0.0001278129348065704,1.0,1e-04
0.00015707037528045475,1.0,1e-04
0.00022498363978229463,1.0,1e-04
0.00013558984210249037,1.0,1e-04
0.00023162031720858067,1.0,1e-04
9.714449697639793e-05,1.0,1e-04
0.00012262856762390584,1.0,1e-04
0.00013321498408913612,1.0,1e-04
0.00015512191748712212,1.0,1e-04
0.00014073363854549825,1.0,1e-04
0.00015450823411811143,1.0,1e-04
0.00014356856991071254,1.0,1e-04
0.0001361648173769936,1.0,1e-04
0.00015582061314489692,1.0,1e-04
0.0002668373053893447,1.0,1e-04
0.00021529325749725103,1.0,1e-04
0.00014890881720930338,1.0,1e-04
0.00014570321945939213,1.0,1e-04
0.00018066489428747445,1.0,1e-04
0.00014958718384150416,1.0,1e-04
0.00019629517919383943,1.0,1e-04
0.00015732062456663698,1.0,1e-04
0.0001401069894200191,1.0,1e-04
0.00015428446931764483,1.0,1e-04
0.00011463935516076162,1.0,1e-04
0.00010301444126525894,1.0,1e-04
0.0001168183225672692,1.0,1e-04
0.0001418028841726482,1.0,1e-04
0.00016057660104706883,1.0,1e-04
0.00013208821474108845,1.0,1e-04
0.0003269690496381372,1.0,1e-04
0.0005049319006502628,1.0,1e-04
0.0004313571553211659,1.0,1e-04
0.00030975654954090714,1.0,1e-04
0.00011545798770384863,1.0,1e-04
0.00013124995166435838,1.0,1e-04
0.00015796396473888308,1.0,1e-04
0.0001327133650192991,1.0,1e-04
0.00014512846246361732,1.0,1e-04
0.00012516295828390867,1.0,1e-04
0.0001427858223905787,1.0,1e-04
0.0001406719966325909,1.0,1e-04
9.137907181866467e-05,1.0,1e-04
0.00013515377941075712,1.0,1e-04
0.00011135801469208673,1.0,1e-04
0.00010467470565345138,1.0,1e-04
0.00017967363237403333,1.0,1e-04
0.00013235346705187112,1.0,1e-04
0.00011736548185581341,1.0,1e-04
0.00014793376612942666,1.0,1e-04
0.00012130447430536151,1.0,1e-04
0.0002426077116979286,1.0,1e-04
0.00013524736277759075,1.0,1e-04
0.0001599223614903167,1.0,1e-04
0.00013060719356872141,1.0,1e-04
0.0001270177453989163,1.0,1e-04
0.0001042961303028278,1.0,1e-04
0.00016041395429056138,1.0,1e-04
8.504081779392436e-05,1.0,1e-04
9.907277126330882e-05,1.0,1e-04
7.521703082602471e-05,1.0,1e-04
0.00010548820864642039,1.0,1e-04
0.00011731103586498648,1.0,1e-04
0.00010021406342275441,1.0,1e-04
9.106422658078372e-05,1.0,1e-04
0.00017206066695507616,1.0,1e-04
9.893887909129262e-05,1.0,1e-04
9.998091263696551e-05,1.0,1e-04
0.00011576220276765525,1.0,1e-04
0.00012000175047433004,1.0,1e-04
0.00012999001774005592,1.0,1e-04
7.928353443276137e-05,1.0,1e-04
0.00012223240628372878,1.0,1e-04
0.00012161485938122496,1.0,1e-04
0.00010535866022109985,1.0,1e-04
0.00010924369416898116,1.0,1e-04
0.0001370925165247172,1.0,1e-04
0.00015372771304100752,1.0,1e-04
0.00015826144954189658,1.0,1e-04
0.00014410263975150883,1.0,1e-04
0.00015808721946086735,1.0,1e-04
0.00011091634951299056,1.0,1e-04
0.00010518156341277063,1.0,1e-04
0.00014521328557748348,1.0,1e-04
0.00012262925156392157,1.0,1e-04
0.000109389096905943,1.0,1e-04
0.0001949862635228783,1.0,1e-04
0.00031438650330528617,1.0,1e-04
0.0001234024384757504,1.0,1e-04
0.0005423402180895209,1.0,1e-04
0.00037512878770940006,1.0,1e-04
0.00014062324771657586,1.0,1e-04
0.00013102070079185069,1.0,1e-04
0.00016739511920604855,1.0,1e-04
0.00012910508667118847,1.0,1e-04
0.00011279508180450648,1.0,1e-04
8.097958925645798e-05,1.0,1e-04
0.00010519484203541651,1.0,1e-04
0.000147013837704435,1.0,1e-04
0.000122163473861292,1.0,1e-04
0.00011135370004922152,1.0,1e-04
0.00010787518840515986,1.0,1e-04
9.714307088870555e-05,1.0,1e-04
0.00010416887380415574,1.0,1e-04
7.064717647153884e-05,1.0,1e-04
0.00011689530947478488,1.0,1e-04
9.742879046825692e-05,1.0,1e-04
0.00011050442844862118,1.0,1e-04
0.00011667164653772488,1.0,1e-04
9.601788042346016e-05,1.0,1e-04
8.568839984945953e-05,1.0,1e-04
9.317959484178573e-05,1.0,1e-04
7.483150693587959e-05,1.0,1e-04
9.92728237179108e-05,1.0,1e-04
9.93712674244307e-05,1.0,1e-04
0.00012310298916418105,1.0,1e-04
0.00010702361032599583,1.0,1e-04
8.983981388155371e-05,1.0,1e-04
7.72236380726099e-05,1.0,1e-04
8.291450649267063e-05,1.0,1e-04
0.00012014838284812868,1.0,1e-04
0.00010645226575434208,1.0,1e-04
0.00017725150974001735,1.0,1e-04
7.189338793978095e-05,1.0,1e-04
7.553304021712393e-05,1.0,1e-04
9.055133705260232e-05,1.0,1e-04
8.629575313534588e-05,1.0,1e-04
8.665376662975177e-05,1.0,1e-04
0.0001453188160667196,1.0,1e-04
8.335283200722188e-05,1.0,1e-04
0.00012817907554563135,1.0,1e-04
6.561473128385842e-05,1.0,1e-04
9.91461711237207e-05,1.0,1e-04
9.967123332899064e-05,1.0,1e-04
7.128252036636695e-05,1.0,1e-04
8.21996436570771e-05,1.0,1e-04
7.8926510468591e-05,1.0,1e-04
6.493951514130458e-05,1.0,1e-04
0.00012169869296485558,1.0,1e-04
5.405334377428517e-05,1.0,1e-04
7.784001354593784e-05,1.0,1e-04
0.00011554791853995994,1.0,1e-04
0.00015444119344465435,1.0,1e-04
6.745639257133007e-05,1.0,1e-04
0.00011819175415439531,1.0,1e-04
0.00013678534014616162,1.0,1e-04
7.374532287940383e-05,1.0,1e-04
0.00014862781972624362,1.0,1e-04
7.021142664598301e-05,1.0,1e-04
7.295472460100427e-05,1.0,1e-04
0.00019077115575782955,1.0,1e-04
8.253960550064221e-05,1.0,1e-04
0.00011719958274625242,1.0,1e-04
9.08932852325961e-05,1.0,1e-04
9.047873027157038e-05,1.0,1e-04
7.170091703301296e-05,1.0,1e-04
0.0001449629635317251,1.0,1e-04
8.06765237939544e-05,1.0,1e-04
7.665675366297364e-05,1.0,1e-04
7.666100282222033e-05,1.0,1e-04
7.76053566369228e-05,1.0,1e-04
7.147128053475171e-05,1.0,1e-04
9.504536137683317e-05,1.0,1e-04
0.00012999861792195588,1.0,1e-04
9.711587335914373e-05,1.0,1e-04
6.421771831810474e-05,1.0,1e-04
6.633982411585748e-05,1.0,1e-04
7.154712511692196e-05,1.0,1e-04
8.338560292031616e-05,1.0,1e-04
0.00010607121657812968,1.0,1e-04
5.1919996622018516e-05,1.0,1e-04
7.374978304142132e-05,1.0,1e-04
4.866325980401598e-05,1.0,1e-04
7.677797839278355e-05,1.0,1e-04
8.572027581976727e-05,1.0,1e-04
0.0001354479172732681,1.0,1e-04
9.019758726935834e-05,1.0,1e-04
7.240856211865321e-05,1.0,1e-04
6.300806853687391e-05,1.0,1e-04
7.514260505558923e-05,1.0,1e-04
6.797220703447238e-05,1.0,1e-04
7.763809117022902e-05,1.0,1e-04
7.8727571235504e-05,1.0,1e-04
7.855475269025192e-05,1.0,1e-04
5.859878729097545e-05,1.0,1e-04
9.523469634586945e-05,1.0,1e-04
5.43796231795568e-05,1.0,1e-04
6.55025796731934e-05,1.0,1e-04
6.527116784127429e-05,1.0,1e-04
6.175382441142574e-05,1.0,1e-04
5.095853339298628e-05,1.0,1e-04
5.7722489145817235e-05,1.0,1e-04
8.555735985282809e-05,1.0,1e-04
6.404617306543514e-05,1.0,1e-04
6.717840733472258e-05,1.0,1e-04
5.384238829719834e-05,1.0,1e-04
5.775616955361329e-05,1.0,1e-04
6.44170431769453e-05,1.0,1e-04
0.00019528453412931412,1.0,1e-04
0.00011154264939250425,1.0,1e-04
5.919737304793671e-05,1.0,1e-04
0.00010566988930804655,1.0,1e-04
7.622798148076981e-05,1.0,1e-04
9.31515678530559e-05,1.0,1e-04
7.394959538942203e-05,1.0,1e-04
5.941104973317124e-05,1.0,1e-04
6.002125519444235e-05,1.0,1e-04
6.062866668798961e-05,1.0,1e-04
7.466317765647545e-05,1.0,1e-04
5.7639066653791815e-05,1.0,1e-04
6.897739513078704e-05,1.0,1e-04
4.7371035179821774e-05,1.0,1e-04
5.931134364800528e-05,1.0,1e-04
9.488056093687192e-05,1.0,1e-04
5.518385660252534e-05,1.0,1e-04
5.1664002967299893e-05,1.0,1e-04
0.00012112316471757367,1.0,1e-04
8.865018025971949e-05,1.0,1e-04
0.00012785619765054435,1.0,1e-04
0.00012166918895673007,1.0,1e-04
7.229147740872577e-05,1.0,1e-04
5.934871660429053e-05,1.0,1e-04
4.487884871196002e-05,1.0,1e-04
6.951209797989577e-05,1.0,1e-04
0.00010461163037689403,1.0,1e-04
4.9259720981353894e-05,1.0,1e-04
4.1940260416595265e-05,1.0,1e-04
7.632485358044505e-05,1.0,1e-04
8.651360985822976e-05,1.0,1e-04
6.118270539445803e-05,1.0,1e-04
9.879593562800437e-05,1.0,1e-04
0.00010739709250628948,1.0,1e-04
7.480925705749542e-05,1.0,1e-04
5.133213926455937e-05,1.0,1e-04
8.521938434569165e-05,1.0,1e-04
5.3857616876484826e-05,1.0,1e-04
6.510976527351886e-05,1.0,1e-04
4.073791205883026e-05,1.0,1e-04
0.00013265240704640746,1.0,1e-04
0.00010055153688881546,1.0,1e-04
9.747810690896586e-05,1.0,1e-04
5.1128103223163635e-05,1.0,1e-04
5.606899139820598e-05,1.0,1e-04
9.177734318654984e-05,1.0,1e-04
5.526172026293352e-05,1.0,1e-04
5.1696024456759915e-05,1.0,1e-04
5.893526031286456e-05,1.0,1e-04
5.404023249866441e-05,1.0,1e-04
4.7671237553004175e-05,1.0,1e-04
6.0110658523626626e-05,1.0,1e-04
8.719177276361734e-05,1.0,1e-04
6.883728201501071e-05,1.0,1e-04
7.461531640728936e-05,1.0,1e-04
4.077873381902464e-05,1.0,1e-04
4.616739897755906e-05,1.0,1e-04
6.736205250490457e-05,1.0,1e-04
4.6678836952196434e-05,1.0,1e-04
5.066463927505538e-05,1.0,1e-04
5.89305636822246e-05,1.0,1e-04
4.284997339709662e-05,1.0,1e-04
5.4200791055336595e-05,1.0,1e-04
3.118329550488852e-05,1.0,1e-04
3.136977102258243e-05,1.0,1e-04
6.160848715808243e-05,1.0,1e-04
4.1399034671485424e-05,1.0,1e-04
4.66681995021645e-05,1.0,1e-04
3.6805500712944195e-05,1.0,1e-04
3.374530206201598e-05,1.0,1e-04
5.138515552971512e-05,1.0,1e-04
4.5485990995075554e-05,1.0,1e-04
7.989199366420507e-05,1.0,1e-04
5.795691322418861e-05,1.0,1e-04
6.681435479549691e-05,1.0,1e-04
3.257274875068106e-05,1.0,1e-04
5.088629404781386e-05,1.0,1e-04
3.712787656695582e-05,1.0,1e-04
6.283861875999719e-05,1.0,1e-04
4.687667387770489e-05,1.0,1e-04
7.072401058394462e-05,1.0,1e-04
3.9907572499942034e-05,1.0,1e-04
5.6355878768954426e-05,1.0,1e-04
3.813570583588444e-05,1.0,1e-04
3.6998502764618024e-05,1.0,1e-04
5.979944398859516e-05,1.0,1e-04
4.3485997593961656e-05,1.0,1e-04
5.222780964686535e-05,1.0,1e-04
3.7539102777373046e-05,1.0,1e-04
3.557107993401587e-05,1.0,1e-04
6.86456696712412e-05,1.0,1e-04
3.788481262745336e-05,1.0,1e-04
3.93269001506269e-05,1.0,1e-04
2.7872843929799274e-05,1.0,1e-04
2.90552488877438e-05,1.0,1e-04
5.469845564221032e-05,1.0,1e-04
2.5742314392118715e-05,1.0,1e-04
7.938272028695792e-05,1.0,1e-04
3.850501889246516e-05,1.0,1e-04
4.177516166237183e-05,1.0,1e-04
3.054911212529987e-05,1.0,1e-04
4.8953585064737126e-05,1.0,1e-04
7.874168659327552e-05,1.0,1e-04
3.739624298759736e-05,1.0,1e-04
3.738825398613699e-05,1.0,1e-04
3.5203935112804174e-05,1.0,1e-04
4.166655344306491e-05,1.0,1e-04
3.4001255698967725e-05,1.0,1e-04
4.1860352212097496e-05,1.0,1e-04
4.282532609067857e-05,1.0,1e-04
4.857552266912535e-05,1.0,1e-04
3.993330028606579e-05,1.0,1e-04
7.235066732391715e-05,1.0,1e-04
5.419582885224372e-05,1.0,1e-04
3.3383974368916824e-05,1.0,1e-04
3.961677793995477e-05,1.0,1e-04
6.445759208872914e-05,1.0,1e-04
3.714708145707846e-05,1.0,1e-04
3.96020186599344e-05,1.0,1e-04
4.0570339479018e-05,1.0,1e-04
2.8642567485803738e-05,1.0,1e-04
3.1506635423284024e-05,1.0,1e-04
5.0072365411324427e-05,1.0,1e-04
3.077078144997358e-05,1.0,1e-04
3.13156888296362e-05,1.0,1e-04
4.005122900707647e-05,1.0,1e-04
3.631050276453607e-05,1.0,1e-04
3.0667240935144946e-05,1.0,1e-04
4.13801972172223e-05,1.0,1e-04
0.00010912956349784508,1.0,1e-04
2.4925146135501564e-05,1.0,1e-04
3.121578993159346e-05,1.0,1e-04
0.006486701313406229,0.9980000257492065,1e-04
0.03703898936510086,0.9860000014305115,1e-04
0.024528445675969124,0.9900000095367432,1e-04
0.00994216650724411,0.9959999918937683,1e-04
0.005513531621545553,0.9980000257492065,1e-04
0.006793480832129717,0.9980000257492065,1e-04
0.0077985962852835655,0.9959999918937683,1e-04
0.0018034657696262002,1.0,1e-04
0.0015407766913995147,1.0,1e-04
0.0007821993785910308,1.0,1e-04
0.0015220980858430266,1.0,1e-04
0.00040478690061718225,1.0,1e-04
0.0013563029933720827,1.0,1e-04
0.0003940628084819764,1.0,1e-04
0.0010324122849851847,1.0,1e-04
0.0005256325239315629,1.0,1e-04
0.00042225222568959,1.0,1e-04
0.00030797463841736317,1.0,1e-04
0.00024630280677229166,1.0,1e-04
0.0001696118270047009,1.0,1e-04
0.00023871901794336736,1.0,1e-04
0.0001759824517648667,1.0,1e-04
0.00020013317407574505,1.0,1e-04
0.00016460681217722595,1.0,1e-04
0.00019419079762883484,1.0,1e-04
0.00017368889530189335,1.0,1e-04
0.00017341018246952444,1.0,1e-04
0.00017238673171959817,1.0,1e-04
0.00021312681201379746,1.0,1e-04
0.00015600782353430986,1.0,1e-04
0.00019714207155629992,1.0,1e-04
0.000149284751387313,1.0,1e-04
0.0001838507887441665,1.0,1e-04
0.00019285461166873574,1.0,1e-04
8.863926632329822e-05,1.0,1e-04
0.00010976308112731203,1.0,1e-04
0.00016549156862311065,1.0,1e-04
0.00017317355377599597,1.0,1e-04
0.00010452886635903269,1.0,1e-04
0.00016703562869224697,1.0,1e-04
0.00017155280511360615,1.0,1e-04
0.00012964924098923802,1.0,1e-04
0.00015507319767493755,1.0,1e-04
0.00017837890482041985,1.0,1e-04
0.0001833991555031389,1.0,1e-04
0.00026473047910258174,1.0,1e-04
0.00011098869435954839,1.0,1e-04
0.00019443938799668103,1.0,1e-04
0.00018157847807742655,1.0,1e-04
0.00010166594438487664,1.0,1e-04
9.314308408647776e-05,1.0,1e-04
0.00017864201799966395,1.0,1e-04
8.004875417100266e-05,1.0,1e-04
8.475709910271689e-05,1.0,1e-04
9.237723861588165e-05,1.0,1e-04
9.731030149850994e-05,1.0,1e-04
7.901850040070713e-05,1.0,1e-04
0.00028205677517689764,1.0,1e-04
0.0001332348183495924,1.0,1e-04
0.00012088030052836984,1.0,1e-04
0.00011751182319130749,1.0,1e-04
0.00017928704619407654,1.0,1e-04
0.00011464052658993751,1.0,1e-04
0.00011556885874597356,1.0,1e-04
0.0001323973119724542,1.0,1e-04
8.763965161051601e-05,1.0,1e-04
0.00010556364577496424,1.0,1e-04
7.996892964001745e-05,1.0,1e-04
6.843265146017075e-05,1.0,1e-04
0.00010198275413131341,1.0,1e-04
6.621045031351969e-05,1.0,1e-04
0.00011887188156833872,1.0,1e-04
0.00012422003783285618,1.0,1e-04
9.934120316756889e-05,1.0,1e-04
8.353074372280389e-05,1.0,1e-04
0.00011050793546019122,1.0,1e-04
8.258470188593492e-05,1.0,1e-04
7.997868669917807e-05,1.0,1e-04
0.00011105203157057986,1.0,1e-04
0.00011671050015138462,1.0,1e-04
8.849512232700363e-05,1.0,1e-04
0.00015887808694969863,1.0,1e-04
0.00012098372098989785,1.0,1e-04
8.974169031716883e-05,1.0,1e-04
9.868520282907411e-05,1.0,1e-04
0.00013371548266150057,1.0,1e-04
0.0001576783979544416,1.0,1e-04
6.428667256841436e-05,1.0,1e-04
5.8485526096774265e-05,1.0,1e-04
8.62323577166535e-05,1.0,1e-04
0.00010218766692560166,1.0,1e-04
0.00018152789562009275,1.0,1e-04
0.00010428862151456997,1.0,1e-04
7.726721378276125e-05,1.0,1e-04
7.420255133183673e-05,1.0,1e-04
5.2638013585237786e-05,1.0,1e-04
6.028667121427134e-05,1.0,1e-04
9.194186714012176e-05,1.0,1e-04
5.657308065565303e-05,1.0,1e-04
8.900638931663707e-05,1.0,1e-04
8.225921192206442e-05,1.0,1e-04
7.05004422343336e-05,1.0,1e-04
6.267439312068745e-05,1.0,1e-04
8.715537114767358e-05,1.0,1e-04
7.894506416050717e-05,1.0,1e-04
7.349745283136144e-05,1.0,1e-04
6.522413605125621e-05,1.0,1e-04
4.868646647082642e-05,1.0,1e-04
9.349676838610321e-05,1.0,1e-04
8.788701961748302e-05,1.0,1e-04
7.136585918487981e-05,1.0,1e-04
5.610232619801536e-05,1.0,1e-04
6.367498281178996e-05,1.0,1e-04
6.615338497795165e-05,1.0,1e-04
7.218785322038457e-05,1.0,1e-04
6.0672613471979275e-05,1.0,1e-04
7.216829544631764e-05,1.0,1e-04
6.491406384157017e-05,1.0,1e-04
9.517715807305649e-05,1.0,1e-04
6.650027353316545e-05,1.0,1e-04
7.075050234561786e-05,1.0,1e-04
8.545125456294045e-05,1.0,1e-04
7.265111344167963e-05,1.0,1e-04
6.702085374854505e-05,1.0,1e-04
6.0618363932007924e-05,1.0,1e-04
6.414088420569897e-05,1.0,1e-04
7.138183718780056e-05,1.0,1e-04
8.41194560052827e-05,1.0,1e-04
4.7816418373258784e-05,1.0,1e-04
5.904304271098226e-05,1.0,1e-04
5.148566560819745e-05,1.0,1e-04
3.7932437408016995e-05,1.0,1e-04
6.07648107688874e-05,1.0,1e-04
6.779408431611955e-05,1.0,1e-04
5.348369450075552e-05,1.0,1e-04
7.171877223299816e-05,1.0,1e-04
7.017131429165602e-05,1.0,1e-04
6.560763722518459e-05,1.0,1e-04
5.5463598982896656e-05,1.0,1e-04
5.8389105106471106e-05,1.0,1e-04
5.581462392001413e-05,1.0,1e-04
7.270161586347967e-05,1.0,1e-04
9.624483936931938e-05,1.0,1e-04
6.603443762287498e-05,1.0,1e-04
8.975546370493248e-05,1.0,1e-04
5.569463246501982e-05,1.0,1e-04
7.535074109910056e-05,1.0,1e-04
4.306891423766501e-05,1.0,1e-04
4.963152969139628e-05,1.0,1e-04
5.677242734236643e-05,1.0,1e-04
6.543323252117261e-05,1.0,1e-04
4.464707672013901e-05,1.0,1e-04
4.5445762225426733e-05,1.0,1e-04
4.424291182658635e-05,1.0,1e-04
4.7195382649078965e-05,1.0,1e-04
4.2005522118415684e-05,1.0,1e-04
7.418019231408834e-05,1.0,1e-04
0.00011513506615301594,1.0,1e-04
4.0151226130547e-05,1.0,1e-04
3.453214230830781e-05,1.0,1e-04
5.256695658317767e-05,1.0,1e-04
5.396700726123527e-05,1.0,1e-04
6.267217395361513e-05,1.0,1e-04
4.4563188566826284e-05,1.0,1e-04
4.445919694262557e-05,1.0,1e-04
4.443805300979875e-05,1.0,1e-04
4.445619197213091e-05,1.0,1e-04
5.969293852103874e-05,1.0,1e-04
6.994780414970592e-05,1.0,1e-04
5.068973041488789e-05,1.0,1e-04
5.738544132327661e-05,1.0,1e-04
3.772068885155022e-05,1.0,1e-04
3.732568075065501e-05,1.0,1e-04
5.0678554543992504e-05,1.0,1e-04
4.300333239370957e-05,1.0,1e-04
7.719290442764759e-05,1.0,1e-04
7.174765778472647e-05,1.0,1e-04
6.248099089134485e-05,1.0,1e-04
4.3695301428670064e-05,1.0,1e-04
6.42825398244895e-05,1.0,1e-04
4.403167622513138e-05,1.0,1e-04
5.6452110584359616e-05,1.0,1e-04
0.00011787753464886919,1.0,1e-04
5.215640339883976e-05,1.0,1e-04
4.320871448726393e-05,1.0,1e-04
4.1045052057597786e-05,1.0,1e-04
2.5862964321277104e-05,1.0,1e-04
6.137078889878467e-05,1.0,1e-04
6.267917342483997e-05,1.0,1e-04
4.856459781876765e-05,1.0,1e-04
3.6461151466937736e-05,1.0,1e-04
3.550543624442071e-05,1.0,1e-04
4.959894795319997e-05,1.0,1e-04
3.5596953239291906e-05,1.0,1e-04
3.288100924692117e-05,1.0,1e-04
5.86526257393416e-05,1.0,1e-04
4.2407184082549065e-05,1.0,1e-04
5.257903103483841e-05,1.0,1e-04
3.092105544055812e-05,1.0,1e-04
3.450689109740779e-05,1.0,1e-04
4.350374365458265e-05,1.0,1e-04
0.00011973735672654584,1.0,1e-04
2.9153399736969732e-05,1.0,1e-04
5.058359238319099e-05,1.0,1e-04
4.2985913751181215e-05,1.0,1e-04
6.804946315241978e-05,1.0,1e-04
6.0010697779944167e-05,1.0,1e-04
2.9310387617442757e-05,1.0,1e-04
4.49945691798348e-05,1.0,1e-04
5.823185347253457e-05,1.0,1e-04
5.261369369691238e-05,1.0,1e-04
3.143987851217389e-05,1.0,1e-04
3.691833990160376e-05,1.0,1e-04
5.31922050868161e-05,1.0,1e-04
4.96059401484672e-05,1.0,1e-04
3.5701930755749345e-05,1.0,1e-04
2.838784348568879e-05,1.0,1e-04
4.9787038733484223e-05,1.0,1e-04
3.8992449844954535e-05,1.0,1e-04
3.374175867065787e-05,1.0,1e-04
3.63589970220346e-05,1.0,1e-04
4.1729057556949556e-05,1.0,1e-04
3.3074276871047914e-05,1.0,1e-04
2.4458342522848397e-05,1.0,1e-04
4.470593194128014e-05,1.0,1e-04
7.381311297649518e-05,1.0,1e-04
4.271159923519008e-05,1.0,1e-04
4.418370735947974e-05,1.0,1e-04
3.8844405935378745e-05,1.0,1e-04
4.958004501531832e-05,1.0,1e-04
3.357296372996643e-05,1.0,1e-04
2.5085882953135297e-05,1.0,1e-04
2.756022513494827e-05,1.0,1e-04
3.687619755510241e-05,1.0,1e-04
3.3871750929392874e-05,1.0,1e-04
4.186324076727033e-05,1.0,1e-04
3.219463542336598e-05,1.0,1e-04
4.276522304280661e-05,1.0,1e-04
2.7943904569838196e-05,1.0,1e-04
3.628125341492705e-05,1.0,1e-04
3.375091910129413e-05,1.0,1e-04
3.545101935742423e-05,1.0,1e-04
3.277189171058126e-05,1.0,1e-04
2.7045283786719665e-05,1.0,1e-04
3.532182381604798e-05,1.0,1e-04
6.5220745455008e-05,1.0,1e-04
2.3796661480446346e-05,1.0,1e-04
3.88996813853737e-05,1.0,1e-04
2.5179409931297414e-05,1.0,1e-04
3.075089625781402e-05,1.0,1e-04
1.8773072952171788e-05,1.0,1e-04
2.459116149111651e-05,1.0,1e-04
2.8022781407344155e-05,1.0,1e-04
2.8063632271368988e-05,1.0,1e-04
3.500058301142417e-05,1.0,1e-04
3.1960422347765416e-05,1.0,1e-04
4.146580249653198e-05,1.0,1e-04
6.2507540860679e-05,1.0,1e-04
2.4270131689263508e-05,1.0,1e-04
2.6673233151086606e-05,1.0,1e-04
2.7554509870242327e-05,1.0,1e-04
2.8611693778657354e-05,1.0,1e-04
3.680443114717491e-05,1.0,1e-04
2.7695692551787943e-05,1.0,1e-04
5.3868527174927294e-05,1.0,1e-04
2.9118204111000523e-05,1.0,1e-04
2.7904781745746732e-05,1.0,1e-04
2.788388155749999e-05,1.0,1e-04
3.840881254291162e-05,1.0,1e-04
2.3138607502914965e-05,1.0,1e-04
2.5609902877476998e-05,1.0,1e-04
2.9304266718099825e-05,1.0,1e-04
3.8812344428151846e-05,1.0,1e-04
2.0445850168471225e-05,1.0,1e-04
4.157134026172571e-05,1.0,1e-04
2.5287377866334282e-05,1.0,1e-04
2.1283931346260943e-05,1.0,1e-04
3.610283965826966e-05,1.0,1e-04
3.854180977214128e-05,1.0,1e-04
2.4131482859957032e-05,1.0,1e-04
3.27537527482491e-05,1.0,1e-04
2.931749986601062e-05,1.0,1e-04
3.22862651955802e-05,1.0,1e-04
2.9790397093165666e-05,1.0,1e-04
4.856157102040015e-05,1.0,1e-04
2.258284075651318e-05,1.0,1e-04
7.296114199561998e-05,1.0,1e-04
2.520651469239965e-05,1.0,1e-04
1.92241514014313e-05,1.0,1e-04
4.55229492217768e-05,1.0,1e-04
2.0307847080403008e-05,1.0,1e-04
3.114938590442762e-05,1.0,1e-04
2.6972997147822753e-05,1.0,1e-04
3.198732156306505e-05,1.0,1e-04
2.327182301087305e-05,1.0,1e-04
2.38779975916259e-05,1.0,1e-04
2.041164589172695e-05,1.0,1e-04
2.4557635697419755e-05,1.0,1e-04
2.762794065347407e-05,1.0,1e-04
3.311144973849878e-05,1.0,1e-04
5.6854925787774846e-05,1.0,1e-04
2.3219383365358226e-05,1.0,1e-04
2.431551729387138e-05,1.0,1e-04
2.7585534553509206e-05,1.0,1e-04
3.239333091187291e-05,1.0,1e-04
2.0907422367599793e-05,1.0,1e-04
2.6268777219229378e-05,1.0,1e-04
2.004337693506386e-05,1.0,1e-04
4.2898325773421675e-05,1.0,1e-04
1.967413118109107e-05,1.0,1e-04
2.237781518488191e-05,1.0,1e-04
2.6280882593709975e-05,1.0,1e-04
1.986712231882848e-05,1.0,1e-04
2.150501313735731e-05,1.0,1e-04
3.591714266804047e-05,1.0,1e-04
2.810740625136532e-05,1.0,1e-04
3.045023731829133e-05,1.0,1e-04
2.1087407731101848e-05,1.0,1e-04
3.5452776501188055e-05,1.0,1e-04
4.956981138093397e-05,1.0,1e-04
2.651833710842766e-05,1.0,1e-04
2.8048620151821524e-05,1.0,1e-04
2.3902748580439948e-05,1.0,1e-04
2.9016478947596624e-05,1.0,1e-04
2.5525238015688956e-05,1.0,1e-04
2.3859907742007636e-05,1.0,1e-04
2.856407627405133e-05,1.0,1e-04
2.5160785298794508e-05,1.0,1e-04
2.3873148165876046e-05,1.0,1e-04
2.1481715521076694e-05,1.0,1e-04
2.127080733771436e-05,1.0,1e-04
2.002753535634838e-05,1.0,1e-04
2.4964052499854006e-05,1.0,1e-04
8.698627789271995e-05,1.0,1e-04
2.4770592062850483e-05,1.0,1e-04
4.351799361757003e-05,1.0,1e-04
2.2426498617278412e-05,1.0,1e-04
3.7842673918930814e-05,1.0,1e-04
2.8447639124351554e-05,1.0,1e-04
3.529357127263211e-05,1.0,1e-04
2.485394179529976e-05,1.0,1e-04
2.7576685170060955e-05,1.0,1e-04
1.8867316612158902e-05,1.0,1e-04
3.3062755392165855e-05,1.0,1e-04
3.988382013631053e-05,1.0,1e-04
1.9844204871333204e-05,1.0,1e-04
0.0001927946723299101,1.0,1e-04
0.000656503951177001,1.0,1e-04
0.0007246498134918511,1.0,1e-04
0.002198099857196212,0.9980000257492065,1e-04
0.06139407679438591,0.984000027179718,1e-04
0.030463775619864464,0.9900000095367432,1e-04
0.06473370641469955,0.9760000109672546,1e-04
0.017627855762839317,0.9959999918937683,1e-04
0.027093997225165367,0.9919999837875366,1e-04
0.00789906270802021,1.0,1e-04
0.006244420073926449,0.9980000257492065,1e-04
0.005821600556373596,0.9980000257492065,1e-04
0.015269958414137363,0.9980000257492065,1e-04
0.006443126127123833,0.9980000257492065,1e-04
0.0021729804575443268,1.0,1e-04
0.011516883037984371,0.9980000257492065,1e-04
0.0015481463633477688,1.0,1e-04
0.00257679121568799,0.9980000257492065,1e-04
0.0011065928265452385,1.0,1e-04
0.0005793963209725916,1.0,1e-04
0.0003829814959317446,1.0,1e-04
0.0004053676384501159,1.0,1e-04
0.000361348211299628,1.0,1e-04
0.00036149052903056145,1.0,1e-04
0.0003820515994448215,1.0,1e-04
0.00026948575396090746,1.0,1e-04
0.000818309432361275,1.0,1e-04
0.00034493516432121396,1.0,1e-04
0.0002646784414537251,1.0,1e-04
0.000250043609412387,1.0,1e-04
0.00024407904129475355,1.0,1e-04
0.0003928041842300445,1.0,1e-04
0.0004206275916658342,1.0,1e-04
0.0002534604864194989,1.0,1e-04
0.0001933093590196222,1.0,1e-04
0.00023198062262963504,1.0,1e-04
0.0004462511860765517,1.0,1e-04
0.00023058392980601639,1.0,1e-04
0.0002339354541618377,1.0,1e-04
0.00011663479381240904,1.0,1e-04
0.0002886517031583935,1.0,1e-04
0.00016328097262885422,1.0,1e-04
0.00017636232951190323,1.0,1e-04
0.00018605672812554985,1.0,1e-04
0.00018370206817053258,1.0,1e-04
0.0004597092338372022,1.0,1e-04
0.00012443301966413856,1.0,1e-04
9.648131526773795e-05,1.0,1e-04
0.00020333746215328574,1.0,1e-04
0.0001606704026926309,1.0,1e-04
0.00017055145872291178,1.0,1e-04
0.0002584886969998479,1.0,1e-04
0.00017481604299973696,1.0,1e-04
0.00013526930706575513,1.0,1e-04
0.00017284318164456636,1.0,1e-04
0.00015067067579366267,1.0,1e-04
0.00014612823724746704,1.0,1e-04
0.00020963877614121884,1.0,1e-04
0.00011994974920526147,1.0,1e-04
0.0001207800887641497,1.0,1e-04
9.531476825941354e-05,1.0,1e-04
0.00010820201714523137,1.0,1e-04
0.00016663926362525672,1.0,1e-04
0.00013084635429549962,1.0,1e-04
0.00016556051559746265,1.0,1e-04
7.84004369052127e-05,1.0,1e-04
0.00021433751680888236,1.0,1e-04
0.00015384945436380804,1.0,1e-04
0.00013247791503090411,1.0,1e-04
9.627869440009817e-05,1.0,1e-04
0.00021621787163894624,1.0,1e-04
0.0001553133042762056,1.0,1e-04
0.00011092552449554205,1.0,1e-04
8.305545634357259e-05,1.0,1e-04
0.00011400401854189113,1.0,1e-04
0.00011686180368997157,1.0,1e-04
0.00014112115604802966,1.0,1e-04
0.000111331683001481,1.0,1e-04
0.00010403648775536567,1.0,1e-04
9.833560761762783e-05,1.0,1e-04
8.197317947633564e-05,1.0,1e-04
7.837331941118464e-05,1.0,1e-04
0.00013055064482614398,1.0,1e-04
9.57800293690525e-05,1.0,1e-04
0.00015356767107732594,1.0,1e-04
0.0001336480345344171,1.0,1e-04
6.97468058206141e-05,1.0,1e-04
0.00015785914729349315,1.0,1e-04
9.133572893915698e-05,1.0,1e-04
0.0002510456833988428,1.0,1e-04
4.810224345419556e-05,1.0,1e-04
6.804457370890304e-05,1.0,1e-04
9.662654338171706e-05,1.0,1e-04
7.322141755139455e-05,1.0,1e-04
7.785037450958043e-05,1.0,1e-04
7.719614950474352e-05,1.0,1e-04
0.00013610717724077404,1.0,1e-04
0.0001042112271534279,1.0,1e-04
0.0002465434081386775,1.0,1e-04
9.773008787306026e-05,1.0,1e-04
9.275919728679582e-05,1.0,1e-04
0.00010743083839770406,1.0,1e-04
0.00012797833187505603,1.0,1e-04
7.328089122893289e-05,1.0,1e-04
0.00012586872617248446,1.0,1e-04
5.64778529223986e-05,1.0,1e-04
0.00014285219367593527,1.0,1e-04
0.00011678735609166324,1.0,1e-04
9.505708294454962e-05,1.0,1e-04
8.577108383178711e-05,1.0,1e-04
6.766220758436248e-05,1.0,1e-04
7.700151763856411e-05,1.0,1e-04
6.243688403628767e-05,1.0,1e-04
0.00012145156506448984,1.0,1e-04
8.788348350208253e-05,1.0,1e-04
0.00011711225670296699,1.0,1e-04
7.109592843335122e-05,1.0,1e-04
9.682426025392488e-05,1.0,1e-04
6.620794010814279e-05,1.0,1e-04
9.514955308986828e-05,1.0,1e-04
5.289597174851224e-05,1.0,1e-04
5.8289620938012376e-05,1.0,1e-04
5.461225373437628e-05,1.0,1e-04
7.702580478508025e-05,1.0,1e-04
6.518916052300483e-05,1.0,1e-04
6.772908091079444e-05,1.0,1e-04
9.108315862249583e-05,1.0,1e-04
8.639617590233684e-05,1.0,1e-04
7.872418063925579e-05,1.0,1e-04
5.373703606892377e-05,1.0,1e-04
8.72485907166265e-05,1.0,1e-04
7.223251304822043e-05,1.0,1e-04
6.883078458486125e-05,1.0,1e-04
6.734833004884422e-05,1.0,1e-04
5.4568969062529504e-05,1.0,1e-04
5.90222334722057e-05,1.0,1e-04
0.00017548877804074436,1.0,1e-04
7.734969403827563e-05,1.0,1e-04
9.984676580643281e-05,1.0,1e-04
7.815248682163656e-05,1.0,1e-04
8.247418736573309e-05,1.0,1e-04
7.322021701838821e-05,1.0,1e-04
7.769306103000417e-05,1.0,1e-04
6.59124125377275e-05,1.0,1e-04
6.130307883722708e-05,1.0,1e-04
6.587517418665811e-05,1.0,1e-04
5.124723611515947e-05,1.0,1e-04
0.00010619524255162105,1.0,1e-04
5.80759733566083e-05,1.0,1e-04
6.520136230392382e-05,1.0,1e-04
4.70475570182316e-05,1.0,1e-04
6.068941002013162e-05,1.0,1e-04
7.954522152431309e-05,1.0,1e-04
6.751885666744784e-05,1.0,1e-04
0.00011735994485206902,1.0,1e-04
3.497876969049685e-05,1.0,1e-04
4.7247820475604385e-05,1.0,1e-04
5.252653863863088e-05,1.0,1e-04
6.51007576379925e-05,1.0,1e-04
7.195919170044363e-05,1.0,1e-04
4.287304909667e-05,1.0,1e-04
5.821369995828718e-05,1.0,1e-04
0.00010576069325907156,1.0,1e-04
7.870569970691577e-05,1.0,1e-04
3.737437873496674e-05,1.0,1e-04
5.110443089506589e-05,1.0,1e-04
7.488526171073318e-05,1.0,1e-04
4.47781385446433e-05,1.0,1e-04
3.716953142429702e-05,1.0,1e-04
6.25479660811834e-05,1.0,1e-04
3.8422203942900524e-05,1.0,1e-04
8.84800247149542e-05,1.0,1e-04
8.146968320943415e-05,1.0,1e-04
5.922741547692567e-05,1.0,1e-04
4.0088427340378985e-05,1.0,1e-04
3.7991143472027034e-05,1.0,1e-04
7.555969204986468e-05,1.0,1e-04
8.768048428464681e-05,1.0,1e-04
0.000260616623563692,1.0,1e-04
5.871201938134618e-05,1.0,1e-04
8.597610576543957e-05,1.0,1e-04
0.00011432125756982714,1.0,1e-04
6.678204226773232e-05,1.0,1e-04
8.225154306273907e-05,1.0,1e-04
3.82796824851539e-05,1.0,1e-04
7.578954682685435e-05,1.0,1e-04
5.695675645256415e-05,1.0,1e-04
4.106923734070733e-05,1.0,1e-04
6.133392889751121e-05,1.0,1e-04
3.217862467863597e-05,1.0,1e-04
5.8668309065978974e-05,1.0,1e-04
7.456529419869184e-05,1.0,1e-04
3.255649426137097e-05,1.0,1e-04
6.789003236917779e-05,1.0,1e-04
5.661688919644803e-05,1.0,1e-04
7.627108425367624e-05,1.0,1e-04
6.025138281984255e-05,1.0,1e-04
3.491589450277388e-05,1.0,1e-04
4.137943687965162e-05,1.0,1e-04
7.9728000855539e-05,1.0,1e-04
4.511731458478607e-05,1.0,1e-04
5.801948645967059e-05,1.0,1e-04
4.00424723920878e-05,1.0,1e-04
2.7190813852939755e-05,1.0,1e-04
4.110242662136443e-05,1.0,1e-04
5.906275691813789e-05,1.0,1e-04
3.935570566682145e-05,1.0,1e-04
5.647099169436842e-05,1.0,1e-04
4.2924606532324106e-05,1.0,1e-04
3.3318639907520264e-05,1.0,1e-04
3.414801540202461e-05,1.0,1e-04
7.462002395186573e-05,1.0,1e-04
0.00011612259550020099,1.0,1e-04
0.0001278450363315642,1.0,1e-04
7.873277354519814e-05,1.0,1e-04
3.816358730546199e-05,1.0,1e-04
5.7598525017965585e-05,1.0,1e-04
5.822030652780086e-05,1.0,1e-04
3.7152487493585795e-05,1.0,1e-04
3.571479464881122e-05,1.0,1e-04
5.830088412039913e-05,1.0,1e-04
3.19390237564221e-05,1.0,1e-04
4.256250394973904e-05,1.0,1e-04
6.128450331743807e-05,1.0,1e-04
3.757804006454535e-05,1.0,1e-04
4.476342292036861e-05,1.0,1e-04
3.2028798159444705e-05,1.0,1e-04
2.6913870897260495e-05,1.0,1e-04
4.5664779463550076e-05,1.0,1e-04
3.903314427589066e-05,1.0,1e-04
6.471198139479384e-05,1.0,1e-04
3.791385825024918e-05,1.0,1e-04
2.872234290407505e-05,1.0,1e-04
3.3176213037222624e-05,1.0,1e-04
3.0479393899440765e-05,1.0,1e-04
3.388965706108138e-05,1.0,1e-04
3.693223334266804e-05,1.0,1e-04
2.640038655954413e-05,1.0,1e-04
2.9380462365224957e-05,1.0,1e-04
5.2480037993518636e-05,1.0,1e-04
3.2974152418319136e-05,1.0,1e-04
2.8492730052676052e-05,1.0,1e-04
3.480737723293714e-05,1.0,1e-04
4.070565410074778e-05,1.0,1e-04
4.570170131046325e-05,1.0,1e-04
3.354545697220601e-05,1.0,1e-04
5.5257387430174276e-05,1.0,1e-04
3.830358400591649e-05,1.0,1e-04
3.922607720596716e-05,1.0,1e-04
3.180655767209828e-05,1.0,1e-04
5.4947817261563614e-05,1.0,1e-04
3.555011790012941e-05,1.0,1e-04
3.185613968526013e-05,1.0,1e-04
2.4639179173391312e-05,1.0,1e-04
1.9828865333693102e-05,1.0,1e-04
