loss,accuracy,lr
0.744019627571106,0.5,0.001
0.2736464738845825,0.9444444179534912,0.001
0.12164194136857986,0.9722222089767456,0.001
0.06939682364463806,1.0,0.001
0.04162246733903885,1.0,0.001
0.028143687173724174,1.0,0.001
0.020928889513015747,1.0,0.001
0.016361424699425697,1.0,0.001
0.013185442425310612,1.0,0.001
0.010936055332422256,1.0,0.001
0.009340513497591019,1.0,0.001
0.008125968277454376,1.0,0.001
0.0070916637778282166,1.0,0.001
0.006150916218757629,1.0,0.001
0.005310975946485996,1.0,0.001
0.004603836685419083,1.0,0.001
0.00403178995475173,1.0,0.001
0.0035720334853976965,1.0,0.001
0.0031940932385623455,1.0,0.001
0.0028790184296667576,1.0,0.001
0.002615813398733735,1.0,0.001
0.0023941025137901306,1.0,0.001
0.00220667477697134,1.0,0.001
0.002046498702839017,1.0,0.001
0.0019072246504947543,1.0,0.001
0.0017852152232080698,1.0,0.001
0.0016767436172813177,1.0,0.001
0.0015792750054970384,1.0,0.001
0.0014912456972524524,1.0,0.001
0.0014116553356871009,1.0,0.001
0.0013395837740972638,1.0,0.001
0.0012743209954351187,1.0,0.001
0.0012150360271334648,1.0,0.001
0.0011611705413088202,1.0,0.001
0.0011122588766738772,1.0,0.001
0.0010675521334633231,1.0,0.001
0.0010266569443047047,1.0,0.001
0.0009890059009194374,1.0,0.001
0.0009540504543110728,1.0,0.001
0.000921556435059756,1.0,0.001
0.0008911638287827373,1.0,0.001
0.000862684624735266,1.0,0.001
0.000835930579341948,1.0,0.001
0.000810822588391602,1.0,0.001
0.0007872054120525718,1.0,0.001
0.0007649801555089653,1.0,0.001
0.0007440144545398653,1.0,0.001
0.000724212673958391,1.0,0.001
0.0007054855232127011,1.0,0.001
0.0006877108244225383,1.0,0.001
0.0006708886357955635,1.0,0.001
0.0006548833334818482,1.0,0.001
0.0006396783865056932,1.0,0.001
0.0006252012099139392,1.0,0.001
0.0006114187417551875,1.0,0.001
0.0005982944858260453,1.0,0.001
0.0005857557407580316,1.0,0.001
0.0005738159525208175,1.0,0.001
0.0005624088225886226,1.0,0.001
0.0005515342927537858,1.0,0.001
0.0005411626771092415,1.0,0.001
0.0005312477005645633,1.0,0.001
0.0005217463476583362,1.0,0.001
0.0005126685136929154,1.0,0.001
0.0005039249081164598,1.0,0.001
0.0004955154145136476,1.0,0.001
0.0004874103469774127,1.0,0.001
0.0004795800196006894,1.0,0.001
0.0004720012075267732,1.0,0.001
0.000464660522993654,1.0,0.001
0.000457554793683812,1.0,0.001
0.00045066088205203414,1.0,0.001
0.00044394558062776923,1.0,0.00020000001
0.0004426316882018,1.0,0.00020000001
0.0004413310089148581,1.0,0.00020000001
0.0004400633624754846,1.0,0.00020000001
0.0004387990920804441,1.0,0.00020000001
0.00043753813952207565,1.0,0.00020000001
0.0004363036132417619,1.0,0.00020000001
0.0004350790986791253,1.0,0.00020000001
0.0004338676808401942,1.0,0.00020000001
0.0004326596681494266,1.0,0.00020000001
0.00043145494419150054,1.0,1e-04
0.00043085592915304005,1.0,1e-04
0.00043027009814977646,1.0,1e-04
0.00042966773617081344,1.0,1e-04
0.00042909185867756605,1.0,1e-04
0.00042849278543144464,1.0,1e-04
0.0004279069835320115,1.0,1e-04
0.0004273211816325784,1.0,1e-04
0.00042673537973314524,1.0,1e-04
0.00042614294216036797,1.0,1e-04
0.00042557032429613173,1.0,1e-04
0.0004249746270943433,1.0,1e-04
0.0004243887960910797,1.0,1e-04
0.00042380631202831864,1.0,1e-04
0.00042322048102505505,1.0,1e-04
0.0004226412856951356,1.0,1e-04
0.0004220588016323745,1.0,1e-04
0.00042148950160481036,1.0,1e-04
0.0004208904574625194,1.0,1e-04
0.0004203112912364304,1.0,1e-04
0.00041970890015363693,1.0,1e-04
0.0004191396292299032,1.0,1e-04
0.00041855048038996756,1.0,1e-04
0.0004179580428171903,1.0,1e-04
0.0004173656343482435,1.0,1e-04
0.0004167830920778215,1.0,1e-04
0.00041618404793553054,1.0,1e-04
0.00041560488170944154,1.0,1e-04
0.00041500580846332014,1.0,1e-04
0.00041441997746005654,1.0,1e-04
0.0004138275107834488,1.0,1e-04
0.00041322846664115787,1.0,1e-04
0.0004126393178012222,1.0,1e-04
0.00041204027365893126,1.0,1e-04
0.00041145444265566766,1.0,1e-04
0.0004108454450033605,1.0,1e-04
0.00041024305392056704,1.0,1e-04
0.0004096539632882923,1.0,1e-04
0.0004090515722054988,1.0,1e-04
0.0004084524989593774,1.0,1e-04
0.00040787001489661634,1.0,1e-04
0.00040724442806094885,1.0,1e-04
0.0004066586261615157,1.0,1e-04
0.0004060429928358644,1.0,1e-04
0.00040544060175307095,1.0,1e-04
0.00040484152850694954,1.0,1e-04
0.0004042424843646586,1.0,1e-04
0.0004036367463413626,1.0,1e-04
0.00040304765570908785,1.0,1e-04
0.00040243531111627817,1.0,1e-04
0.00040181970689445734,1.0,1e-04
0.0004012139979749918,1.0,1e-04
0.0004006016824860126,1.0,1e-04
0.0003999893961008638,1.0,1e-04
0.00039939690032042563,1.0,1e-04
0.0003987780073657632,1.0,1e-04
0.0003981789341196418,1.0,1e-04
0.00039755337638780475,1.0,1e-04
0.0003969476674683392,1.0,1e-04
0.00039634527638554573,1.0,1e-04
0.0003957395674660802,1.0,1e-04
0.0003951106918975711,1.0,1e-04
0.00039450169424526393,1.0,1e-04
0.0003938860318157822,1.0,1e-04
0.0003932770632673055,1.0,1e-04
0.0003926647477783263,1.0,1e-04
0.00039204908534884453,1.0,1e-04
0.00039143679896369576,1.0,1e-04
0.0003908244543708861,1.0,1e-04
0.0003902055323123932,1.0,1e-04
0.0003895898989867419,1.0,1e-04
0.00038898084312677383,1.0,1e-04
0.00038835860323160887,1.0,1e-04
0.0003877462586387992,1.0,1e-04
0.0003871273365803063,1.0,1e-04
0.0003865183098241687,1.0,1e-04
0.00038590599433518946,1.0,1e-04
0.00038528707227669656,1.0,1e-04
0.0003846647741738707,1.0,1e-04
0.0003840458521153778,1.0,1e-04
0.00038343353662639856,1.0,1e-04
0.0003828179033007473,1.0,1e-04
0.00038220224087126553,1.0,1e-04
0.0003815865784417838,1.0,1e-04
0.00038096102070994675,1.0,1e-04
0.0003803586005233228,1.0,1e-04
0.0003797330427914858,1.0,1e-04
0.00037912066909484565,1.0,1e-04
0.000378491822630167,1.0,1e-04
0.00037788611371070147,1.0,1e-04
0.0003772704512812197,1.0,1e-04
0.0003766448935493827,1.0,1e-04
0.0003760193067137152,1.0,1e-04
0.0003754102799575776,1.0,1e-04
0.00037480125320144,1.0,1e-04
0.00037418227293528616,1.0,1e-04
0.00037357662222348154,1.0,1e-04
0.0003729510062839836,1.0,1e-04
0.00037233863258734345,1.0,1e-04
0.0003717163926921785,1.0,1e-04
0.0003711073659360409,1.0,1e-04
0.00037048838566988707,1.0,1e-04
0.0003698760410770774,1.0,1e-04
0.0003692636964842677,1.0,1e-04
0.00036865135189145803,1.0,1e-04
0.00036803571856580675,1.0,1e-04
0.0003674167674034834,1.0,1e-04
0.00036679449840448797,1.0,1e-04
0.0003661887312773615,1.0,1e-04
0.0003655863692983985,1.0,1e-04
0.0003649640711955726,1.0,1e-04
0.0003643516974989325,1.0,1e-04
0.0003637360641732812,1.0,1e-04
0.00036311379517428577,1.0,1e-04
0.0003625014505814761,1.0,1e-04
0.00036190898390486836,1.0,1e-04
0.0003612933214753866,1.0,1e-04
0.0003606875834520906,1.0,1e-04
0.00036006199661642313,1.0,1e-04
0.00035945625859312713,1.0,1e-04
0.0003588538384065032,1.0,1e-04
0.0003582348581403494,1.0,1e-04
0.00035761590697802603,1.0,1e-04
0.0003570200933609158,1.0,1e-04
0.0003564177022781223,1.0,1e-04
0.00035579869290813804,1.0,1e-04
0.00035520290839485824,1.0,1e-04
0.00035458061029203236,1.0,1e-04
0.00035397158353589475,1.0,1e-04
0.0003533823764882982,1.0,1e-04
0.0003527700318954885,1.0,1e-04
0.00035216097603552043,1.0,1e-04
0.0003515585558488965,1.0,1e-04
0.0003509627713356167,1.0,1e-04
0.0003503603511489928,1.0,1e-04
0.00034975126618519425,1.0,1e-04
0.00034915548167191446,1.0,1e-04
0.0003485464258119464,1.0,1e-04
0.0003479406877886504,1.0,1e-04
0.0003473415563348681,1.0,1e-04
0.0003467424539849162,1.0,1e-04
0.0003461333690211177,1.0,1e-04
0.0003455442492850125,1.0,1e-04
0.0003449450887273997,1.0,1e-04
0.0003443493042141199,1.0,1e-04
0.00034375349059700966,1.0,1e-04
0.00034315104130655527,1.0,1e-04
0.0003425452741794288,1.0,1e-04
0.000341949489666149,1.0,1e-04
0.00034135038731619716,1.0,1e-04
0.00034075125586241484,1.0,1e-04
0.0003401587309781462,1.0,1e-04
0.00033956291736103594,1.0,1e-04
0.0003389637859072536,1.0,1e-04
0.00033836797229014337,1.0,1e-04
0.0003377787652425468,1.0,1e-04
0.00033719290513545275,1.0,1e-04
0.0003365904849488288,1.0,1e-04
0.00033601452014409006,1.0,1e-04
0.0003354153595864773,1.0,1e-04
0.00033482289290986955,1.0,1e-04
0.0003342436102684587,1.0,1e-04
0.00033364779665134847,1.0,1e-04
0.00033305195393040776,1.0,1e-04
0.0003324594581499696,1.0,1e-04
0.0003318802046123892,1.0,1e-04
0.00033128767972812057,1.0,1e-04
0.00033072163932956755,1.0,1e-04
0.0003301291144452989,1.0,1e-04
0.0003295432252343744,1.0,1e-04
0.00032895070035010576,1.0,1e-04
0.0003283714468125254,1.0,1e-04
0.00032779548200778663,1.0,1e-04
0.00032721288152970374,1.0,1e-04
0.0003266237035859376,1.0,1e-04
0.0003260510566178709,1.0,1e-04
0.00032547840964980423,1.0,1e-04
0.0003248825669288635,1.0,1e-04
0.00032430991996079683,1.0,1e-04
0.0003237372438888997,1.0,1e-04
0.0003231547016184777,1.0,1e-04
0.00032257873681373894,1.0,1e-04
0.00032199942506849766,1.0,1e-04
0.0003214367025066167,1.0,1e-04
0.00032087069121189415,1.0,1e-04
0.0003202880616299808,1.0,1e-04
0.0003197253681719303,1.0,1e-04
0.0003191527212038636,1.0,1e-04
0.0003185866808053106,1.0,1e-04
0.0003180206404067576,1.0,1e-04
0.00031744135776534677,1.0,1e-04
0.0003168753464706242,1.0,1e-04
0.00031631917227059603,1.0,1e-04
0.00031573991873301566,1.0,1e-04
0.0003151771961711347,1.0,1e-04
0.0003146078670397401,1.0,1e-04
0.0003140583576168865,1.0,1e-04
0.0003134823637083173,1.0,1e-04
0.0003129229589831084,1.0,1e-04
0.00031237013172358274,1.0,1e-04
0.0003118008025921881,1.0,1e-04
0.0003112480044364929,1.0,1e-04
0.00031069849501363933,1.0,1e-04
0.0003101357724517584,1.0,1e-04
0.0003095664142165333,1.0,1e-04
0.00030901364516466856,1.0,1e-04
0.00030845418223179877,1.0,1e-04
0.00030790470191277564,1.0,1e-04
0.00030734858592040837,1.0,1e-04
0.00030679578776471317,1.0,1e-04
0.0003062462783418596,1.0,1e-04
0.0003056934801861644,1.0,1e-04
0.0003051472594961524,1.0,1e-04
0.00030459777917712927,1.0,1e-04
0.00030404169228859246,1.0,1e-04
0.00030349878943525255,1.0,1e-04
0.0003029460203833878,1.0,1e-04
0.00030239977058954537,1.0,1e-04
0.0003018668794538826,1.0,1e-04
0.00030131073435768485,1.0,1e-04
0.00030077778501436114,1.0,1e-04
0.0003002349112648517,1.0,1e-04
0.00029968208400532603,1.0,1e-04
0.0002991491346620023,1.0,1e-04
0.0002986029430758208,1.0,1e-04
0.00029807331156916916,1.0,1e-04
0.0002975304378196597,1.0,1e-04
0.000296997488476336,1.0,1e-04
0.0002964612504001707,1.0,1e-04
0.0002959183184430003,1.0,1e-04
0.0002953886869363487,1.0,1e-04
0.0002948524197563529,1.0,1e-04
0.00029432607698254287,1.0,1e-04
0.0002937931567430496,1.0,1e-04
0.0002932503120973706,1.0,1e-04
0.0002927305758930743,1.0,1e-04
0.0002922042040154338,1.0,1e-04
0.0002916812081821263,1.0,1e-04
0.0002911449410021305,1.0,1e-04
0.0002906285226345062,1.0,1e-04
0.00029010881553404033,1.0,1e-04
0.00028957915492355824,1.0,1e-04
0.0002890495234169066,1.0,1e-04
0.00028852978721261024,1.0,1e-04
0.00028800347354263067,1.0,1e-04
0.00028749037301167846,1.0,1e-04
0.00028696737717837095,1.0,1e-04
0.00028645095881074667,1.0,1e-04
0.0002859312517102808,1.0,1e-04
0.0002854082267731428,1.0,1e-04
0.0002848951262421906,1.0,1e-04
0.00028438531444408,1.0,1e-04
0.00028387553174979985,1.0,1e-04
0.000283359142486006,1.0,1e-04
0.0002828460419550538,1.0,1e-04
0.00028233291232027113,1.0,1e-04
0.00028181320521980524,1.0,1e-04
0.0002813166647683829,1.0,1e-04
0.0002808002464007586,1.0,1e-04
0.0002802970993798226,1.0,1e-04
0.00027979392325505614,1.0,1e-04
0.0002792741870507598,1.0,1e-04
0.00027876769308932126,1.0,1e-04
0.0002782811061479151,1.0,1e-04
0.0002777680056169629,1.0,1e-04
0.00027725487598218024,1.0,1e-04
0.00027675169985741377,1.0,1e-04
0.00027625850634649396,1.0,1e-04
0.0002757652255240828,1.0,1e-04
0.0002752687141764909,1.0,1e-04
0.0002747589023783803,1.0,1e-04
0.0002742590440902859,1.0,1e-04
0.000273779034614563,1.0,1e-04
0.00027326925192028284,1.0,1e-04
0.0002727760002017021,1.0,1e-04
0.00027229267288930714,1.0,1e-04
0.000271782890195027,1.0,1e-04
0.00027128963847644627,1.0,1e-04
0.0002708162646740675,1.0,1e-04
0.00027031643548980355,1.0,1e-04
0.00026982981944456697,1.0,1e-04
0.0002693299320526421,1.0,1e-04
0.0002688466338440776,1.0,1e-04
0.0002683699131011963,1.0,1e-04
0.0002678667660802603,1.0,1e-04
0.000267390045337379,1.0,1e-04
0.00026689679361879826,1.0,1e-04
0.0002664201019797474,1.0,1e-04
0.0002659533638507128,1.0,1e-04
0.00026545679429546,1.0,1e-04
0.00026499334489926696,1.0,1e-04
0.00026451333542354405,1.0,1e-04
0.00026402671937830746,1.0,1e-04
0.00026354670990258455,1.0,1e-04
0.0002630666713230312,1.0,1e-04
0.0002625932975206524,1.0,1e-04
0.00026211992371827364,1.0,1e-04
0.00026163330767303705,1.0,1e-04
0.0002611764648463577,1.0,1e-04
0.00026069642626680434,1.0,1e-04
0.0002602362947072834,1.0,1e-04
0.000259759632172063,1.0,1e-04
0.0002592928649391979,1.0,1e-04
0.0002588327042758465,1.0,1e-04
0.00025835930136963725,1.0,1e-04
0.0002578892163001001,1.0,1e-04
0.00025743237347342074,1.0,1e-04
0.00025695571093820035,1.0,1e-04
0.00025650879251770675,1.0,1e-04
0.0002560453722253442,1.0,1e-04
0.00025557854678481817,1.0,1e-04
0.000255131657468155,1.0,1e-04
0.00025465828366577625,1.0,1e-04
0.00025420475867576897,1.0,1e-04
0.0002537412801757455,1.0,1e-04
0.0002532943617552519,1.0,1e-04
0.00025285076117143035,1.0,1e-04
0.00025238399393856525,1.0,1e-04
0.0002519271511118859,1.0,1e-04
0.00025148026179522276,1.0,1e-04
0.0002510167832951993,1.0,1e-04
0.0002505798183847219,1.0,1e-04
0.00025013292906805873,1.0,1e-04
0.00024967934587039053,1.0,1e-04
0.0002492126077413559,1.0,1e-04
0.0002487822202965617,1.0,1e-04
0.0002483320131432265,1.0,1e-04
0.00024788512382656336,1.0,1e-04
0.0002474448410794139,1.0,1e-04
0.00024700452922843397,1.0,1e-04
0.00024655761080794036,1.0,1e-04
0.00024612396373413503,1.0,1e-04
0.00024567043874412775,1.0,1e-04
0.0002452466869726777,1.0,1e-04
0.00024480311549268663,1.0,1e-04
0.00024437272804789245,1.0,1e-04
0.00024393241619691253,1.0,1e-04
0.00024349878367502242,1.0,1e-04
0.00024306838167831302,1.0,1e-04
0.00024263141676783562,1.0,1e-04
0.00024219445185735822,1.0,1e-04
0.0002417673822492361,1.0,1e-04
0.00024132709950208664,1.0,1e-04
0.00024090666556730866,1.0,1e-04
0.00024048291379585862,1.0,1e-04
0.000240045934333466,1.0,1e-04
0.00023962880368344486,1.0,1e-04
0.0002392017631791532,1.0,1e-04
0.00023878461797721684,1.0,1e-04
0.00023834436433389783,1.0,1e-04
0.00023793053696863353,1.0,1e-04
0.00023750349646434188,1.0,1e-04
0.000237076441408135,1.0,1e-04
0.00023666593187954277,1.0,1e-04
0.00023624880122952163,1.0,1e-04
0.0002358316705795005,1.0,1e-04
0.00023541126574855298,1.0,1e-04
0.00023498419614043087,1.0,1e-04
0.0002345770044485107,1.0,1e-04
0.00023417314514517784,1.0,1e-04
0.00023374607553705573,1.0,1e-04
0.00023333558056037873,1.0,1e-04
0.0002329250710317865,1.0,1e-04
0.00023252450046129525,1.0,1e-04
0.0002321007486898452,1.0,1e-04
0.00023169688938651234,1.0,1e-04
0.0002312764263479039,1.0,1e-04
0.0002308791590621695,1.0,1e-04
0.00023047196737024933,1.0,1e-04
0.0002300647902302444,1.0,1e-04
0.00022965759853832424,1.0,1e-04
0.00022925702796783298,1.0,1e-04
0.00022884651843924075,1.0,1e-04
0.0002284492366015911,1.0,1e-04
0.0002280519693158567,1.0,1e-04
0.00022763486776966602,1.0,1e-04
0.0002272508281748742,1.0,1e-04
0.00022685025760438293,1.0,1e-04
0.0002264463691972196,1.0,1e-04
0.00022604911646340042,1.0,1e-04
0.0002256452280562371,1.0,1e-04
0.00022526121756527573,1.0,1e-04
0.0002248573291581124,1.0,1e-04
0.00022446666844189167,1.0,1e-04
0.0002240760368295014,1.0,1e-04
0.00022368208738043904,1.0,1e-04
0.0002232881379313767,1.0,1e-04
0.0002228974917670712,1.0,1e-04
0.00022249692119657993,1.0,1e-04
0.000222119502723217,1.0,1e-04
0.00022173217439558357,1.0,1e-04
0.0002213481639046222,1.0,1e-04
0.00022096412430983037,1.0,1e-04
0.00022056685702409595,1.0,1e-04
0.00022018614981789142,1.0,1e-04
0.0002198087313445285,1.0,1e-04
0.00021941807062830776,1.0,1e-04
0.00021904398454353213,1.0,1e-04
0.00021865667076781392,1.0,1e-04
0.0002182825846830383,1.0,1e-04
0.00021790516620967537,1.0,1e-04
0.00021752442989964038,1.0,1e-04
0.000217140419408679,1.0,1e-04
0.00021676963660866022,1.0,1e-04
0.00021638561156578362,1.0,1e-04
0.00021601811749860644,1.0,1e-04
0.00021563409245572984,1.0,1e-04
0.00021526000637095422,1.0,1e-04
0.00021488923812285066,1.0,1e-04
0.0002145283651771024,1.0,1e-04
0.00021414434013422579,1.0,1e-04
0.00021378349629230797,1.0,1e-04
0.00021340939565561712,1.0,1e-04
0.0002130385983036831,1.0,1e-04
0.00021267443662509322,1.0,1e-04
0.00021230366837698966,1.0,1e-04
0.0002119427954312414,1.0,1e-04
0.00021157864830456674,1.0,1e-04
0.00021120785095263273,1.0,1e-04
0.00021085362823214382,1.0,1e-04
0.0002104828308802098,1.0,1e-04
0.00021011535136494786,1.0,1e-04
0.00020975118968635798,1.0,1e-04
0.00020939034584444016,1.0,1e-04
0.00020903279073536396,1.0,1e-04
0.00020867855346295983,1.0,1e-04
0.000208317709621042,1.0,1e-04
0.00020797339675482363,1.0,1e-04
0.0002076125529129058,1.0,1e-04
0.0002072483766824007,1.0,1e-04
0.0002068941539619118,1.0,1e-04
0.00020652996317949146,1.0,1e-04
0.00020618567941710353,1.0,1e-04
0.00020583142759278417,1.0,1e-04
0.00020547058375086635,1.0,1e-04
0.0002051262854365632,1.0,1e-04
0.00020477866928558797,1.0,1e-04
0.00020442443201318383,1.0,1e-04
0.0002040768158622086,1.0,1e-04
0.00020372919971123338,1.0,1e-04
0.0002033782802755013,1.0,1e-04
0.00020303396740928292,1.0,1e-04
0.00020269627566449344,1.0,1e-04
0.00020235197735019028,1.0,1e-04
0.00020199774007778615,1.0,1e-04
0.00020166336616966873,1.0,1e-04
0.00020131244673393667,1.0,1e-04
0.00020097475498914719,1.0,1e-04
0.00020063045667484403,1.0,1e-04
0.00020029275037813932,1.0,1e-04
0.00019995839102193713,1.0,1e-04
0.0001996107748709619,1.0,1e-04
0.00019926646200474352,1.0,1e-04
0.00019892548152711242,1.0,1e-04
0.00019860104657709599,1.0,1e-04
0.00019826005154754966,1.0,1e-04
0.00019791904196608812,1.0,1e-04
0.00019758135022129864,1.0,1e-04
0.00019724367302842438,1.0,1e-04
0.00019691590568982065,1.0,1e-04
0.00019658483506646007,1.0,1e-04
0.0001962504757102579,1.0,1e-04
0.0001959227374754846,1.0,1e-04
0.00019559495558496565,1.0,1e-04
0.00019526059622876346,1.0,1e-04
0.00019493285799399018,1.0,1e-04
0.0001945984549820423,1.0,1e-04
0.00019427402003202587,1.0,1e-04
0.00019393964612390846,1.0,1e-04
0.00019362183229532093,1.0,1e-04
0.00019329736824147403,1.0,1e-04
0.0001929729332914576,1.0,1e-04
0.0001926451805047691,1.0,1e-04
0.00019232403428759426,1.0,1e-04
0.0001919929782161489,1.0,1e-04
0.00019168508879374713,1.0,1e-04
0.00019134407921228558,1.0,1e-04
0.0001910428109113127,1.0,1e-04
0.0001907216792460531,1.0,1e-04
0.00019040385086555034,1.0,1e-04
0.00019007611263077706,1.0,1e-04
0.0001897516631288454,1.0,1e-04
0.0001894404413178563,1.0,1e-04
0.00018912593077402562,1.0,1e-04
0.0001888047845568508,1.0,1e-04
0.000188496895134449,1.0,1e-04
0.00018818239914253354,1.0,1e-04
0.00018785131396725774,1.0,1e-04
0.00018755003111436963,1.0,1e-04
0.00018722891400102526,1.0,1e-04
0.0001869177067419514,1.0,1e-04
0.0001866230450104922,1.0,1e-04
0.00018630521662998945,1.0,1e-04
0.0001859973417595029,1.0,1e-04
0.00018568613450042903,1.0,1e-04
0.0001853716094046831,1.0,1e-04
0.00018506040214560926,1.0,1e-04
0.00018475583055987954,1.0,1e-04
0.0001844644866650924,1.0,1e-04
0.00018414665828458965,1.0,1e-04
0.00018385199655313045,1.0,1e-04
0.00018353087943978608,1.0,1e-04
0.00018323621770832688,1.0,1e-04
0.00018293163157068193,1.0,1e-04
0.00018262042431160808,1.0,1e-04
0.00018232909496873617,1.0,1e-04
0.000182024494279176,1.0,1e-04
0.00018171330157201737,1.0,1e-04
0.00018142857879865915,1.0,1e-04
0.00018111405370291322,1.0,1e-04
0.0001808161032386124,1.0,1e-04
0.0001805214415071532,1.0,1e-04
0.00018023673328571022,1.0,1e-04
0.0001799288293113932,1.0,1e-04
0.00017962424317374825,1.0,1e-04
0.00017932958144228905,1.0,1e-04
0.00017904485866893083,1.0,1e-04
0.00017874692275654525,1.0,1e-04
0.00017845886759459972,1.0,1e-04
0.00017816090257838368,1.0,1e-04
0.00017787617980502546,1.0,1e-04
0.00017757160821929574,1.0,1e-04
0.00017727362865116447,1.0,1e-04
0.00017699220916256309,1.0,1e-04
0.00017670418310444802,1.0,1e-04
0.0001764128392096609,1.0,1e-04
0.00017612811643630266,1.0,1e-04
0.0001758400903781876,1.0,1e-04
0.00017554874648340046,1.0,1e-04
0.00017527064483147115,1.0,1e-04
0.00017496937653049827,1.0,1e-04
0.00017468795704189688,1.0,1e-04
0.0001744131586747244,1.0,1e-04
0.00017411189037375152,1.0,1e-04
0.00017383048543706536,1.0,1e-04
0.00017356229363940656,1.0,1e-04
0.00017327428213320673,1.0,1e-04
0.0001729829382384196,1.0,1e-04
0.00017270482203457505,1.0,1e-04
0.00017243002366740257,1.0,1e-04
0.00017214530089404434,1.0,1e-04
0.00017186719924211502,1.0,1e-04
0.00017159241542685777,1.0,1e-04
0.00017131763161160052,1.0,1e-04
0.00017102959100157022,1.0,1e-04
0.00017074818606488407,1.0,1e-04
0.00017047008441295475,1.0,1e-04
0.00017019528604578227,1.0,1e-04
0.0001699204876786098,1.0,1e-04
0.0001696424005785957,1.0,1e-04
0.00016938414773903787,1.0,1e-04
0.0001691027428023517,1.0,1e-04
0.0001688312622718513,1.0,1e-04
0.0001685664028627798,1.0,1e-04
0.00016828166553750634,1.0,1e-04
0.00016801018500700593,1.0,1e-04
0.00016774532559793442,1.0,1e-04
0.00016747054178267717,1.0,1e-04
0.0001672023645369336,1.0,1e-04
0.00016693418729119003,1.0,1e-04
0.00016665940347593278,1.0,1e-04
0.00016640446847304702,1.0,1e-04
0.0001661329879425466,1.0,1e-04
0.0001658615074120462,1.0,1e-04
0.00016559666255488992,1.0,1e-04
0.00016533178859390318,1.0,1e-04
0.000165060322615318,1.0,1e-04
0.00016480867634527385,1.0,1e-04
0.00016453719581477344,1.0,1e-04
0.000164275654242374,1.0,1e-04
0.00016401411266997457,1.0,1e-04
0.00016374923870898783,1.0,1e-04
0.00016348106146324426,1.0,1e-04
0.0001632128842175007,1.0,1e-04
0.000162961267051287,1.0,1e-04
0.00016269971092697233,1.0,1e-04
0.0001624447904760018,1.0,1e-04
0.00016218324890360236,1.0,1e-04
0.0001619283139007166,1.0,1e-04
0.000161670075613074,1.0,1e-04
0.0001614085049368441,1.0,1e-04
0.00016115356993395835,1.0,1e-04
0.00016089866403490305,1.0,1e-04
0.00016063379007391632,1.0,1e-04
0.00016038880858104676,1.0,1e-04
0.00016012723790481687,1.0,1e-04
0.00015988555969670415,1.0,1e-04
0.00015963394253049046,1.0,1e-04
0.00015936908312141895,1.0,1e-04
0.00015911745140329003,1.0,1e-04
0.0001588691520737484,1.0,1e-04
0.0001586175203556195,1.0,1e-04
0.0001583659031894058,1.0,1e-04
0.00015812090714462101,1.0,1e-04
0.00015786598669365048,1.0,1e-04
0.00015760774840600789,1.0,1e-04
0.00015735943452455103,1.0,1e-04
0.0001571177417645231,1.0,1e-04
0.00015686942788306624,1.0,1e-04
0.00015662443183828145,1.0,1e-04
0.0001563694968353957,1.0,1e-04
0.00015613442519679666,1.0,1e-04
0.0001558861113153398,1.0,1e-04
0.00015563781198579818,1.0,1e-04
0.00015538951265625656,1.0,1e-04
0.00015515444101765752,1.0,1e-04
0.0001549094304209575,1.0,1e-04
0.00015466111653950065,1.0,1e-04
0.00015442604490090162,1.0,1e-04
0.00015418106340803206,1.0,1e-04
0.00015393605281133205,1.0,1e-04
0.00015369766333606094,1.0,1e-04
0.00015344936400651932,1.0,1e-04
0.00015320436796173453,1.0,1e-04
0.00015297922072932124,1.0,1e-04
0.00015274417819455266,1.0,1e-04
0.00015249915304593742,1.0,1e-04
0.00015226077812258154,1.0,1e-04
0.000152005857671611,1.0,1e-04
0.0001517840282758698,1.0,1e-04
0.00015155227447394282,1.0,1e-04
0.0001513072638772428,1.0,1e-04
0.0001510821166448295,1.0,1e-04
0.00015084375627338886,1.0,1e-04
0.00015061198791954666,1.0,1e-04
0.00015036368859000504,1.0,1e-04
0.000150128616951406,1.0,1e-04
0.00014990348427090794,1.0,1e-04
0.00014968164032325149,1.0,1e-04
0.00014944329450372607,1.0,1e-04
0.00014920490502845496,1.0,1e-04
0.00014897645451128483,1.0,1e-04
0.00014874798944219947,1.0,1e-04
0.0001485096145188436,1.0,1e-04
0.00014829443534836173,1.0,1e-04
0.00014806595572736114,1.0,1e-04
0.00014784082304686308,1.0,1e-04
0.00014760576596017927,1.0,1e-04
0.00014737069432158023,1.0,1e-04
0.0001471422438044101,1.0,1e-04
0.0001469204289605841,1.0,1e-04
0.00014669529628008604,1.0,1e-04
0.00014645690680481493,1.0,1e-04
0.00014624501636717469,1.0,1e-04
0.00014601656585000455,1.0,1e-04
0.00014578811533283442,1.0,1e-04
0.0001455729070585221,1.0,1e-04
0.00014533453213516623,1.0,1e-04
0.0001451060816179961,1.0,1e-04
0.00014488757005892694,1.0,1e-04
0.00014466575521510094,1.0,1e-04
0.0001444439112674445,1.0,1e-04
0.00014422539970837533,1.0,1e-04
0.00014400026702787727,1.0,1e-04
0.00014377842308022082,1.0,1e-04
0.0001435731683159247,1.0,1e-04
0.00014334470324683934,1.0,1e-04
0.00014312950952444226,1.0,1e-04
0.0001429010444553569,1.0,1e-04
0.00014268916856963187,1.0,1e-04
0.00014246733917389065,1.0,1e-04
0.0001422422064933926,1.0,1e-04
0.00014203361934050918,1.0,1e-04
0.00014182172890286893,1.0,1e-04
0.00014160321734379977,1.0,1e-04
0.00014137807011138648,1.0,1e-04
0.00014115624071564525,1.0,1e-04
0.00014094766811467707,1.0,1e-04
0.0001407357631251216,1.0,1e-04
0.00014052385813556612,1.0,1e-04
0.00014030204329174012,1.0,1e-04
0.00014010669838171452,1.0,1e-04
0.00013988818682264537,1.0,1e-04
0.00013966966071166098,1.0,1e-04
0.00013946439139544964,1.0,1e-04
0.00013924586528446525,1.0,1e-04
0.00013903067156206816,1.0,1e-04
0.00013882540224585682,1.0,1e-04
0.00013861349725630134,1.0,1e-04
0.0001384016068186611,1.0,1e-04
0.00013819300511386245,1.0,1e-04
0.00013798443251289427,1.0,1e-04
0.0001377758599119261,1.0,1e-04
0.0001375639549223706,1.0,1e-04
0.00013736861001234502,1.0,1e-04
0.00013715671957470477,1.0,1e-04
0.00013694813242182136,1.0,1e-04
0.00013673292414750904,1.0,1e-04
0.00013653095811605453,1.0,1e-04
0.00013633229536935687,1.0,1e-04
0.00013613366172648966,1.0,1e-04
0.00013591843890026212,1.0,1e-04
0.00013572310854215175,1.0,1e-04
0.0001355045969830826,1.0,1e-04
0.00013530593423638493,1.0,1e-04
0.00013510066492017359,1.0,1e-04
0.00013490201672539115,1.0,1e-04
0.00013469673285726458,1.0,1e-04
0.00013449808466248214,1.0,1e-04
0.00013429611863102764,1.0,1e-04
0.0001340974704362452,1.0,1e-04
0.0001338955044047907,1.0,1e-04
0.00013369352382142097,1.0,1e-04
0.00013348826905712485,1.0,1e-04
0.00013329292414709926,1.0,1e-04
0.0001330942614004016,1.0,1e-04
0.00013289559865370393,1.0,1e-04
0.00013269696501083672,1.0,1e-04
0.00013250492338556796,1.0,1e-04
0.00013229965406935662,1.0,1e-04
0.00013211093028075993,1.0,1e-04
0.00013190897880122066,1.0,1e-04
0.00013171033060643822,1.0,1e-04
0.00013151828898116946,1.0,1e-04
0.00013131632294971496,1.0,1e-04
0.00013113752356730402,1.0,1e-04
0.00013094219320919365,1.0,1e-04
0.00013074684829916805,1.0,1e-04
0.00013054156443104148,1.0,1e-04
0.00013035285519436002,1.0,1e-04
0.00013016743469052017,1.0,1e-04
0.00012995884753763676,1.0,1e-04
0.00012977344158571213,1.0,1e-04
0.00012957809667568654,1.0,1e-04
0.00012939600856043398,1.0,1e-04
0.00012920064909849316,1.0,1e-04
0.00012900862202513963,1.0,1e-04
0.00012880665599368513,1.0,1e-04
0.0001286278711631894,1.0,1e-04
0.00012843914737459272,1.0,1e-04
0.0001282471203012392,1.0,1e-04
0.00012804845755454153,1.0,1e-04
0.00012786635488737375,1.0,1e-04
0.00012767763109877706,1.0,1e-04
0.0001275021641049534,1.0,1e-04
0.0001272968656849116,1.0,1e-04
0.00012713795877061784,1.0,1e-04
0.0001269326894544065,1.0,1e-04
0.00012674726895056665,1.0,1e-04
0.00012655854516196996,1.0,1e-04
0.0001263764570467174,1.0,1e-04
0.00012618773325812072,1.0,1e-04
0.00012602220522239804,1.0,1e-04
0.00012581690680235624,1.0,1e-04
0.00012563151540234685,1.0,1e-04
0.00012546924699563533,1.0,1e-04
0.00012527723447419703,1.0,1e-04
0.00012509181397035718,1.0,1e-04
0.00012491301458794624,1.0,1e-04
0.0001247209875145927,1.0,1e-04
0.00012453226372599602,1.0,1e-04
0.00012436340330168605,1.0,1e-04
0.00012419786071404815,1.0,1e-04
0.00012400583364069462,1.0,1e-04
0.00012382042768877,1.0,1e-04
0.0001236515527125448,1.0,1e-04
0.00012346614676062018,1.0,1e-04
0.0001232906652148813,1.0,1e-04
0.00012311188038438559,1.0,1e-04
0.00012293309555388987,1.0,1e-04
0.00012275429617147893,1.0,1e-04
0.0001225755113409832,1.0,1e-04
0.00012239671195857227,1.0,1e-04
0.00012221460929140449,1.0,1e-04
0.00012204576341900975,1.0,1e-04
0.00012186697131255642,1.0,1e-04
0.00012169149704277515,1.0,1e-04
0.00012151602277299389,1.0,1e-04
0.00012134715507272631,1.0,1e-04
0.00012116836296627298,1.0,1e-04
0.00012100612366339192,1.0,1e-04
0.00012082072498742491,1.0,1e-04
0.00012064192560501397,1.0,1e-04
0.00012046975461998954,1.0,1e-04
0.00012030090147163719,1.0,1e-04
0.00012013535888399929,1.0,1e-04
0.00011995657405350357,1.0,1e-04
0.00011978108523180708,1.0,1e-04
0.00011960891424678266,1.0,1e-04
0.00011943675053771585,1.0,1e-04
0.0001192811323562637,1.0,1e-04
0.00011909571912838146,1.0,1e-04
0.00011892355541931465,1.0,1e-04
0.0001187613233923912,1.0,1e-04
0.00011858914513140917,1.0,1e-04
0.00011841034574899822,1.0,1e-04
0.00011824480316136032,1.0,1e-04
0.00011807926057372242,1.0,1e-04
0.00011792364966822788,1.0,1e-04
0.00011774155427701771,1.0,1e-04
0.00011757930769817904,1.0,1e-04
0.00011741045454982668,1.0,1e-04
0.00011724491196218878,1.0,1e-04
0.0001170760442619212,1.0,1e-04
0.00011691381223499775,1.0,1e-04
0.00011675487621687353,1.0,1e-04
0.00011658602306852117,1.0,1e-04
0.00011641715536825359,1.0,1e-04
0.00011625493061728776,1.0,1e-04
0.00011608938802964985,1.0,1e-04
0.00011592052760533988,1.0,1e-04
0.00011576490942388773,1.0,1e-04
0.00011559274571482092,1.0,1e-04
0.0001154338096966967,1.0,1e-04
0.0001152682671090588,1.0,1e-04
0.0001151093456428498,1.0,1e-04
0.00011494710633996874,1.0,1e-04
0.00011478485976113006,1.0,1e-04
0.00011462262773420662,1.0,1e-04
0.00011445046402513981,1.0,1e-04
0.00011428823199821636,1.0,1e-04
0.00011413590982556343,1.0,1e-04
0.00011397367779863998,1.0,1e-04
0.00011383462697267532,1.0,1e-04
0.00011366577382432297,1.0,1e-04
0.00011350021668476984,1.0,1e-04
0.00011335121962474659,1.0,1e-04
0.00011317242751829326,1.0,1e-04
0.00011302011989755556,1.0,1e-04
0.00011286450899206102,1.0,1e-04
0.00011270226968917996,1.0,1e-04
0.00011254334822297096,1.0,1e-04
0.00011239436571486294,1.0,1e-04
0.00011223211913602427,1.0,1e-04
0.00011207981151528656,1.0,1e-04
0.00011191757948836312,1.0,1e-04
0.00011177520354976878,1.0,1e-04
0.00011160966096213087,1.0,1e-04
0.00011145073949592188,1.0,1e-04
0.00011130505299661309,1.0,1e-04
0.00011115605593658984,1.0,1e-04
0.00011099380935775116,1.0,1e-04
0.00011083488789154217,1.0,1e-04
0.00011068589083151892,1.0,1e-04
0.00011052696936530992,1.0,1e-04
0.00011037135118385777,1.0,1e-04
0.00011021574027836323,1.0,1e-04
0.00011007336433976889,1.0,1e-04
0.00010992105671903118,1.0,1e-04
0.00010977537749568,1.0,1e-04
0.00010961975931422785,1.0,1e-04
0.0001094575272873044,1.0,1e-04
0.0001093118407879956,1.0,1e-04
0.00010915622988250107,1.0,1e-04
0.00010900723282247782,1.0,1e-04
0.00010886485688388348,1.0,1e-04
0.00010870593541767448,1.0,1e-04
0.00010856354492716491,1.0,1e-04
0.00010840794129762799,1.0,1e-04
0.00010826557991094887,1.0,1e-04
0.0001081099544535391,1.0,1e-04
0.00010796096466947347,1.0,1e-04
0.00010781859600683674,1.0,1e-04
0.00010766959167085588,1.0,1e-04
0.0001075239124475047,1.0,1e-04
0.00010736829426605254,1.0,1e-04
0.00010723585000960156,1.0,1e-04
0.00010707692854339257,1.0,1e-04
0.00010692461364669725,1.0,1e-04
0.00010678887338144705,1.0,1e-04
0.0001066464974428527,1.0,1e-04
0.0001064875687006861,1.0,1e-04
0.00010634851059876382,1.0,1e-04
0.00010619620297802612,1.0,1e-04
0.00010605715215206146,1.0,1e-04
0.00010591146565275267,1.0,1e-04
0.00010577570355962962,1.0,1e-04
0.00010562009993009269,1.0,1e-04
0.00010548434511292726,1.0,1e-04
0.00010534197645029053,1.0,1e-04
0.00010518966882955283,1.0,1e-04
0.00010504398233024403,1.0,1e-04
0.00010490490967640653,1.0,1e-04
0.00010476916941115633,1.0,1e-04
0.00010462348291184753,1.0,1e-04
0.00010447781096445397,1.0,1e-04
0.00010433542774990201,1.0,1e-04
0.00010419305908726528,1.0,1e-04
0.0001040606148308143,1.0,1e-04
0.00010391493560746312,1.0,1e-04
0.00010377918079029769,1.0,1e-04
0.0001036268804455176,1.0,1e-04
0.00010350105731049553,1.0,1e-04
0.0001033586886478588,1.0,1e-04
0.00010322293383069336,1.0,1e-04
0.00010307393677067012,1.0,1e-04
0.00010294812091160566,1.0,1e-04
0.00010281237337039784,1.0,1e-04
0.00010265674791298807,1.0,1e-04
0.00010253093932988122,1.0,1e-04
0.00010239517723675817,1.0,1e-04
0.0001022561191348359,1.0,1e-04
0.00010212368215434253,1.0,1e-04
0.00010197799565503374,1.0,1e-04
0.00010183562699239701,1.0,1e-04
0.00010170319001190364,1.0,1e-04
0.00010157074575545266,1.0,1e-04
0.00010143499821424484,1.0,1e-04
0.00010130254668183625,1.0,1e-04
0.00010115687473444268,1.0,1e-04
0.0001010244304779917,1.0,1e-04
0.00010088868293678388,1.0,1e-04
0.00010077279875986278,1.0,1e-04
0.00010063372610602528,1.0,1e-04
0.00010047811520053074,1.0,1e-04
0.00010035560990218073,1.0,1e-04
0.00010022316564572975,1.0,1e-04
0.00010008079698309302,1.0,1e-04
9.994835272664204e-05,1.0,1e-04
9.982252959161997e-05,1.0,1e-04
9.968677477445453e-05,1.0,1e-04
9.955433779396117e-05,1.0,1e-04
9.942521137418225e-05,1.0,1e-04
9.928615327225998e-05,1.0,1e-04
9.915701957652345e-05,1.0,1e-04
9.902127203531563e-05,1.0,1e-04
9.890538785839453e-05,1.0,1e-04
9.87696330412291e-05,1.0,1e-04
9.863387822406366e-05,1.0,1e-04
9.850475180428475e-05,1.0,1e-04
9.836568642640486e-05,1.0,1e-04
9.824317385209724e-05,1.0,1e-04
9.810742631088942e-05,1.0,1e-04
9.798492828849703e-05,1.0,1e-04
9.786241571418941e-05,1.0,1e-04
9.772666089702398e-05,1.0,1e-04
9.760746615938842e-05,1.0,1e-04
9.746840805746615e-05,1.0,1e-04
9.733595652505755e-05,1.0,1e-04
9.721676906337962e-05,1.0,1e-04
9.708763536764309e-05,1.0,1e-04
9.697175119072199e-05,1.0,1e-04
9.68326858128421e-05,1.0,1e-04
9.670355211710557e-05,1.0,1e-04
9.657442569732666e-05,1.0,1e-04
9.645192039897665e-05,1.0,1e-04
9.632940782466903e-05,1.0,1e-04
9.620028868084773e-05,1.0,1e-04
9.606121602701023e-05,1.0,1e-04
9.594201401341707e-05,1.0,1e-04
9.58095770329237e-05,1.0,1e-04
9.569038957124576e-05,1.0,1e-04
9.556456643622369e-05,1.0,1e-04
9.543543274048716e-05,1.0,1e-04
9.532948024570942e-05,1.0,1e-04
9.521028550807387e-05,1.0,1e-04
9.508445509709418e-05,1.0,1e-04
9.494871483184397e-05,1.0,1e-04
9.482620225753635e-05,1.0,1e-04
9.47070075199008e-05,1.0,1e-04
9.457787382416427e-05,1.0,1e-04
9.446198964724317e-05,1.0,1e-04
9.433617378817871e-05,1.0,1e-04
9.421035065315664e-05,1.0,1e-04
9.409445920027792e-05,1.0,1e-04
9.397526446264237e-05,1.0,1e-04
9.384613804286346e-05,1.0,1e-04
9.373356442665681e-05,1.0,1e-04
9.36110591283068e-05,1.0,1e-04
9.348523599328473e-05,1.0,1e-04
9.335942013422027e-05,1.0,1e-04
9.323027916252613e-05,1.0,1e-04
9.311770554631948e-05,1.0,1e-04
9.299520024796948e-05,1.0,1e-04
9.288262663176283e-05,1.0,1e-04
9.27534929360263e-05,1.0,1e-04
9.264091931981966e-05,1.0,1e-04
9.251842129742727e-05,1.0,1e-04
9.240252984454855e-05,1.0,1e-04
9.228001727024093e-05,1.0,1e-04
9.215420141117647e-05,1.0,1e-04
9.204824891639873e-05,1.0,1e-04
9.192904690280557e-05,1.0,1e-04
9.181315544992685e-05,1.0,1e-04
9.16873395908624e-05,1.0,1e-04
9.158138709608465e-05,1.0,1e-04
9.145226067630574e-05,1.0,1e-04
9.134299034485593e-05,1.0,1e-04
9.122379560722038e-05,1.0,1e-04
9.110460086958483e-05,1.0,1e-04
9.098540613194928e-05,1.0,1e-04
9.086620411835611e-05,1.0,1e-04
9.075362322619185e-05,1.0,1e-04
9.064767800737172e-05,1.0,1e-04
9.052184759639204e-05,1.0,1e-04
9.040596341947094e-05,1.0,1e-04
9.029670036397874e-05,1.0,1e-04
9.017750562634319e-05,1.0,1e-04
9.005168976727873e-05,1.0,1e-04
8.993910887511447e-05,1.0,1e-04
8.983314910437912e-05,1.0,1e-04
8.972389332484454e-05,1.0,1e-04
8.959476690506563e-05,1.0,1e-04
8.949211769504473e-05,1.0,1e-04
8.937292295740917e-05,1.0,1e-04
8.926365262595937e-05,1.0,1e-04
8.914776117308065e-05,1.0,1e-04
8.904181595426053e-05,1.0,1e-04
8.891931065591052e-05,1.0,1e-04
8.880673703970388e-05,1.0,1e-04
8.868753502611071e-05,1.0,1e-04
8.857496140990406e-05,1.0,1e-04
8.847230492392555e-05,1.0,1e-04
8.835973858367652e-05,1.0,1e-04
8.825378608889878e-05,1.0,1e-04
8.814121247269213e-05,1.0,1e-04
8.802532101981342e-05,1.0,1e-04
8.792268636170775e-05,1.0,1e-04
8.780679490882903e-05,1.0,1e-04
8.770083513809368e-05,1.0,1e-04
8.759157208260149e-05,1.0,1e-04
8.748230175115168e-05,1.0,1e-04
8.736972813494503e-05,1.0,1e-04
8.725715451873839e-05,1.0,1e-04
8.714458090253174e-05,1.0,1e-04
8.703531784703955e-05,1.0,1e-04
8.693267591297626e-05,1.0,1e-04
8.681348117534071e-05,1.0,1e-04
8.670090028317645e-05,1.0,1e-04
8.659162995172665e-05,1.0,1e-04
8.648898801766336e-05,1.0,1e-04
8.639627776574343e-05,1.0,1e-04
8.627046190667897e-05,1.0,1e-04
8.617443381808698e-05,1.0,1e-04
8.604861795902252e-05,1.0,1e-04
8.595260442234576e-05,1.0,1e-04
8.585326577303931e-05,1.0,1e-04
8.574400271754712e-05,1.0,1e-04
8.563142182538286e-05,1.0,1e-04
8.551884820917621e-05,1.0,1e-04
8.541620627511293e-05,1.0,1e-04
8.532018546247855e-05,1.0,1e-04
8.520760457031429e-05,1.0,1e-04
8.509503095410764e-05,1.0,1e-04
8.499901014147326e-05,1.0,1e-04
8.488644380122423e-05,1.0,1e-04
8.479041571263224e-05,1.0,1e-04
8.468115265714005e-05,1.0,1e-04
8.457188960164785e-05,1.0,1e-04
8.447586878901348e-05,1.0,1e-04
8.436659845756367e-05,1.0,1e-04
8.425071428064257e-05,1.0,1e-04
8.415137563133612e-05,1.0,1e-04
8.40520515339449e-05,1.0,1e-04
8.394609176320955e-05,1.0,1e-04
8.383351087104529e-05,1.0,1e-04
8.373749733436853e-05,1.0,1e-04
8.363153756363317e-05,1.0,1e-04
8.353221346624196e-05,1.0,1e-04
8.343617810169235e-05,1.0,1e-04
8.332361903740093e-05,1.0,1e-04
8.322428038809448e-05,1.0,1e-04
8.312494901474565e-05,1.0,1e-04
8.301567868329585e-05,1.0,1e-04
8.291303674923256e-05,1.0,1e-04
8.281039481516927e-05,1.0,1e-04
8.270775288110599e-05,1.0,1e-04
8.260180038632825e-05,1.0,1e-04
8.251571125583723e-05,1.0,1e-04
8.239651651820168e-05,1.0,1e-04
8.231704850913957e-05,1.0,1e-04
8.21978464955464e-05,1.0,1e-04
8.210513624362648e-05,1.0,1e-04
8.201243326766416e-05,1.0,1e-04
8.190315566025674e-05,1.0,1e-04
8.180383156286553e-05,1.0,1e-04
8.170449291355908e-05,1.0,1e-04
8.16084721009247e-05,1.0,1e-04
8.14992017694749e-05,1.0,1e-04
8.139987767208368e-05,1.0,1e-04
8.13104779808782e-05,1.0,1e-04
8.120452548610047e-05,1.0,1e-04
8.110187627607957e-05,1.0,1e-04
8.1019097706303e-05,1.0,1e-04
8.090320625342429e-05,1.0,1e-04
8.080718544078991e-05,1.0,1e-04
8.071117918007076e-05,1.0,1e-04
8.061184053076431e-05,1.0,1e-04
8.051250188145787e-05,1.0,1e-04
8.042310946621001e-05,1.0,1e-04
8.032377081690356e-05,1.0,1e-04
8.02277572802268e-05,1.0,1e-04
8.012179750949144e-05,1.0,1e-04
8.002578397281468e-05,1.0,1e-04
7.992974860826507e-05,1.0,1e-04
7.983704563230276e-05,1.0,1e-04
7.972776802489534e-05,1.0,1e-04
7.96383828856051e-05,1.0,1e-04
7.954236207297072e-05,1.0,1e-04
7.944964454509318e-05,1.0,1e-04
7.936025212984532e-05,1.0,1e-04
7.925429963506758e-05,1.0,1e-04
7.91648926679045e-05,1.0,1e-04
7.906887185527012e-05,1.0,1e-04
7.896291936049238e-05,1.0,1e-04
7.887683023000136e-05,1.0,1e-04
7.877749885665253e-05,1.0,1e-04
7.86781674833037e-05,1.0,1e-04
7.858544995542616e-05,1.0,1e-04
7.848942914279178e-05,1.0,1e-04
7.838347664801404e-05,1.0,1e-04
7.830400863895193e-05,1.0,1e-04
7.8211298387032e-05,1.0,1e-04
7.812851981725544e-05,1.0,1e-04
7.801594620104879e-05,1.0,1e-04
7.791660755174235e-05,1.0,1e-04
7.784707850078121e-05,1.0,1e-04
7.774774712743238e-05,1.0,1e-04
7.7651726314798e-05,1.0,1e-04
7.755570550216362e-05,1.0,1e-04
7.745968468952924e-05,1.0,1e-04
7.737690611975268e-05,1.0,1e-04
7.727425690973178e-05,1.0,1e-04
7.718154665781185e-05,1.0,1e-04
7.710208592470735e-05,1.0,1e-04
7.698618719587103e-05,1.0,1e-04
7.691335486015305e-05,1.0,1e-04
7.680740236537531e-05,1.0,1e-04
7.672792708035558e-05,1.0,1e-04
7.664183067390695e-05,1.0,1e-04
7.654251385247335e-05,1.0,1e-04
7.645641744602472e-05,1.0,1e-04
7.636038935743272e-05,1.0,1e-04
7.626768638147041e-05,1.0,1e-04
7.617828669026494e-05,1.0,1e-04
7.608557643834502e-05,1.0,1e-04
7.599618402309716e-05,1.0,1e-04
7.591339817736298e-05,1.0,1e-04
7.58173773647286e-05,1.0,1e-04
7.572466711280867e-05,1.0,1e-04
7.564519182778895e-05,1.0,1e-04
7.554586773039773e-05,1.0,1e-04
7.545646803919226e-05,1.0,1e-04
7.538693171227351e-05,1.0,1e-04
7.528428977821022e-05,1.0,1e-04
7.51915795262903e-05,1.0,1e-04
7.510217983508483e-05,1.0,1e-04
7.501940126530826e-05,1.0,1e-04
7.493331213481724e-05,1.0,1e-04
7.483398076146841e-05,1.0,1e-04
7.474458107026294e-05,1.0,1e-04
7.467172690667212e-05,1.0,1e-04
7.457571336999536e-05,1.0,1e-04
7.448631367878988e-05,1.0,1e-04
7.440354238497093e-05,1.0,1e-04
7.430420373566449e-05,1.0,1e-04
7.422804628731683e-05,1.0,1e-04
7.413864659611136e-05,1.0,1e-04
7.405256474157795e-05,1.0,1e-04
7.395984721370041e-05,1.0,1e-04
7.38737580832094e-05,1.0,1e-04
7.378104783128947e-05,1.0,1e-04
7.371151878032833e-05,1.0,1e-04
7.360887684626505e-05,1.0,1e-04
7.353602995863184e-05,1.0,1e-04
7.344663026742637e-05,1.0,1e-04
7.33572305762209e-05,1.0,1e-04
7.328108040383086e-05,1.0,1e-04
7.318504503928125e-05,1.0,1e-04
7.310888759093359e-05,1.0,1e-04
7.301949517568573e-05,1.0,1e-04
7.292678492376581e-05,1.0,1e-04
7.285062747541815e-05,1.0,1e-04
7.275459938682616e-05,1.0,1e-04
7.266851753229275e-05,1.0,1e-04
7.25923600839451e-05,1.0,1e-04
7.24963319953531e-05,1.0,1e-04
7.241024286486208e-05,1.0,1e-04
7.233409996842965e-05,1.0,1e-04
7.226125308079645e-05,1.0,1e-04
7.218177779577672e-05,1.0,1e-04
7.208245369838551e-05,1.0,1e-04
7.199636456789449e-05,1.0,1e-04
7.192351040430367e-05,1.0,1e-04
7.183411798905581e-05,1.0,1e-04
7.175133214332163e-05,1.0,1e-04
7.165531860664487e-05,1.0,1e-04
7.157585059758276e-05,1.0,1e-04
7.150962483137846e-05,1.0,1e-04
7.141691457945853e-05,1.0,1e-04
7.133744657039642e-05,1.0,1e-04
7.125797856133431e-05,1.0,1e-04
7.116196502465755e-05,1.0,1e-04
7.109242142178118e-05,1.0,1e-04
7.100633229129016e-05,1.0,1e-04
7.093018211890012e-05,1.0,1e-04
7.084410026436672e-05,1.0,1e-04
7.075470057316124e-05,1.0,1e-04
7.067522528814152e-05,1.0,1e-04
7.060568896122277e-05,1.0,1e-04
7.051297870930284e-05,1.0,1e-04
7.043020013952628e-05,1.0,1e-04
7.035736052785069e-05,1.0,1e-04
7.027458195807412e-05,1.0,1e-04
7.018518226686865e-05,1.0,1e-04
7.01156459399499e-05,1.0,1e-04
7.003948121564463e-05,1.0,1e-04
6.994677823968232e-05,1.0,1e-04
6.987724918872118e-05,1.0,1e-04
6.979116005823016e-05,1.0,1e-04
6.971169204916805e-05,1.0,1e-04
6.963884516153485e-05,1.0,1e-04
6.955275603104383e-05,1.0,1e-04
6.947328802198172e-05,1.0,1e-04
6.93938200129196e-05,1.0,1e-04
6.93143520038575e-05,1.0,1e-04
6.923158071003854e-05,1.0,1e-04
6.916535494383425e-05,1.0,1e-04
6.907925853738561e-05,1.0,1e-04
6.899647996760905e-05,1.0,1e-04
6.89137086737901e-05,1.0,1e-04
6.88342479406856e-05,1.0,1e-04
6.875146209495142e-05,1.0,1e-04
6.867531192256138e-05,1.0,1e-04
6.860908615635708e-05,1.0,1e-04
6.85263003106229e-05,1.0,1e-04
6.844021118013188e-05,1.0,1e-04
6.837399996584281e-05,1.0,1e-04
6.829782796557993e-05,1.0,1e-04
6.820843555033207e-05,1.0,1e-04
6.81322708260268e-05,1.0,1e-04
6.806937017245218e-05,1.0,1e-04
6.797665264457464e-05,1.0,1e-04
6.791044143028557e-05,1.0,1e-04
6.78342767059803e-05,1.0,1e-04
6.775150541216135e-05,1.0,1e-04
6.767534796381369e-05,1.0,1e-04
6.760581163689494e-05,1.0,1e-04
6.752634362783283e-05,1.0,1e-04
6.744025449734181e-05,1.0,1e-04
6.737403600709513e-05,1.0,1e-04
6.72945607220754e-05,1.0,1e-04
6.723166006850079e-05,1.0,1e-04
6.71422531013377e-05,1.0,1e-04
6.707272405037656e-05,1.0,1e-04
6.698662764392793e-05,1.0,1e-04
6.69237197143957e-05,1.0,1e-04
6.684093386866152e-05,1.0,1e-04
6.676148041151464e-05,1.0,1e-04
6.668201240245253e-05,1.0,1e-04
6.661246879957616e-05,1.0,1e-04
6.653300806647167e-05,1.0,1e-04
6.646678230026737e-05,1.0,1e-04
6.638731429120526e-05,1.0,1e-04
6.630122516071424e-05,1.0,1e-04
6.624824891332537e-05,1.0,1e-04
6.616546306759119e-05,1.0,1e-04
6.609925185330212e-05,1.0,1e-04
6.60131627228111e-05,1.0,1e-04
6.593700527446344e-05,1.0,1e-04
6.587077950825915e-05,1.0,1e-04
6.57946293358691e-05,1.0,1e-04
6.573170685442165e-05,1.0,1e-04
6.563568604178727e-05,1.0,1e-04
6.557940650964156e-05,1.0,1e-04
6.549662793986499e-05,1.0,1e-04
6.542377377627417e-05,1.0,1e-04
6.535755528602749e-05,1.0,1e-04
6.527808000100777e-05,1.0,1e-04
6.521186151076108e-05,1.0,1e-04
6.514895358122885e-05,1.0,1e-04
6.505623605335131e-05,1.0,1e-04
6.499664596049115e-05,1.0,1e-04
6.492378452094272e-05,1.0,1e-04
6.485094490926713e-05,1.0,1e-04
6.477147690020502e-05,1.0,1e-04
6.470194057328627e-05,1.0,1e-04
6.46357293589972e-05,1.0,1e-04
6.455626134993508e-05,1.0,1e-04
6.44966567051597e-05,1.0,1e-04
6.441387085942551e-05,1.0,1e-04
6.434434908442199e-05,1.0,1e-04
6.427150219678879e-05,1.0,1e-04
6.42052837065421e-05,1.0,1e-04
6.413574010366574e-05,1.0,1e-04
6.40662110527046e-05,1.0,1e-04
6.398011464625597e-05,1.0,1e-04
6.393045623553917e-05,1.0,1e-04
6.383773870766163e-05,1.0,1e-04
6.37814518995583e-05,1.0,1e-04
6.371522613335401e-05,1.0,1e-04
6.362913700286299e-05,1.0,1e-04
6.357285019475967e-05,1.0,1e-04
6.348676106426865e-05,1.0,1e-04
6.343377754092216e-05,1.0,1e-04
6.335430953186005e-05,1.0,1e-04
6.327815935947001e-05,1.0,1e-04
6.321193359326571e-05,1.0,1e-04
6.314240454230458e-05,1.0,1e-04
6.307617877610028e-05,1.0,1e-04
6.299671076703817e-05,1.0,1e-04
6.294042395893484e-05,1.0,1e-04
6.287419819273055e-05,1.0,1e-04
6.279803346842527e-05,1.0,1e-04
6.272518658079207e-05,1.0,1e-04
6.266889977268875e-05,1.0,1e-04
6.258943903958425e-05,1.0,1e-04
6.251327431527898e-05,1.0,1e-04
6.245368422241881e-05,1.0,1e-04
6.2380830058828e-05,1.0,1e-04
6.232786108739674e-05,1.0,1e-04
6.224176468094811e-05,1.0,1e-04
6.218879570951685e-05,1.0,1e-04
6.210932042449713e-05,1.0,1e-04
6.204971577972174e-05,1.0,1e-04
6.197687616804615e-05,1.0,1e-04
6.19139609625563e-05,1.0,1e-04
6.184443191159517e-05,1.0,1e-04
6.177157774800435e-05,1.0,1e-04
6.170866981847212e-05,1.0,1e-04
6.163583020679653e-05,1.0,1e-04
6.157953612273559e-05,1.0,1e-04
6.149676482891664e-05,1.0,1e-04
6.14338496234268e-05,1.0,1e-04
6.136431329650804e-05,1.0,1e-04
6.129808753030375e-05,1.0,1e-04
6.124179344624281e-05,1.0,1e-04
6.117226439528167e-05,1.0,1e-04
6.109610694693401e-05,1.0,1e-04
6.103650230215862e-05,1.0,1e-04
6.096696961321868e-05,1.0,1e-04
6.0914000641787425e-05,1.0,1e-04
6.083783955546096e-05,1.0,1e-04
6.078155274735764e-05,1.0,1e-04
6.070207746233791e-05,1.0,1e-04
6.064910485292785e-05,1.0,1e-04
6.057294740458019e-05,1.0,1e-04
6.050341107766144e-05,1.0,1e-04
6.0443810070864856e-05,1.0,1e-04
6.0387519624782726e-05,1.0,1e-04
6.0321297496557236e-05,1.0,1e-04
6.0245143686188385e-05,1.0,1e-04
6.017891428200528e-05,1.0,1e-04
6.0132562794024125e-05,1.0,1e-04
6.0046473663533106e-05,1.0,1e-04
5.999017957947217e-05,1.0,1e-04
5.9920646890532225e-05,1.0,1e-04
5.985773168504238e-05,1.0,1e-04
5.9791516832774505e-05,1.0,1e-04
5.972860162728466e-05,1.0,1e-04
5.966568642179482e-05,1.0,1e-04
5.959284317214042e-05,1.0,1e-04
5.953986692475155e-05,1.0,1e-04
5.9470334235811606e-05,1.0,1e-04
5.9410729591036215e-05,1.0,1e-04
5.935113222221844e-05,1.0,1e-04
5.927828169660643e-05,1.0,1e-04
5.922530544921756e-05,1.0,1e-04
5.915907968301326e-05,1.0,1e-04
5.9089546994073316e-05,1.0,1e-04
5.9039874031441286e-05,1.0,1e-04
5.895378490095027e-05,1.0,1e-04
5.890412285225466e-05,1.0,1e-04
5.8841207646764815e-05,1.0,1e-04
5.878160663996823e-05,1.0,1e-04
5.871538814972155e-05,1.0,1e-04
5.864915874553844e-05,1.0,1e-04
5.8599496696842834e-05,1.0,1e-04
5.852002868778072e-05,1.0,1e-04
5.8463734603719786e-05,1.0,1e-04
5.839420191477984e-05,1.0,1e-04
5.834453986608423e-05,1.0,1e-04
5.8274999901186675e-05,1.0,1e-04
5.820215665153228e-05,1.0,1e-04
5.815910844830796e-05,1.0,1e-04
5.808295463793911e-05,1.0,1e-04
5.802666055387817e-05,1.0,1e-04
5.796043842565268e-05,1.0,1e-04
5.790414797957055e-05,1.0,1e-04
5.783792585134506e-05,1.0,1e-04
5.7778328482527286e-05,1.0,1e-04
5.77253449591808e-05,1.0,1e-04
5.765912646893412e-05,1.0,1e-04
5.759621490142308e-05,1.0,1e-04
5.753661025664769e-05,1.0,1e-04
5.748032344854437e-05,1.0,1e-04
5.742071880376898e-05,1.0,1e-04
5.734456499340013e-05,1.0,1e-04
5.729820622946136e-05,1.0,1e-04
5.722536297980696e-05,1.0,1e-04
5.716906889574602e-05,1.0,1e-04
5.710284676752053e-05,1.0,1e-04
5.704987052013166e-05,1.0,1e-04
5.698695531464182e-05,1.0,1e-04
5.692735794582404e-05,1.0,1e-04
5.686775330104865e-05,1.0,1e-04
5.6808155932230875e-05,1.0,1e-04
5.6745237088762224e-05,1.0,1e-04
5.66889502806589e-05,1.0,1e-04
5.663265983457677e-05,1.0,1e-04
5.656312714563683e-05,1.0,1e-04
5.652007894241251e-05,1.0,1e-04
5.644723569275811e-05,1.0,1e-04
5.6384324125247076e-05,1.0,1e-04
5.6337965361308306e-05,1.0,1e-04
5.627174687106162e-05,1.0,1e-04
5.62154600629583e-05,1.0,1e-04
5.615585541818291e-05,1.0,1e-04
5.6096254411386326e-05,1.0,1e-04
5.603333920589648e-05,1.0,1e-04
5.599360156338662e-05,1.0,1e-04
5.5914137192303315e-05,1.0,1e-04
5.586446786765009e-05,1.0,1e-04
5.57982457394246e-05,1.0,1e-04
5.574195893132128e-05,1.0,1e-04
5.568566484726034e-05,1.0,1e-04
5.56227496417705e-05,1.0,1e-04
5.556977339438163e-05,1.0,1e-04
5.5513486586278304e-05,1.0,1e-04
5.546050670091063e-05,1.0,1e-04
5.539759513339959e-05,1.0,1e-04
5.534792580874637e-05,1.0,1e-04
5.527176836039871e-05,1.0,1e-04
5.522209903574549e-05,1.0,1e-04
5.516912278835662e-05,1.0,1e-04
5.509959009941667e-05,1.0,1e-04
5.5053231335477903e-05,1.0,1e-04
5.499031612998806e-05,1.0,1e-04
