loss,accuracy,lr
0.7438956499099731,0.44999998807907104,0.001
0.46888551115989685,0.949999988079071,0.001
0.35933786630630493,0.8999999761581421,0.001
0.2925511598587036,0.8999999761581421,0.001
0.2459084540605545,0.8999999761581421,0.001
0.2088875025510788,0.949999988079071,0.001
0.17570096254348755,1.0,0.001
0.14473655819892883,1.0,0.001
0.11828287690877914,1.0,0.001
0.09746674448251724,1.0,0.001
0.08093604445457458,1.0,0.001
0.06800759583711624,1.0,0.001
0.05915508419275284,1.0,0.001
0.05275591462850571,1.0,0.001
0.046879254281520844,1.0,0.001
0.041696757078170776,1.0,0.001
0.03763765096664429,1.0,0.001
0.03409074991941452,1.0,0.001
0.030672961845993996,1.0,0.001
0.027675921097397804,1.0,0.001
0.025283876806497574,1.0,0.001
0.02328980527818203,1.0,0.001
0.021474024280905724,1.0,0.001
0.019818976521492004,1.0,0.001
0.018411412835121155,1.0,0.001
0.0172469150274992,1.0,0.001
0.016227640211582184,1.0,0.001
0.015256310813128948,1.0,0.001
0.014334538951516151,1.0,0.001
0.013520130887627602,1.0,0.001
0.012826184742152691,1.0,0.001
0.012217388488352299,1.0,0.001
0.011635465547442436,1.0,0.001
0.011069750413298607,1.0,0.001
0.010542643256485462,1.0,0.001
0.010075567290186882,1.0,0.001
0.009665057063102722,1.0,0.001
0.00928640179336071,1.0,0.001
0.008923159912228584,1.0,0.001
0.008577601984143257,1.0,0.001
0.008261417970061302,1.0,0.001
0.007978294976055622,1.0,0.001
0.007721296511590481,1.0,0.001
0.007477195467799902,1.0,0.001
0.00723858829587698,1.0,0.001
0.0070058442652225494,1.0,0.001
0.0067859976552426815,1.0,0.001
0.0065839714370667934,1.0,0.001
0.006396622397005558,1.0,0.001
0.006221177987754345,1.0,0.001
0.006052113138139248,1.0,0.001
0.005888921674340963,1.0,0.001
0.005734785459935665,1.0,0.001
0.0055905417539179325,1.0,0.001
0.0054565174505114555,1.0,0.001
0.0053299968130886555,1.0,0.001
0.005207848735153675,1.0,0.001
0.005088674835860729,1.0,0.001
0.0049726939760148525,1.0,0.001
0.004861173685640097,1.0,0.001
0.004755600821226835,1.0,0.001
0.004655476659536362,1.0,0.001
0.004559464752674103,1.0,0.001
0.004466536454856396,1.0,0.001
0.004376438446342945,1.0,0.001
0.004289916250854731,1.0,0.001
0.004207129590213299,1.0,0.001
0.004127913154661655,1.0,0.001
0.004051805008202791,1.0,0.001
0.003978611435741186,1.0,0.001
0.003907496575266123,1.0,0.001
0.003838276956230402,1.0,0.001
0.0037709816824644804,1.0,0.001
0.0037058063317090273,1.0,0.001
0.0036427639424800873,1.0,0.001
0.003581558121368289,1.0,0.001
0.0035219411365687847,1.0,0.001
0.003463865490630269,1.0,0.001
0.003407515585422516,1.0,0.001
0.003352860454469919,1.0,0.001
0.003299865173175931,1.0,0.001
0.003248463850468397,1.0,0.001
0.003198461141437292,1.0,0.001
0.0031496435403823853,1.0,0.001
0.003101969603449106,1.0,0.001
0.0030553918331861496,1.0,0.001
0.003010059241205454,1.0,0.001
0.0029659068677574396,1.0,0.001
0.002922922372817993,1.0,0.001
0.002880993764847517,1.0,0.001
0.0028399727307260036,1.0,0.001
0.002799907000735402,1.0,0.001
0.002760719507932663,1.0,0.001
0.0027223918586969376,1.0,0.001
0.0026849485002458096,1.0,0.001
0.00264832959510386,1.0,0.001
0.002612487878650427,1.0,0.001
0.0025774233508855104,1.0,0.001
0.0025431360118091106,1.0,0.001
0.0025095550809055567,1.0,0.001
0.0024766800925135612,1.0,0.001
0.002444517333060503,1.0,0.001
0.00241297809407115,1.0,0.001
0.0023820914793759584,1.0,0.001
0.00235183397307992,1.0,0.001
0.002322158543393016,1.0,0.001
0.0022930651903152466,1.0,0.001
0.002264523645862937,1.0,0.001
0.0022365283221006393,1.0,0.001
0.00220909109339118,1.0,0.001
0.002182158874347806,1.0,0.001
0.002155718859285116,1.0,0.001
0.0021297424100339413,1.0,0.001
0.0021042523439973593,1.0,0.001
0.002079255413264036,1.0,0.001
0.002054722048342228,1.0,0.001
0.0020306454971432686,1.0,0.001
0.0020069614984095097,1.0,0.001
0.0019837345462292433,1.0,0.001
0.0019608933944255114,1.0,0.001
0.0019384624902158976,1.0,0.001
0.00191642960999161,1.0,0.001
0.0018947769422084093,1.0,0.001
0.0018735046032816172,1.0,0.001
0.00185260025318712,1.0,0.001
0.0018320229137316346,1.0,0.001
0.0018118377774953842,1.0,0.001
0.0017919319216161966,1.0,0.001
0.001772370538674295,1.0,0.001
0.0017531359335407615,1.0,0.001
0.0017341984203085303,1.0,0.001
0.0017155222594738007,1.0,0.001
0.0016971256118267775,1.0,0.001
0.0016789843793958426,1.0,0.001
0.0016611044993624091,1.0,0.001
0.0016434744466096163,1.0,0.001
0.0016260698903352022,1.0,0.001
0.001608879305422306,1.0,0.001
0.0015918908175081015,1.0,0.001
0.0015750862658023834,1.0,0.001
0.001558448188006878,1.0,0.001
0.001541970414109528,1.0,0.001
0.0015259089414030313,1.0,0.001
0.001511013600975275,1.0,0.001
0.0014964930014684796,1.0,0.001
0.0014817637857049704,1.0,0.001
0.0014668439980596304,1.0,0.001
0.0014518465613946319,1.0,0.001
0.0014370572753250599,1.0,0.001
0.001422839006409049,1.0,0.001
0.0014094242360442877,1.0,0.001
0.0013968542916700244,1.0,0.001
0.001384153263643384,1.0,0.001
0.0013713327934965491,1.0,0.001
0.0013585005654022098,1.0,0.001
0.0013456620508804917,1.0,0.001
0.001332871033810079,1.0,0.001
0.001320365583524108,1.0,0.001
0.0013084016973152757,1.0,0.001
0.001296758884564042,1.0,0.001
0.0012853004736825824,1.0,0.001
0.0012740028323605657,1.0,0.001
0.0012626810930669308,1.0,0.001
0.0012514007976278663,1.0,0.001
0.001240328885614872,1.0,0.001
0.0012293936451897025,1.0,0.001
0.001218648860231042,1.0,0.001
0.001208082539960742,1.0,0.001
0.0011977838585153222,1.0,0.001
0.0011876221979036927,1.0,0.001
0.0011775554157793522,1.0,0.001
0.0011675184359773993,1.0,0.001
0.0011576004326343536,1.0,0.001
0.001147872768342495,1.0,0.001
0.0011383119272068143,1.0,0.001
0.0011288458481431007,1.0,0.001
0.0011195109691470861,1.0,0.001
0.00111030088737607,1.0,0.001
0.0011012277100235224,1.0,0.001
0.0010922735091298819,1.0,0.001
0.0010834025451913476,1.0,0.001
0.0010746268089860678,1.0,0.001
0.0010659759864211082,1.0,0.00020000001
0.0010642613051459193,1.0,0.00020000001
0.0010625406866893172,1.0,0.00020000001
0.0010608318261802197,1.0,0.00020000001
0.001059170812368393,1.0,0.00020000001
0.0010574798798188567,1.0,0.00020000001
0.0010557950008660555,1.0,0.00020000001
0.001054133870638907,1.0,0.00020000001
0.001052460866048932,1.0,0.00020000001
0.001050811493769288,1.0,0.00020000001
0.0010491444263607264,1.0,0.00020000001
0.0010474951704964042,1.0,1e-04
0.0010466855019330978,1.0,1e-04
0.0010458697797730565,1.0,1e-04
0.0010450303088873625,1.0,1e-04
0.0010442205239087343,1.0,1e-04
0.0010433869902044535,1.0,1e-04
0.0010425832588225603,1.0,1e-04
0.0010417436715215445,1.0,1e-04
0.0010409161914139986,1.0,1e-04
0.001040094532072544,1.0,1e-04
0.0010392966214567423,1.0,1e-04
0.0010384570341557264,1.0,1e-04
0.0010376354912295938,1.0,1e-04
0.0010368258226662874,1.0,1e-04
0.001035998109728098,1.0,1e-04
0.0010351644596084952,1.0,1e-04
0.0010343429166823626,1.0,1e-04
0.0010335153201594949,1.0,1e-04
0.001032681786455214,1.0,1e-04
0.0010318601271137595,1.0,1e-04
0.001031038467772305,1.0,1e-04
0.0010302166920155287,1.0,1e-04
0.0010293892119079828,1.0,1e-04
0.0010285436874255538,1.0,1e-04
0.0010277339024469256,1.0,1e-04
0.0010268944315612316,1.0,1e-04
0.0010260608978569508,1.0,1e-04
0.001025227247737348,1.0,1e-04
0.0010243937140330672,1.0,1e-04
0.0010235601803287864,1.0,1e-04
0.0010227266466245055,1.0,1e-04
0.0010218990501016378,1.0,1e-04
0.001021053409203887,1.0,1e-04
0.0010202259290963411,1.0,1e-04
0.0010193802881985903,1.0,1e-04
0.001018534880131483,1.0,1e-04
0.001017701462842524,1.0,1e-04
0.0010168617591261864,1.0,1e-04
0.0010160283418372273,1.0,1e-04
0.0010151708265766501,1.0,1e-04
0.0010143492836505175,1.0,1e-04
0.001013479894027114,1.0,1e-04
0.0010126343695446849,1.0,1e-04
0.0010118007194250822,1.0,1e-04
0.001010955311357975,1.0,1e-04
0.0010101038496941328,1.0,1e-04
0.0010092523880302906,1.0,1e-04
0.0010083949891850352,1.0,1e-04
0.001007549581117928,1.0,1e-04
0.001006698003038764,1.0,1e-04
0.0010058644693344831,1.0,1e-04
0.0010049892589449883,1.0,1e-04
0.0010041496716439724,1.0,1e-04
0.0010032802820205688,1.0,1e-04
0.0010024526854977012,1.0,1e-04
0.001001559547148645,1.0,1e-04
0.001000720076262951,1.0,1e-04
0.0009998686145991087,1.0,1e-04
0.0009990052785724401,1.0,1e-04
0.0009981418261304498,1.0,1e-04
0.0009972963016480207,1.0,1e-04
0.0009964329656213522,1.0,1e-04
0.0009955696295946836,1.0,1e-04
0.000994694302789867,1.0,1e-04
0.0009938189759850502,1.0,1e-04
0.0009929557563737035,1.0,1e-04
0.0009921042947098613,1.0,1e-04
0.0009912349050864577,1.0,1e-04
0.0009903834434226155,1.0,1e-04
0.0009894963586702943,1.0,1e-04
0.000988632906228304,1.0,1e-04
0.000987757695838809,1.0,1e-04
0.0009868823690339923,1.0,1e-04
0.000986018916592002,1.0,1e-04
0.0009851435897871852,1.0,1e-04
0.0009842863073572516,1.0,1e-04
0.0009834049269557,1.0,1e-04
0.00098253577016294,1.0,1e-04
0.0009816484525799751,1.0,1e-04
0.0009807732421904802,1.0,1e-04
0.0009798979153856635,1.0,1e-04
0.0009790227049961686,1.0,1e-04
0.0009781294502317905,1.0,1e-04
0.000977266114205122,1.0,1e-04
0.0009763728594407439,1.0,1e-04
0.0009754797210916877,1.0,1e-04
0.000974610447883606,1.0,1e-04
0.000973729242105037,1.0,1e-04
0.0009728182340040803,1.0,1e-04
0.0009719489025883377,1.0,1e-04
0.0009710734593681991,1.0,1e-04
0.0009701743838377297,1.0,1e-04
0.0009692871826700866,1.0,1e-04
0.0009684059768915176,1.0,1e-04
0.0009675067849457264,1.0,1e-04
0.0009666315163485706,1.0,1e-04
0.0009657263872213662,1.0,1e-04
0.0009648272534832358,1.0,1e-04
0.0009639579802751541,1.0,1e-04
0.0009630468557588756,1.0,1e-04
0.0009621656499803066,1.0,1e-04
0.00096125464187935,1.0,1e-04
0.000960367382504046,1.0,1e-04
0.0009594623115845025,1.0,1e-04
0.0009585631778463721,1.0,1e-04
0.0009576639859005809,1.0,1e-04
0.000956747040618211,1.0,1e-04
0.0009558419696986675,1.0,1e-04
0.000954936898779124,1.0,1e-04
0.00095404963940382,1.0,1e-04
0.0009531445684842765,1.0,1e-04
0.0009522276232019067,1.0,1e-04
0.0009513164986856282,1.0,1e-04
0.0009503935580141842,1.0,1e-04
0.0009494825499132276,1.0,1e-04
0.0009485596092417836,1.0,1e-04
0.000947642489336431,1.0,1e-04
0.0009467195486649871,1.0,1e-04
0.0009457608684897423,1.0,1e-04
0.000944867730140686,1.0,1e-04
0.0009439269197173417,1.0,1e-04
0.0009429920464754105,1.0,1e-04
0.0009420750429853797,1.0,1e-04
0.0009411401115357876,1.0,1e-04
0.0009401933057233691,1.0,1e-04
0.0009392645442858338,1.0,1e-04
0.0009383474243804812,1.0,1e-04
0.0009374005603604019,1.0,1e-04
0.0009364538709633052,1.0,1e-04
0.0009355248766951263,1.0,1e-04
0.0009345841826871037,1.0,1e-04
0.0009336432558484375,1.0,1e-04
0.0009327203151769936,1.0,1e-04
0.0009317615767940879,1.0,1e-04
0.000930838577914983,1.0,1e-04
0.0009298739023506641,1.0,1e-04
0.000928945024497807,1.0,1e-04
0.0009279922815039754,1.0,1e-04
0.0009270514128729701,1.0,1e-04
0.0009261224186047912,1.0,1e-04
0.0009251756710000336,1.0,1e-04
0.0009242169326171279,1.0,1e-04
0.0009234131430275738,1.0,1e-04
0.0009226628462783992,1.0,1e-04
0.0009218589402735233,1.0,1e-04
0.0009210074204020202,1.0,1e-04
0.0009201498469337821,1.0,1e-04
0.0009192567085847259,1.0,1e-04
0.0009183575166389346,1.0,1e-04
0.0009174286387860775,1.0,1e-04
0.0009164817747659981,1.0,1e-04
0.0009155469015240669,1.0,1e-04
0.0009147251257672906,1.0,1e-04
0.0009138914756476879,1.0,1e-04
0.0009130518883466721,1.0,1e-04
0.0009121943148784339,1.0,1e-04
0.0009113309788517654,1.0,1e-04
0.0009104496566578746,1.0,1e-04
0.0009095743298530579,1.0,1e-04
0.0009086929494515061,1.0,1e-04
0.0009078057482838631,1.0,1e-04
0.0009069303050637245,1.0,1e-04
0.0009060312295332551,1.0,1e-04
0.0009052153909578919,1.0,1e-04
0.0009043578756973147,1.0,1e-04
0.0009034944814629853,1.0,1e-04
0.0009026072220876813,1.0,1e-04
0.0009017317788675427,1.0,1e-04
0.0009008802589960396,1.0,1e-04
0.000900052604265511,1.0,1e-04
0.0008991712820716202,1.0,1e-04
0.0008982958970591426,1.0,1e-04
0.0008974383817985654,1.0,1e-04
0.0008965510642156005,1.0,1e-04
0.0008956936071626842,1.0,1e-04
0.0008948242175392807,1.0,1e-04
0.0008939845720306039,1.0,1e-04
0.000893097254447639,1.0,1e-04
0.0008922338602133095,1.0,1e-04
0.0008913941564969718,1.0,1e-04
0.0008905307622626424,1.0,1e-04
0.000889661256223917,1.0,1e-04
0.0008887918666005135,1.0,1e-04
0.0008879344095475972,1.0,1e-04
0.0008870828896760941,1.0,1e-04
0.0008862193790264428,1.0,1e-04
0.0008853678591549397,1.0,1e-04
0.0008844983531162143,1.0,1e-04
0.0008836468914523721,1.0,1e-04
0.0008827775018289685,1.0,1e-04
0.0008819258655421436,1.0,1e-04
0.0008810682920739055,1.0,1e-04
0.000880204897839576,1.0,1e-04
0.0008793473243713379,1.0,1e-04
0.0008784838719293475,1.0,1e-04
0.0008776263566687703,1.0,1e-04
0.0008767748367972672,1.0,1e-04
0.0008759113843552768,1.0,1e-04
0.000875065743457526,1.0,1e-04
0.0008742082864046097,1.0,1e-04
0.0008733567083254457,1.0,1e-04
0.0008724991348572075,1.0,1e-04
0.0008716416778042912,1.0,1e-04
0.0008707900415174663,1.0,1e-04
0.0008699266472831368,1.0,1e-04
0.0008690808899700642,1.0,1e-04
0.0008682234329171479,1.0,1e-04
0.0008673659758642316,1.0,1e-04
0.0008665380883030593,1.0,1e-04
0.0008656508289277554,1.0,1e-04
0.0008648053044453263,1.0,1e-04
0.0008639596635475755,1.0,1e-04
0.0008631140226498246,1.0,1e-04
0.0008622623863629997,1.0,1e-04
0.0008614108082838356,1.0,1e-04
0.0008605533512309194,1.0,1e-04
0.0008597077685408294,1.0,1e-04
0.0008588501950725913,1.0,1e-04
0.0008580105495639145,1.0,1e-04
0.0008571708458475769,1.0,1e-04
0.0008563013980165124,1.0,1e-04
0.0008554557571187615,1.0,1e-04
0.0008546041208319366,1.0,1e-04
0.000853770412504673,1.0,1e-04
0.0008529129554517567,1.0,1e-04
0.000852073251735419,1.0,1e-04
0.0008512336062267423,1.0,1e-04
0.0008503939025104046,1.0,1e-04
0.0008495363290421665,1.0,1e-04
0.0008486966835334897,1.0,1e-04
0.0008478451636619866,1.0,1e-04
0.0008470054599456489,1.0,1e-04
0.0008461538818664849,1.0,1e-04
0.0008453141781501472,1.0,1e-04
0.0008444745326414704,1.0,1e-04
0.0008436348289251328,1.0,1e-04
0.0008427772554568946,1.0,1e-04
0.000841943547129631,1.0,1e-04
0.0008411038434132934,1.0,1e-04
0.0008402582025155425,1.0,1e-04
0.0008394303731620312,1.0,1e-04
0.0008385788532905281,1.0,1e-04
0.0008377569611184299,1.0,1e-04
0.0008368993876501918,1.0,1e-04
0.0008360656793229282,1.0,1e-04
0.0008352141594514251,1.0,1e-04
0.0008343863300979137,1.0,1e-04
0.0008335466263815761,1.0,1e-04
0.0008327128598466516,1.0,1e-04
0.0008318672771565616,1.0,1e-04
0.0008310395060107112,1.0,1e-04
0.0008301938069052994,1.0,1e-04
0.0008293719729408622,1.0,1e-04
0.0008285501971840858,1.0,1e-04
0.0008276986191049218,1.0,1e-04
0.0008268767851404846,1.0,1e-04
0.000826037023216486,1.0,1e-04
0.0008251973195001483,1.0,1e-04
0.0008243516786023974,1.0,1e-04
0.0008235239656642079,1.0,1e-04
0.0008227020734921098,1.0,1e-04
0.0008218743023462594,1.0,1e-04
0.0008210404776036739,1.0,1e-04
0.0008202008903026581,1.0,1e-04
0.0008193670655600727,1.0,1e-04
0.0008185451733879745,1.0,1e-04
0.0008177114650607109,1.0,1e-04
0.0008168896893039346,1.0,1e-04
0.0008160619181580842,1.0,1e-04
0.0008152341470122337,1.0,1e-04
0.0008144122548401356,1.0,1e-04
0.0008135784300975502,1.0,1e-04
0.000812762591522187,1.0,1e-04
0.0008119408157654107,1.0,1e-04
0.000811095058452338,1.0,1e-04
0.0008102852152660489,1.0,1e-04
0.0008094394579529762,1.0,1e-04
0.0008086295565590262,1.0,1e-04
0.0008078077808022499,1.0,1e-04
0.0008069918258115649,1.0,1e-04
0.0008061699336394668,1.0,1e-04
0.0008053361671045423,1.0,1e-04
0.000804514333140105,1.0,1e-04
0.0008036924409680068,1.0,1e-04
0.0008028646698221564,1.0,1e-04
0.0008020488312467933,1.0,1e-04
0.0008012389880605042,1.0,1e-04
0.0008004230330698192,1.0,1e-04
0.0007995892083272338,1.0,1e-04
0.0007987673161551356,1.0,1e-04
0.0007979633519425988,1.0,1e-04
0.0007971473969519138,1.0,1e-04
0.0007963315583765507,1.0,1e-04
0.0007955097826197743,1.0,1e-04
0.0007946938276290894,1.0,1e-04
0.0007939017377793789,1.0,1e-04
0.0007930619758553803,1.0,1e-04
0.0007922580698505044,1.0,1e-04
0.0007914421148598194,1.0,1e-04
0.0007906321552582085,1.0,1e-04
0.0007898221956565976,1.0,1e-04
0.0007890062406659126,1.0,1e-04
0.0007882023346610367,1.0,1e-04
0.0007873804424889386,1.0,1e-04
0.000786582357250154,1.0,1e-04
0.000785772514063865,1.0,1e-04
0.0007849743706174195,1.0,1e-04
0.0007841464830562472,1.0,1e-04
0.0007833425770513713,1.0,1e-04
0.0007825445500202477,1.0,1e-04
0.0007817345904186368,1.0,1e-04
0.000780924572609365,1.0,1e-04
0.000780114671215415,1.0,1e-04
0.0007793225231580436,1.0,1e-04
0.0007785125635564327,1.0,1e-04
0.0007776906713843346,1.0,1e-04
0.0007769045187160373,1.0,1e-04
0.0007760886801406741,1.0,1e-04
0.0007752965902909636,1.0,1e-04
0.000774492509663105,1.0,1e-04
0.0007737064152024686,1.0,1e-04
0.000772908388171345,1.0,1e-04
0.0007721043657511473,1.0,1e-04
0.0007713062805123627,1.0,1e-04
0.0007705082534812391,1.0,1e-04
0.0007697221008129418,1.0,1e-04
0.0007689061458222568,1.0,1e-04
0.0007681259303353727,1.0,1e-04
0.0007673219661228359,1.0,1e-04
0.0007665298762731254,1.0,1e-04
0.0007657317910343409,1.0,1e-04
0.000764927826821804,1.0,1e-04
0.0007641356787644327,1.0,1e-04
0.0007633495843037963,1.0,1e-04
0.0007625693106092513,1.0,1e-04
0.000761747476644814,1.0,1e-04
0.0007609731401316822,1.0,1e-04
0.0007601870456710458,1.0,1e-04
0.0007593949558213353,1.0,1e-04
0.0007586147403344512,1.0,1e-04
0.0007578166550956666,1.0,1e-04
0.0007570305024273694,1.0,1e-04
0.0007562443497590721,1.0,1e-04
0.0007554522599093616,1.0,1e-04
0.0007546720444224775,1.0,1e-04
0.0007538858335465193,1.0,1e-04
0.0007531056762672961,1.0,1e-04
0.0007523075910285115,1.0,1e-04
0.0007515333127230406,1.0,1e-04
0.0007507412228733301,1.0,1e-04
0.0007499729399569333,1.0,1e-04
0.0007491927826777101,1.0,1e-04
0.000748412508983165,1.0,1e-04
0.0007476382306776941,1.0,1e-04
0.0007468402618542314,1.0,1e-04
0.0007460719207301736,1.0,1e-04
0.0007452976424247026,1.0,1e-04
0.0007445054943673313,1.0,1e-04
0.000743719341699034,1.0,1e-04
0.0007429629331454635,1.0,1e-04
0.0007421767804771662,1.0,1e-04
0.0007414025021716952,1.0,1e-04
0.0007406341610476375,1.0,1e-04
0.0007398718735203147,1.0,1e-04
0.0007390857208520174,1.0,1e-04
0.0007383233751170337,1.0,1e-04
0.0007375431014224887,1.0,1e-04
0.0007367569487541914,1.0,1e-04
0.0007360064773820341,1.0,1e-04
0.0007352263201028109,1.0,1e-04
0.0007344639743678272,1.0,1e-04
0.0007336837006732821,1.0,1e-04
0.0007329272921197116,1.0,1e-04
0.0007321411976590753,1.0,1e-04
0.0007313787937164307,1.0,1e-04
0.000730616447981447,1.0,1e-04
0.0007298481650650501,1.0,1e-04
0.0007290857611224055,1.0,1e-04
0.0007283174782060087,1.0,1e-04
0.0007275610696524382,1.0,1e-04
0.0007267986657097936,1.0,1e-04
0.0007260303827933967,1.0,1e-04
0.0007252799114212394,1.0,1e-04
0.0007245056913234293,1.0,1e-04
0.0007237612153403461,1.0,1e-04
0.0007230048067867756,1.0,1e-04
0.0007222364656627178,1.0,1e-04
0.0007214800571091473,1.0,1e-04
0.0007207177113741636,1.0,1e-04
0.0007199731771834195,1.0,1e-04
0.0007192227058112621,1.0,1e-04
0.0007184603018686175,1.0,1e-04
0.0007177159423008561,1.0,1e-04
0.0007169594755396247,1.0,1e-04
0.0007162031251937151,1.0,1e-04
0.0007154525956138968,1.0,1e-04
0.0007147081196308136,1.0,1e-04
0.0007139576482586563,1.0,1e-04
0.0007132071768864989,1.0,1e-04
0.0007124567637220025,1.0,1e-04
0.0007117241621017456,1.0,1e-04
0.000710961758159101,1.0,1e-04
0.0007102232193574309,1.0,1e-04
0.0007094728061929345,1.0,1e-04
0.0007087223348207772,1.0,1e-04
0.0007079659262672067,1.0,1e-04
0.0007072332664392889,1.0,1e-04
0.0007065066020004451,1.0,1e-04
0.0007057502516545355,1.0,1e-04
0.0007049997220747173,1.0,1e-04
0.0007042731158435345,1.0,1e-04
0.0007035345770418644,1.0,1e-04
0.0007027841056697071,1.0,1e-04
0.0007020515622571111,1.0,1e-04
0.0007012950954958797,1.0,1e-04
0.0007005863590165973,1.0,1e-04
0.0006998359458521008,1.0,1e-04
0.0006991032278165221,1.0,1e-04
0.0006983587518334389,1.0,1e-04
0.0006976321456022561,1.0,1e-04
0.0006968934903852642,1.0,1e-04
0.000696155009791255,1.0,1e-04
0.0006954283453524113,1.0,1e-04
0.0006946898065507412,1.0,1e-04
0.0006939690792933106,1.0,1e-04
0.0006932484684512019,1.0,1e-04
0.0006925038760527968,1.0,1e-04
0.0006917832070030272,1.0,1e-04
0.0006910505471751094,1.0,1e-04
0.0006903120083734393,1.0,1e-04
0.0006895913393236697,1.0,1e-04
0.0006888528005219996,1.0,1e-04
0.0006881380686536431,1.0,1e-04
0.0006874173996038735,1.0,1e-04
0.0006866906769573689,1.0,1e-04
0.0006859700079075992,1.0,1e-04
0.0006852373480796814,1.0,1e-04
0.0006845226744189858,1.0,1e-04
0.0006837959517724812,1.0,1e-04
0.000683093152474612,1.0,1e-04
0.0006823664880357683,1.0,1e-04
0.0006816338864155114,1.0,1e-04
0.0006809131591580808,1.0,1e-04
0.000680222234223038,1.0,1e-04
0.0006794896326027811,1.0,1e-04
0.0006787570309825242,1.0,1e-04
0.0006780660478398204,1.0,1e-04
0.0006773335044272244,1.0,1e-04
0.0006766187725588679,1.0,1e-04
0.0006759099778719246,1.0,1e-04
0.0006751952460035682,1.0,1e-04
0.0006744983838871121,1.0,1e-04
0.0006737717194482684,1.0,1e-04
0.0006730688619427383,1.0,1e-04
0.0006723481346853077,1.0,1e-04
0.0006716393982060254,1.0,1e-04
0.0006709424778819084,1.0,1e-04
0.0006702336249873042,1.0,1e-04
0.0006695188931189477,1.0,1e-04
0.0006688220310024917,1.0,1e-04
0.0006681132363155484,1.0,1e-04
0.0006674044416286051,1.0,1e-04
0.000666701584123075,1.0,1e-04
0.0006659867940470576,1.0,1e-04
0.0006652839365415275,1.0,1e-04
0.0006645751418545842,1.0,1e-04
0.0006638842751272023,1.0,1e-04
0.0006631814176216722,1.0,1e-04
0.0006624844972975552,1.0,1e-04
0.0006617697654291987,1.0,1e-04
0.0006610668497160077,1.0,1e-04
0.0006603759829886258,1.0,1e-04
0.0006596671300940216,1.0,1e-04
0.000658988137729466,1.0,1e-04
0.0006582793430425227,1.0,1e-04
0.0006575884181074798,1.0,1e-04
0.000656897493172437,1.0,1e-04
0.0006561707705259323,1.0,1e-04
0.0006554977735504508,1.0,1e-04
0.0006548008532263339,1.0,1e-04
0.0006541277980431914,1.0,1e-04
0.0006534189451485872,1.0,1e-04
0.0006527280202135444,1.0,1e-04
0.0006520311580970883,1.0,1e-04
0.0006513461703434587,1.0,1e-04
0.0006506730569526553,1.0,1e-04
0.0006499701412394643,1.0,1e-04
0.0006492852116934955,1.0,1e-04
0.0006485942867584527,1.0,1e-04
0.0006479033036157489,1.0,1e-04
0.0006472183158621192,1.0,1e-04
0.0006465452606789768,1.0,1e-04
0.0006458662683144212,1.0,1e-04
0.0006451693479903042,1.0,1e-04
0.0006444902974180877,1.0,1e-04
0.0006438113050535321,1.0,1e-04
0.0006431083893403411,1.0,1e-04
0.0006424293969757855,1.0,1e-04
0.0006417622207663953,1.0,1e-04
0.0006410712958313525,1.0,1e-04
0.0006403863080777228,1.0,1e-04
0.0006397191318683326,1.0,1e-04
0.0006390341441147029,1.0,1e-04
0.0006383610889315605,1.0,1e-04
0.000637682038359344,1.0,1e-04
0.0006370089831762016,1.0,1e-04
0.0006363299326039851,1.0,1e-04
0.0006356390076689422,1.0,1e-04
0.0006349837640300393,1.0,1e-04
0.000634310650639236,1.0,1e-04
0.0006336316582746804,1.0,1e-04
0.000632958603091538,1.0,1e-04
0.0006322914268821478,1.0,1e-04
0.0006316243088804185,1.0,1e-04
0.0006309631280601025,1.0,1e-04
0.000630284077487886,1.0,1e-04
0.0006296170176938176,1.0,1e-04
0.0006289557786658406,1.0,1e-04
0.0006282826652750373,1.0,1e-04
0.0006276274798437953,1.0,1e-04
0.0006269364384934306,1.0,1e-04
0.0006262872484512627,1.0,1e-04
0.0006256260676309466,1.0,1e-04
0.0006249708821997046,1.0,1e-04
0.0006242917734198272,1.0,1e-04
0.0006236425251699984,1.0,1e-04
0.000622969469986856,1.0,1e-04
0.0006223201635293663,1.0,1e-04
0.0006216470501385629,1.0,1e-04
0.0006210037390701473,1.0,1e-04
0.000620336621068418,1.0,1e-04
0.0006196813774295151,1.0,1e-04
0.0006190261919982731,1.0,1e-04
0.0006183768855407834,1.0,1e-04
0.0006177097675390542,1.0,1e-04
0.0006170485867187381,1.0,1e-04
0.0006163933430798352,1.0,1e-04
0.0006157500902190804,1.0,1e-04
0.0006151008419692516,1.0,1e-04
0.0006144455401226878,1.0,1e-04
0.000613796291872859,1.0,1e-04
0.000613141106441617,1.0,1e-04
0.0006124858628027141,1.0,1e-04
0.0006118246237747371,1.0,1e-04
0.0006111753755249083,1.0,1e-04
0.0006105380016379058,1.0,1e-04
0.0006098886951804161,1.0,1e-04
0.0006092335097491741,1.0,1e-04
0.0006085961358621716,1.0,1e-04
0.0006079588201828301,1.0,1e-04
0.0006073095137253404,1.0,1e-04
0.0006066780770197511,1.0,1e-04
0.0006060228333808482,1.0,1e-04
0.0006053735851310194,1.0,1e-04
0.0006047242786735296,1.0,1e-04
0.0006040988373570144,1.0,1e-04
0.0006034495308995247,1.0,1e-04
0.0006028121570125222,1.0,1e-04
0.0006021748413331807,1.0,1e-04
0.0006015374092385173,1.0,1e-04
0.0006008881609886885,1.0,1e-04
0.0006002567824907601,1.0,1e-04
0.0005996134132146835,1.0,1e-04
0.0005989820347167552,1.0,1e-04
0.0005983446608297527,1.0,1e-04
0.000597737031057477,1.0,1e-04
0.0005970937781967223,1.0,1e-04
0.0005964384763501585,1.0,1e-04
0.0005958070978522301,1.0,1e-04
0.000595181598328054,1.0,1e-04
0.0005945382872596383,1.0,1e-04
0.0005939247785136104,1.0,1e-04
0.000593287346418947,1.0,1e-04
0.0005926499725319445,1.0,1e-04
0.0005920304683968425,1.0,1e-04
0.00059139309450984,1.0,1e-04
0.0005907736485823989,1.0,1e-04
0.0005901481490582228,1.0,1e-04
0.0005895167705602944,1.0,1e-04
0.0005888972082175314,1.0,1e-04
0.0005882658297196031,1.0,1e-04
0.0005876641953364015,1.0,1e-04
0.0005870267632417381,1.0,1e-04
0.0005863894475623965,1.0,1e-04
0.0005857639480382204,1.0,1e-04
0.0005851503810845315,1.0,1e-04
0.0005845309351570904,1.0,1e-04
0.0005839113146066666,1.0,1e-04
0.0005832859314978123,1.0,1e-04
0.0005826723063364625,1.0,1e-04
0.0005820469232276082,1.0,1e-04
0.0005814392934553325,1.0,1e-04
0.0005808137939311564,1.0,1e-04
0.0005801883526146412,1.0,1e-04
0.0005795927136205137,1.0,1e-04
0.0005789672140963376,1.0,1e-04
0.0005783477099612355,1.0,1e-04
0.0005777281476184726,1.0,1e-04
0.000577126513235271,1.0,1e-04
0.0005765248788520694,1.0,1e-04
0.0005759113701060414,1.0,1e-04
0.0005752918077632785,1.0,1e-04
0.0005746901733800769,1.0,1e-04
0.0005740647320635617,1.0,1e-04
0.0005734630394726992,1.0,1e-04
0.0005728554679080844,1.0,1e-04
0.000572259712498635,1.0,1e-04
0.0005716402665711939,1.0,1e-04
0.0005710386321879923,1.0,1e-04
0.0005704250070266426,1.0,1e-04
0.0005698174354620278,1.0,1e-04
0.0005692277336493134,1.0,1e-04
0.0005686260410584509,1.0,1e-04
0.0005680244066752493,1.0,1e-04
0.0005674227722920477,1.0,1e-04
0.0005668092053383589,1.0,1e-04
0.0005661955801770091,1.0,1e-04
0.000565617810934782,1.0,1e-04
0.0005650101811625063,1.0,1e-04
0.0005644144839607179,1.0,1e-04
0.0005638307193294168,1.0,1e-04
0.0005632290849462152,1.0,1e-04
0.0005626095226034522,1.0,1e-04
0.000562025757972151,1.0,1e-04
0.0005614181281998754,1.0,1e-04
0.0005608283681795001,1.0,1e-04
0.0005602386663667858,1.0,1e-04
0.0005596489645540714,1.0,1e-04
0.0005590532091446221,1.0,1e-04
0.0005584575119428337,1.0,1e-04
0.0005578737473115325,1.0,1e-04
0.0005572780501097441,1.0,1e-04
0.0005566882900893688,1.0,1e-04
0.0005560925928875804,1.0,1e-04
0.0005555028910748661,1.0,1e-04
0.000554919068235904,1.0,1e-04
0.000554341240786016,1.0,1e-04
0.0005537514807656407,1.0,1e-04
0.0005531558417715132,1.0,1e-04
0.0005525839515030384,1.0,1e-04
0.00055198825430125,1.0,1e-04
0.0005514163640327752,1.0,1e-04
0.0005508385365828872,1.0,1e-04
0.0005502369021996856,1.0,1e-04
0.0005496470839716494,1.0,1e-04
0.0005490811890922487,1.0,1e-04
0.0005484914290718734,1.0,1e-04
0.0005479195388033986,1.0,1e-04
0.0005473536439239979,1.0,1e-04
0.0005467520095407963,1.0,1e-04
0.0005461800610646605,1.0,1e-04
0.0005456022918224335,1.0,1e-04
0.0005450303433462977,1.0,1e-04
0.0005444466369226575,1.0,1e-04
0.0005438866792246699,1.0,1e-04
0.0005432909238152206,1.0,1e-04
0.0005427309079095721,1.0,1e-04
0.0005421352689154446,1.0,1e-04
0.0005415753112174571,1.0,1e-04
0.0005410212907008827,1.0,1e-04
0.0005404494004324079,1.0,1e-04
0.0005398715729825199,1.0,1e-04
0.000539293687324971,1.0,1e-04
0.0005387397250160575,1.0,1e-04
0.0005381559021770954,1.0,1e-04
0.0005375840701162815,1.0,1e-04
0.0005370300495997071,1.0,1e-04
0.000536446284968406,1.0,1e-04
0.0005358862690627575,1.0,1e-04
0.0005353143205866218,1.0,1e-04
0.0005347663536667824,1.0,1e-04
0.0005342004005797207,1.0,1e-04
0.0005336225731298327,1.0,1e-04
0.0005330744897946715,1.0,1e-04
0.0005325025995261967,1.0,1e-04
0.0005319605697877705,1.0,1e-04
0.0005313886213116348,1.0,1e-04
0.00053081673104316,1.0,1e-04
0.0005302627687342465,1.0,1e-04
0.0005297146853990853,1.0,1e-04
0.0005291546694934368,1.0,1e-04
0.0005285887746140361,1.0,1e-04
0.0005280406912788749,1.0,1e-04
0.0005274629220366478,1.0,1e-04
0.000526926654856652,1.0,1e-04
0.0005263726925477386,1.0,1e-04
0.0005258008022792637,1.0,1e-04
0.0005252527771517634,1.0,1e-04
0.0005247046938166022,1.0,1e-04
0.0005241506733000278,1.0,1e-04
0.0005235847202129662,1.0,1e-04
0.0005230485694482923,1.0,1e-04
0.0005224945489317179,1.0,1e-04
0.0005219465238042176,1.0,1e-04
0.0005213745753280818,1.0,1e-04
0.000520844419952482,1.0,1e-04
0.0005202904576435685,1.0,1e-04
0.0005197423743084073,1.0,1e-04
0.0005191942909732461,1.0,1e-04
0.0005186580820009112,1.0,1e-04
0.0005181100568734109,1.0,1e-04
0.0005175679689273238,1.0,1e-04
0.0005170198855921626,1.0,1e-04
0.0005164718022570014,1.0,1e-04
0.0005159297143109143,1.0,1e-04
0.0005153875681571662,1.0,1e-04
0.0005148335476405919,1.0,1e-04
0.0005143093294464052,1.0,1e-04
0.0005137731786817312,1.0,1e-04
0.00051322509534657,1.0,1e-04
0.0005126830074004829,1.0,1e-04
0.0005121468566358089,1.0,1e-04
0.0005115987733006477,1.0,1e-04
0.0005110626225359738,1.0,1e-04
0.0005105205345898867,1.0,1e-04
0.0005099783884361386,1.0,1e-04
0.0005094422958791256,1.0,1e-04
0.0005089120240882039,1.0,1e-04
0.0005083759315311909,1.0,1e-04
0.0005078576505184174,1.0,1e-04
0.0005073214415460825,1.0,1e-04
0.0005067853489890695,1.0,1e-04
0.0005062490818090737,1.0,1e-04
0.0005056950612924993,1.0,1e-04
0.0005051709013059735,1.0,1e-04
0.0005046228179708123,1.0,1e-04
0.0005041045369580388,1.0,1e-04
0.0005035802605561912,1.0,1e-04
0.0005030441097915173,1.0,1e-04
0.0005025258287787437,1.0,1e-04
0.0005020016105845571,1.0,1e-04
0.000501459464430809,1.0,1e-04
0.0005009530577808619,1.0,1e-04
0.0005004288395866752,1.0,1e-04
0.0004999046213924885,1.0,1e-04
0.0004993684124201536,1.0,1e-04
0.0004988680011592805,1.0,1e-04
0.0004983258550055325,1.0,1e-04
0.0004978015786036849,1.0,1e-04
0.000497265427839011,1.0,1e-04
0.0004967531422153115,1.0,1e-04
0.0004962169332429767,1.0,1e-04
0.0004957105848006904,1.0,1e-04
0.0004951863666065037,1.0,1e-04
0.0004946681438013911,1.0,1e-04
0.0004941438091918826,1.0,1e-04
0.000493619532790035,1.0,1e-04
0.0004930953145958483,1.0,1e-04
0.000492582970764488,1.0,1e-04
0.0004920706269331276,1.0,1e-04
0.0004915523459203541,1.0,1e-04
0.0004910280695185065,1.0,1e-04
0.0004905277164652944,1.0,1e-04
0.0004900094354525208,1.0,1e-04
0.0004894910962320864,1.0,1e-04
0.0004889787524007261,1.0,1e-04
0.0004884723457507789,1.0,1e-04
0.0004879779298789799,1.0,1e-04
0.0004874596488662064,1.0,1e-04
0.00048692338168621063,1.0,1e-04
0.00048642302863299847,1.0,1e-04
0.0004859166219830513,1.0,1e-04
0.0004854043072555214,1.0,1e-04
0.0004848979297094047,1.0,1e-04
0.0004844093637075275,1.0,1e-04
0.00048387920833192766,1.0,1e-04
0.0004833787679672241,1.0,1e-04
0.00048286645323969424,1.0,1e-04
0.00048236007569357753,1.0,1e-04
0.0004818655434064567,1.0,1e-04
0.0004813532286789268,1.0,1e-04
0.0004808467929251492,1.0,1e-04
0.0004803345073014498,1.0,1e-04
0.0004798519366886467,1.0,1e-04
0.0004793455300386995,1.0,1e-04
0.0004788451478816569,1.0,1e-04
0.0004783446784131229,1.0,1e-04
0.0004778382717631757,1.0,1e-04
0.00047734385589137673,1.0,1e-04
0.00047685531899333,1.0,1e-04
0.0004763430042658001,1.0,1e-04
0.00047584850108250976,1.0,1e-04
0.0004753480607178062,1.0,1e-04
0.00047485361574217677,1.0,1e-04
0.00047435317537747324,1.0,1e-04
0.0004738587304018438,1.0,1e-04
0.0004733642563223839,1.0,1e-04
0.00047287571942433715,1.0,1e-04
0.0004723752790596336,1.0,1e-04
0.00047188677126541734,1.0,1e-04
0.00047138630179688334,1.0,1e-04
0.0004708859196398407,1.0,1e-04
0.0004704152815975249,1.0,1e-04
0.0004699029086623341,1.0,1e-04
0.00046942633343860507,1.0,1e-04
0.0004689497291110456,1.0,1e-04
0.0004684552550315857,1.0,1e-04
0.00046795475645922124,1.0,1e-04
0.00046747218584641814,1.0,1e-04
0.00046697776997461915,1.0,1e-04
0.0004665130691137165,1.0,1e-04
0.00046600672067143023,1.0,1e-04
0.0004655240918509662,1.0,1e-04
0.0004650356131605804,1.0,1e-04
0.00046455897972919047,1.0,1e-04
0.0004640644765459001,1.0,1e-04
0.00046358787221834064,1.0,1e-04
0.0004631113260984421,1.0,1e-04
0.00046261088573373854,1.0,1e-04
0.00046213422319851816,1.0,1e-04
0.0004616635851562023,1.0,1e-04
0.0004611929471138865,1.0,1e-04
0.000460698502138257,1.0,1e-04
0.0004602338303811848,1.0,1e-04
0.0004597512015607208,1.0,1e-04
0.000459262722870335,1.0,1e-04
0.0004588099254760891,1.0,1e-04
0.0004583035479299724,1.0,1e-04
0.0004578388179652393,1.0,1e-04
0.00045736817992292345,1.0,1e-04
0.00045688560931012034,1.0,1e-04
0.0004564208793453872,1.0,1e-04
0.00045593836694024503,1.0,1e-04
0.0004554676706902683,1.0,1e-04
0.000454979162896052,1.0,1e-04
0.00045451446203514934,1.0,1e-04
0.00045404984848573804,1.0,1e-04
0.0004535791522357613,1.0,1e-04
0.0004531024897005409,1.0,1e-04
0.0004526437842287123,1.0,1e-04
0.00045217908336780965,1.0,1e-04
0.0004517024790402502,1.0,1e-04
0.0004512199084274471,1.0,1e-04
0.0004507671110332012,1.0,1e-04
0.0004502964729908854,1.0,1e-04
0.00044983773841522634,1.0,1e-04
0.0004493670421652496,1.0,1e-04
0.0004488845297601074,1.0,1e-04
0.00044843769865110517,1.0,1e-04
0.00044797896407544613,1.0,1e-04
0.00044749636435881257,1.0,1e-04
0.00044703762978315353,1.0,1e-04
0.0004465728998184204,1.0,1e-04
0.0004461141652427614,1.0,1e-04
0.0004456554597709328,1.0,1e-04
0.00044518476352095604,1.0,1e-04
0.000444726028945297,1.0,1e-04
0.0004442673234734684,1.0,1e-04
0.0004438144969753921,1.0,1e-04
0.00044334385893307626,1.0,1e-04
0.00044287918717600405,1.0,1e-04
0.00044243232696317136,1.0,1e-04
0.00044194975635036826,1.0,1e-04
0.00044150889152660966,1.0,1e-04
0.0004410620895214379,1.0,1e-04
0.00044060926302336156,1.0,1e-04
0.0004401386249810457,1.0,1e-04
0.0004396679869387299,1.0,1e-04
0.0004392211267258972,1.0,1e-04
0.0004387623630464077,1.0,1e-04
0.000438315502833575,1.0,1e-04
0.00043787466711364686,1.0,1e-04
0.0004374159616418183,1.0,1e-04
0.00043696313514374197,1.0,1e-04
0.0004365222412161529,1.0,1e-04
0.0004360575694590807,1.0,1e-04
0.00043559883488342166,1.0,1e-04
0.0004351520037744194,1.0,1e-04
0.0004346991772763431,1.0,1e-04
0.00043427618220448494,1.0,1e-04
0.00043381741852499545,1.0,1e-04
0.00043337064562365413,1.0,1e-04
0.00043291188194416463,1.0,1e-04
0.00043245311826467514,1.0,1e-04
0.00043202415690757334,1.0,1e-04
0.00043157138861715794,1.0,1e-04
0.0004311364609748125,1.0,1e-04
0.00043068965896964073,1.0,1e-04
0.0004302487359382212,1.0,1e-04
0.0004298078711144626,1.0,1e-04
0.0004293372330721468,1.0,1e-04
0.0004289141797926277,1.0,1e-04
0.0004284614115022123,1.0,1e-04
0.00042802648385986686,1.0,1e-04
0.0004275796818546951,1.0,1e-04
0.00042714475421234965,1.0,1e-04
0.0004266919568181038,1.0,1e-04
0.0004262450966052711,1.0,1e-04
0.0004258102271705866,1.0,1e-04
0.00042537529952824116,1.0,1e-04
0.00042494633817113936,1.0,1e-04
0.0004245054442435503,1.0,1e-04
0.00042406455031596124,1.0,1e-04
0.0004236237145960331,1.0,1e-04
0.00042318872874602675,1.0,1e-04
0.00042275982559658587,1.0,1e-04
0.00042233680142089725,1.0,1e-04
0.00042189593659713864,1.0,1e-04
0.0004214550426695496,1.0,1e-04
0.00042100221617147326,1.0,1e-04
0.00042056728852912784,1.0,1e-04
0.00042015622602775693,1.0,1e-04
0.0004197212983854115,1.0,1e-04
0.0004192744963802397,1.0,1e-04
0.00041885144310072064,1.0,1e-04
0.00041841654456220567,1.0,1e-04
0.0004179934912826866,1.0,1e-04
0.0004175645881332457,1.0,1e-04
0.0004171117616351694,1.0,1e-04
0.00041669467464089394,1.0,1e-04
0.00041627167956903577,1.0,1e-04
0.0004158367810305208,1.0,1e-04
0.000415407819673419,1.0,1e-04
0.0004149609594605863,1.0,1e-04
0.0004145498969592154,1.0,1e-04
0.00041413880535401404,1.0,1e-04
0.0004136919160373509,1.0,1e-04
0.0004132749163545668,1.0,1e-04
0.0004128578584641218,1.0,1e-04
0.00041241696453653276,1.0,1e-04
0.0004119999357499182,1.0,1e-04
0.0004115828196518123,1.0,1e-04
0.0004111538582947105,1.0,1e-04
0.00041073086322285235,1.0,1e-04
0.00041030190186575055,1.0,1e-04
0.0004098788776900619,1.0,1e-04
0.00040945588261820376,1.0,1e-04
0.00040903882472775877,1.0,1e-04
0.00040860986337065697,1.0,1e-04
0.00040820473805069923,1.0,1e-04
0.00040777577669359744,1.0,1e-04
0.000407358689699322,1.0,1e-04
0.0004069475980941206,1.0,1e-04
0.0004065186367370188,1.0,1e-04
0.0004061194194946438,1.0,1e-04
0.0004056964535266161,1.0,1e-04
0.0004052674339618534,1.0,1e-04
0.00040485040517523885,1.0,1e-04
0.0004044393135700375,1.0,1e-04
0.0004040103522129357,1.0,1e-04
0.0004035992606077343,1.0,1e-04
0.00040318816900253296,1.0,1e-04
0.0004027710820082575,1.0,1e-04
0.0004023659566882998,1.0,1e-04
0.0004019548650830984,1.0,1e-04
0.00040153777808882296,1.0,1e-04
0.00040111475391313434,1.0,1e-04
0.00040071559487842023,1.0,1e-04
0.00040031044045463204,1.0,1e-04
0.00039987554191611707,1.0,1e-04
0.0003994882572442293,1.0,1e-04
0.0003990711993537843,1.0,1e-04
0.00039864814607426524,1.0,1e-04
0.00039824898703955114,1.0,1e-04
0.00039784982800483704,1.0,1e-04
0.00039742677472531796,1.0,1e-04
0.00039700971683487296,1.0,1e-04
0.00039660459151491523,1.0,1e-04
0.0003961875045206398,1.0,1e-04
0.00039578237920068204,1.0,1e-04
0.0003953950945287943,1.0,1e-04
0.0003949720994569361,1.0,1e-04
0.00039457291131839156,1.0,1e-04
0.00039416778599843383,1.0,1e-04
0.00039377453504130244,1.0,1e-04
0.00039336347253993154,1.0,1e-04
0.00039295232272706926,1.0,1e-04
0.00039255310548469424,1.0,1e-04
0.0003921360766980797,1.0,1e-04
0.0003917428548447788,1.0,1e-04
0.00039133173413574696,1.0,1e-04
0.00039092061342671514,1.0,1e-04
0.0003905452904291451,1.0,1e-04
0.0003901401360053569,1.0,1e-04
0.0003897349815815687,1.0,1e-04
0.00038932982715778053,1.0,1e-04
0.00038892473094165325,1.0,1e-04
0.00038852551369927824,1.0,1e-04
0.00038811442209407687,1.0,1e-04
0.0003877271374221891,1.0,1e-04
0.0003873219829984009,1.0,1e-04
0.00038692279485985637,1.0,1e-04
0.0003865355101879686,1.0,1e-04
0.00038611248601228,1.0,1e-04
0.00038571926415897906,1.0,1e-04
0.0003853141388390213,1.0,1e-04
0.00038493279134854674,1.0,1e-04
0.000384527666028589,1.0,1e-04
0.0003841344150714576,1.0,1e-04
0.00038373522693291306,1.0,1e-04
0.00038334200507961214,1.0,1e-04
0.00038294875412248075,1.0,1e-04
0.00038254359969869256,1.0,1e-04
0.000382144411560148,1.0,1e-04
0.0003817690594587475,1.0,1e-04
0.0003813639050349593,1.0,1e-04
0.0003809647460002452,1.0,1e-04
0.0003805715241469443,1.0,1e-04
0.00038018421037122607,1.0,1e-04
0.0003797909594140947,1.0,1e-04
0.00037940373294986784,1.0,1e-04
0.0003790283517446369,1.0,1e-04
0.00037861126475036144,1.0,1e-04
0.00037821210571564734,1.0,1e-04
0.0003778248210437596,1.0,1e-04
0.00037744943983852863,1.0,1e-04
0.0003770502516999841,1.0,1e-04
0.0003766450972761959,1.0,1e-04
0.00037627568235620856,1.0,1e-04
0.000375876494217664,1.0,1e-04
0.0003754832723643631,1.0,1e-04
0.00037508405512198806,1.0,1e-04
0.000374708732124418,1.0,1e-04
0.0003743274137377739,1.0,1e-04
0.0003739281964953989,1.0,1e-04
0.0003735409118235111,1.0,1e-04
0.000373141752788797,1.0,1e-04
0.00037274850183166564,1.0,1e-04
0.0003723790869116783,1.0,1e-04
0.0003719977685250342,1.0,1e-04
0.00037159858038648963,1.0,1e-04
0.0003712112957146019,1.0,1e-04
0.00037082997732795775,1.0,1e-04
0.0003704545961227268,1.0,1e-04
0.0003700673405546695,1.0,1e-04
0.0003696859930641949,1.0,1e-04
0.00036927490145899355,1.0,1e-04
0.00036889954935759306,1.0,1e-04
0.0003685182018671185,1.0,1e-04
0.0003681190137285739,1.0,1e-04
0.00036774363252334297,1.0,1e-04
0.0003673623432405293,1.0,1e-04
0.0003669750294648111,1.0,1e-04
0.0003665996773634106,1.0,1e-04
0.0003661945229396224,1.0,1e-04
0.00036581914173439145,1.0,1e-04
0.0003654437605291605,1.0,1e-04
0.0003650446014944464,1.0,1e-04
0.0003646632540039718,1.0,1e-04
0.00036427596933208406,1.0,1e-04
0.0003638767811935395,1.0,1e-04
0.00036350739537738264,1.0,1e-04
0.00036311414442025125,1.0,1e-04
0.00036274472950026393,1.0,1e-04
0.0003623574448283762,1.0,1e-04
0.0003619701601564884,1.0,1e-04
0.0003615888417698443,1.0,1e-04
0.0003612015279941261,1.0,1e-04
0.0003608142724260688,1.0,1e-04
0.00036043295403942466,1.0,1e-04
0.00036004564026370645,1.0,1e-04
0.0003596643509808928,1.0,1e-04
0.000359294906957075,1.0,1e-04
0.0003589076513890177,1.0,1e-04
0.0003585263038985431,1.0,1e-04
0.00035815691808238626,1.0,1e-04
0.0003577755414880812,1.0,1e-04
0.00035737635334953666,1.0,1e-04
0.0003570069675333798,1.0,1e-04
0.00035663158632814884,1.0,1e-04
0.0003562502679415047,1.0,1e-04
0.00035587488673627377,1.0,1e-04
0.00035549356834962964,1.0,1e-04
0.0003551181871443987,1.0,1e-04
0.00035474877222441137,1.0,1e-04
0.0003543853235896677,1.0,1e-04
0.00035400400520302355,1.0,1e-04
0.00035363459028303623,1.0,1e-04
0.0003532592090778053,1.0,1e-04
0.0003528898232616484,1.0,1e-04
0.00035251444205641747,1.0,1e-04
0.0003521569597069174,1.0,1e-04
0.0003517935110721737,1.0,1e-04
0.00035143003333359957,1.0,1e-04
0.00035107851726934314,1.0,1e-04
0.00035070907324552536,1.0,1e-04
0.00035032181767746806,1.0,1e-04
0.0003499881422612816,1.0,1e-04
0.0003496246936265379,1.0,1e-04
0.00034926721127703786,1.0,1e-04
0.0003489216323941946,1.0,1e-04
0.00034857005812227726,1.0,1e-04
0.00034821854205802083,1.0,1e-04
0.0003478491271380335,1.0,1e-04
0.00034748564939945936,1.0,1e-04
0.0003471281670499593,1.0,1e-04
0.00034676468931138515,1.0,1e-04
0.00034638933720998466,1.0,1e-04
0.00034604972461238503,1.0,1e-04
0.0003457041457295418,1.0,1e-04
0.00034534066799096763,1.0,1e-04
0.00034498912282288074,1.0,1e-04
0.0003446257032919675,1.0,1e-04
0.00034428006620146334,1.0,1e-04
0.0003439225838519633,1.0,1e-04
0.00034358297125436366,1.0,1e-04
0.00034323142608627677,1.0,1e-04
0.00034286201116628945,1.0,1e-04
0.00034251046599820256,1.0,1e-04
0.00034217085340060294,1.0,1e-04
0.00034180740476585925,1.0,1e-04
0.00034147370024584234,1.0,1e-04
0.0003411162178963423,1.0,1e-04
0.000340770639013499,1.0,1e-04
0.00034042506013065577,1.0,1e-04
0.0003400734858587384,1.0,1e-04
0.00033972790697589517,1.0,1e-04
0.00033937039552256465,1.0,1e-04
0.00033903674921020865,1.0,1e-04
0.00033869114122353494,1.0,1e-04
0.0003383515286259353,1.0,1e-04
0.00033802384859882295,1.0,1e-04
0.00033770804293453693,1.0,1e-04
0.00033737439662218094,1.0,1e-04
0.0003370466292835772,1.0,1e-04
0.0003367189201526344,1.0,1e-04
0.0003363852738402784,1.0,1e-04
0.00033604566124267876,1.0,1e-04
0.0003357060195412487,1.0,1e-04
0.00033538424759171903,1.0,1e-04
0.0003350625338498503,1.0,1e-04
0.0003347228921484202,1.0,1e-04
0.00033441305276937783,1.0,1e-04
0.00033406150760129094,1.0,1e-04
0.0003337457019370049,1.0,1e-04
0.0003334179928060621,1.0,1e-04
0.00033309627906419337,1.0,1e-04
0.00033276257454417646,1.0,1e-04
0.00033242296194657683,1.0,1e-04
0.000332095252815634,1.0,1e-04
0.0003317615482956171,1.0,1e-04
0.00033144577173516154,1.0,1e-04
0.0003311299660708755,1.0,1e-04
0.0003307962906546891,1.0,1e-04
0.0003304745478089899,1.0,1e-04
0.00033013493521139026,1.0,1e-04
0.0003298310621175915,1.0,1e-04
0.00032949139131233096,1.0,1e-04
0.00032917564385570586,1.0,1e-04
0.00032885983819141984,1.0,1e-04
0.00032852019648998976,1.0,1e-04
0.00032819845364429057,1.0,1e-04
0.0003278945805504918,1.0,1e-04
0.0003275787748862058,1.0,1e-04
0.00032724509947001934,1.0,1e-04
0.00032691736123524606,1.0,1e-04
0.00032660755096003413,1.0,1e-04
0.0003262857790105045,1.0,1e-04
0.0003259759396314621,1.0,1e-04
0.0003256422933191061,1.0,1e-04
0.0003253383911214769,1.0,1e-04
0.00032500471570529044,1.0,1e-04
0.00032468297285959125,1.0,1e-04
0.00032437313348054886,1.0,1e-04
0.00032406329410150647,1.0,1e-04
0.00032374748843722045,1.0,1e-04
0.0003234317118767649,1.0,1e-04
0.00032310993992723525,1.0,1e-04
0.00032279413426294923,1.0,1e-04
0.00032247835770249367,1.0,1e-04
0.0003221685183234513,1.0,1e-04
0.000321840780088678,1.0,1e-04
0.0003215488395653665,1.0,1e-04
0.0003212151350453496,1.0,1e-04
0.0003208933921996504,1.0,1e-04
0.0003206014516763389,1.0,1e-04
0.000320267747156322,1.0,1e-04
0.0003199579077772796,1.0,1e-04
0.0003196421021129936,1.0,1e-04
0.00031935612787492573,1.0,1e-04
0.00031902838964015245,1.0,1e-04
0.0003187245165463537,1.0,1e-04
0.0003184087108820677,1.0,1e-04
0.00031810480868443847,1.0,1e-04
0.00031778900302015245,1.0,1e-04
0.0003174851299263537,1.0,1e-04
0.00031718722311779857,1.0,1e-04
0.0003168654511682689,1.0,1e-04
0.0003165675443597138,1.0,1e-04
0.00031626367126591504,1.0,1e-04
0.00031594187021255493,1.0,1e-04
0.00031562609365209937,1.0,1e-04
0.0003153341240249574,1.0,1e-04
0.00031503025093115866,1.0,1e-04
0.00031470850808545947,1.0,1e-04
0.0003144165384583175,1.0,1e-04
0.0003140947374049574,1.0,1e-04
0.0003138147003483027,1.0,1e-04
0.00031349295750260353,1.0,1e-04
0.00031318311812356114,1.0,1e-04
0.0003128911484964192,1.0,1e-04
0.00031258724629879,1.0,1e-04
0.0003122714697383344,1.0,1e-04
0.00031197353382594883,1.0,1e-04
0.000311663665343076,1.0,1e-04
0.00031137766200117767,1.0,1e-04
0.0003110797260887921,1.0,1e-04
0.0003107579832430929,1.0,1e-04
0.00031047197990119457,1.0,1e-04
0.0003101502079516649,1.0,1e-04
0.00030987017089501023,1.0,1e-04
0.0003095603024121374,1.0,1e-04
0.00030925642931833863,1.0,1e-04
0.0003089585225097835,1.0,1e-04
0.00030866655288264155,1.0,1e-04
0.00030836864607408643,1.0,1e-04
0.00030805874848738313,1.0,1e-04
0.00030776087078265846,1.0,1e-04
0.0003074748092330992,1.0,1e-04
0.0003071769024245441,1.0,1e-04
0.0003068670630455017,1.0,1e-04
0.00030657509341835976,1.0,1e-04
0.0003062831237912178,1.0,1e-04
0.0003059792215935886,1.0,1e-04
0.00030569921364076436,1.0,1e-04
0.0003053893451578915,1.0,1e-04
0.00030510331271216273,1.0,1e-04
0.000304799439618364,1.0,1e-04
0.000304507469991222,1.0,1e-04
0.00030421552946791053,1.0,1e-04
0.0003039235307369381,1.0,1e-04
0.0003036196285393089,1.0,1e-04
0.00030334555776789784,1.0,1e-04
0.0003030416846740991,1.0,1e-04
0.0003027496859431267,1.0,1e-04
0.000302469648886472,1.0,1e-04
0.0003021657466888428,1.0,1e-04
0.00030187974334694445,1.0,1e-04
0.0003015996771864593,1.0,1e-04
0.0003012838715221733,1.0,1e-04
0.0003010217333212495,1.0,1e-04
0.00030072376830503345,1.0,1e-04
0.00030044373124837875,1.0,1e-04
0.0003001338627655059,1.0,1e-04
0.0002998657582793385,1.0,1e-04
0.0002995916293002665,1.0,1e-04
0.0002992698864545673,1.0,1e-04
0.00029898385400883853,1.0,1e-04
0.00029870381695218384,1.0,1e-04
0.00029841778450645506,1.0,1e-04
0.0002981377183459699,1.0,1e-04
0.00029784574871882796,1.0,1e-04
0.00029752994305454195,1.0,1e-04
0.0002972737420350313,1.0,1e-04
0.0002969698398374021,1.0,1e-04
0.000296671933028847,1.0,1e-04
0.0002964157029055059,1.0,1e-04
0.00029611182981170714,1.0,1e-04
0.000295831763651222,1.0,1e-04
0.00029555766377598047,1.0,1e-04
0.00029525376157835126,1.0,1e-04
0.00029498565709218383,1.0,1e-04
0.00029469962464645505,1.0,1e-04
0.0002944076550193131,1.0,1e-04
0.0002941216225735843,1.0,1e-04
0.00029384755180217326,1.0,1e-04
0.0002935496158897877,1.0,1e-04
0.00029328145319595933,1.0,1e-04
0.00029300738242454827,1.0,1e-04
0.0002927213499788195,1.0,1e-04
0.00029242938035167754,1.0,1e-04
0.000292155280476436,1.0,1e-04
0.0002918692771345377,1.0,1e-04
0.00029160111444070935,1.0,1e-04
0.0002913091448135674,1.0,1e-04
0.00029104697750881314,1.0,1e-04
0.00029076094506308436,1.0,1e-04
0.00029049284057691693,1.0,1e-04
0.00029019490466453135,1.0,1e-04
0.00028991480940021574,1.0,1e-04
0.0002896586083807051,1.0,1e-04
0.0002893726050388068,1.0,1e-04
0.0002891104086302221,1.0,1e-04
0.00028880650643259287,1.0,1e-04
0.00028853240655735135,1.0,1e-04
0.00028826427296735346,1.0,1e-04
0.00028799017309211195,1.0,1e-04
0.00028771013603545725,1.0,1e-04
0.0002874419733416289,1.0,1e-04
0.0002871619362849742,1.0,1e-04
0.00028688780730590224,1.0,1e-04
0.0002865958376787603,1.0,1e-04
0.0002863396075554192,1.0,1e-04
0.0002860655076801777,1.0,1e-04
0.00028579740319401026,1.0,1e-04
0.00028550540446303785,1.0,1e-04
0.00028524320805445313,1.0,1e-04
0.0002849751035682857,1.0,1e-04
0.00028470694087445736,1.0,1e-04
0.0002844209666363895,1.0,1e-04
0.0002841408713720739,1.0,1e-04
0.00028389657381922007,1.0,1e-04
0.0002836165076587349,1.0,1e-04
0.0002833483449649066,1.0,1e-04
0.00028306833701208234,1.0,1e-04
0.0002827941789291799,1.0,1e-04
0.00028253201162442565,1.0,1e-04
0.0002822639071382582,1.0,1e-04
0.00028199577354826033,1.0,1e-04
0.0002817395143210888,1.0,1e-04
0.00028146541444584727,1.0,1e-04
0.00028119730995967984,1.0,1e-04
0.0002809112484101206,1.0,1e-04
0.0002806431148201227,1.0,1e-04
0.0002803988172672689,1.0,1e-04
0.00028013065457344055,1.0,1e-04
0.0002798446221277118,1.0,1e-04
