loss,accuracy,lr
1.1794695854187012,0.3611111044883728,0.001
0.9330781102180481,0.5555555820465088,0.001
0.7671705484390259,0.6388888955116272,0.001
0.6702321767807007,0.6944444179534912,0.001
0.5912948250770569,0.7222222089767456,0.001
0.5241708755493164,0.8055555820465088,0.001
0.4678865075111389,0.8611111044883728,0.001
0.4221433997154236,0.9166666865348816,0.001
0.38359081745147705,0.9166666865348816,0.001
0.3482002019882202,0.8888888955116272,0.001
0.3132078945636749,0.9166666865348816,0.001
0.27857649326324463,0.9444444179534912,0.001
0.24717241525650024,0.9722222089767456,0.001
0.21780258417129517,1.0,0.001
0.19079071283340454,1.0,0.001
0.1658690869808197,1.0,0.001
0.14360329508781433,1.0,0.001
0.12456189095973969,1.0,0.001
0.10824854671955109,1.0,0.001
0.09394773095846176,1.0,0.001
0.08183533698320389,1.0,0.001
0.07149513065814972,1.0,0.001
0.062437500804662704,1.0,0.001
0.054839350283145905,1.0,0.001
0.04829947650432587,1.0,0.001
0.04261572286486626,1.0,0.001
0.03772564232349396,1.0,0.001
0.03363192081451416,1.0,0.001
0.030234359204769135,1.0,0.001
0.02727319486439228,1.0,0.001
0.024644354358315468,1.0,0.001
0.022292813286185265,1.0,0.001
0.02027752250432968,1.0,0.001
0.018533572554588318,1.0,0.001
0.017005138099193573,1.0,0.001
0.01562916859984398,1.0,0.001
0.014422472566366196,1.0,0.001
0.013371139764785767,1.0,0.001
0.012465455569326878,1.0,0.001
0.011676833033561707,1.0,0.001
0.010964488610625267,1.0,0.001
0.010305851697921753,1.0,0.001
0.009722491726279259,1.0,0.001
0.009201436303555965,1.0,0.001
0.008727333508431911,1.0,0.001
0.008290231227874756,1.0,0.001
0.007883310317993164,1.0,0.001
0.007499429862946272,1.0,0.001
0.0071433656848967075,1.0,0.001
0.006820893380790949,1.0,0.001
0.006526076700538397,1.0,0.001
0.0062550208531320095,1.0,0.001
0.006004124414175749,1.0,0.001
0.005774347111582756,1.0,0.001
0.0055623543448746204,1.0,0.001
0.00536427553743124,1.0,0.001
0.00518212653696537,1.0,0.001
0.00501204002648592,1.0,0.001
0.004851131234318018,1.0,0.001
0.004700656980276108,1.0,0.001
0.004560865927487612,1.0,0.001
0.004429446533322334,1.0,0.001
0.00430543627589941,1.0,0.001
0.00418830756098032,1.0,0.001
0.0040773916989564896,1.0,0.001
0.003971801605075598,1.0,0.001
0.003870895830914378,1.0,0.001
0.003775646211579442,1.0,0.001
0.003685777075588703,1.0,0.001
0.003600483061745763,1.0,0.001
0.0035187515895813704,1.0,0.001
0.0034409179352223873,1.0,0.001
0.0033670866396278143,1.0,0.001
0.003296592738479376,1.0,0.001
0.003229003632441163,1.0,0.001
0.0031642045360058546,1.0,0.001
0.003102107672020793,1.0,0.001
0.0030421006958931684,1.0,0.001
0.002983946818858385,1.0,0.001
0.0029277540743350983,1.0,0.001
0.0028734866064041853,1.0,0.001
0.0028210387099534273,1.0,0.001
0.00277046300470829,1.0,0.001
0.002721678465604782,1.0,0.001
0.0026745733339339495,1.0,0.001
0.002629030030220747,1.0,0.001
0.00258489977568388,1.0,0.001
0.0025422179605811834,1.0,0.001
0.0025008840020745993,1.0,0.001
0.0024607849773019552,1.0,0.001
0.0024219444021582603,1.0,0.001
0.002384269842877984,1.0,0.001
0.0023476495407521725,1.0,0.001
0.0023120539262890816,1.0,0.001
0.0022774045355618,1.0,0.001
0.002243591705337167,1.0,0.001
0.002210622653365135,1.0,0.001
0.00217853719368577,1.0,0.001
0.002147335559129715,1.0,0.001
0.0021169453393667936,1.0,0.001
0.002087416360154748,1.0,0.001
0.0020586198661476374,1.0,0.001
0.002030463656410575,1.0,0.001
0.0020029572769999504,1.0,0.001
0.0019761112052947283,1.0,0.001
0.0019499347545206547,1.0,0.001
0.0019243843853473663,1.0,0.001
0.0018994677811861038,1.0,0.001
0.0018751081079244614,1.0,0.001
0.0018512463429942727,1.0,0.001
0.0018279521027579904,1.0,0.001
0.0018051032675430179,1.0,0.001
0.0017827325500547886,1.0,0.001
0.001760816783644259,1.0,0.001
0.0017393394373357296,1.0,0.001
0.0017183171585202217,1.0,0.001
0.0016976705519482493,1.0,0.001
0.001677442924119532,1.0,0.001
0.001657578512094915,1.0,0.001
0.001638113404624164,1.0,0.001
0.0016189950983971357,1.0,0.001
0.0016002700431272388,1.0,0.001
0.0015818750252947211,1.0,0.001
0.0015638498589396477,1.0,0.001
0.0015461251605302095,1.0,0.001
0.0015287534333765507,1.0,0.001
0.0015116757713258266,1.0,0.001
0.0014949148753657937,1.0,0.001
0.0014784445520490408,1.0,0.001
0.0014622617745772004,1.0,0.001
0.0014463396510109305,1.0,0.001
0.0014306551311165094,1.0,0.001
0.0014152709627524018,1.0,0.001
0.0014001609524711967,1.0,0.001
0.001385311596095562,1.0,0.001
0.0013706835452467203,1.0,0.001
0.001356316264718771,1.0,0.001
0.0013421769253909588,1.0,0.001
0.0013282886939123273,1.0,0.001
0.0013145986013114452,1.0,0.001
0.001301139360293746,1.0,0.001
0.001287881750613451,1.0,0.001
0.0012748421868309379,1.0,0.001
0.001261987374164164,1.0,0.001
0.0012492979876697063,1.0,0.001
0.001236810116097331,1.0,0.001
0.0012245203834027052,1.0,0.001
0.0012124355416744947,1.0,0.001
0.0012005091411992908,1.0,0.001
0.0011887643486261368,1.0,0.001
0.001177178113721311,1.0,0.001
0.0011657600989565253,1.0,0.001
0.0011545105371624231,1.0,0.001
0.0011434031184762716,1.0,0.001
0.0011324707884341478,1.0,0.001
0.0011216673301532865,1.0,0.001
0.0011110585182905197,1.0,0.001
0.0011005952255800366,1.0,0.001
0.001090250676497817,1.0,0.001
0.001080094836652279,1.0,0.001
0.0010700577404350042,1.0,0.001
0.001060156268067658,1.0,0.001
0.0010503935627639294,1.0,0.001
0.0010407697409391403,1.0,0.001
0.0010312878293916583,1.0,0.001
0.0010219448013231158,1.0,0.001
0.0010127207497134805,1.0,0.001
0.0010036519961431623,1.0,0.001
0.0009946889476850629,1.0,0.001
0.0009858348639681935,1.0,0.001
0.0009771296754479408,1.0,0.001
0.0009685235563665628,1.0,0.001
0.0009600265766493976,1.0,0.001
0.000951665046159178,1.0,0.00020000001
0.0009500113083049655,1.0,0.00020000001
0.0009483674075454473,1.0,0.00020000001
0.0009467268828302622,1.0,0.00020000001
0.0009450961952097714,1.0,0.00020000001
0.0009434755193069577,1.0,0.00020000001
0.000941854901611805,1.0,0.00020000001
0.0009402506402693689,1.0,0.00020000001
0.0009386498131789267,1.0,0.00020000001
0.0009370423504151404,1.0,0.00020000001
0.0009354546200484037,1.0,0.00020000001
0.0009338702657260001,1.0,0.00020000001
0.0009322661207988858,1.0,1e-04
0.0009314854396507144,1.0,1e-04
0.0009306783322244883,1.0,1e-04
0.0009298977674916387,1.0,1e-04
0.0009291039314121008,1.0,1e-04
0.0009283199906349182,1.0,1e-04
0.0009275227785110474,1.0,1e-04
0.0009267323184758425,1.0,1e-04
0.0009259383659809828,1.0,1e-04
0.0009251676965504885,1.0,1e-04
0.0009243639651685953,1.0,1e-04
0.0009235733305104077,1.0,1e-04
0.0009227794362232089,1.0,1e-04
0.0009220021311193705,1.0,1e-04
0.0009212016593664885,1.0,1e-04
0.0009204177185893059,1.0,1e-04
0.0009196138707920909,1.0,1e-04
0.0009188232943415642,1.0,1e-04
0.0009180261986330152,1.0,1e-04
0.0009172356221824884,1.0,1e-04
0.0009164384682662785,1.0,1e-04
0.0009156512096524239,1.0,1e-04
0.000914853997528553,1.0,1e-04
0.0009140601032413542,1.0,1e-04
0.0009132398990914226,1.0,1e-04
0.0009124624775722623,1.0,1e-04
0.0009116587461903691,1.0,1e-04
0.0009108813828788698,1.0,1e-04
0.0009100676979869604,1.0,1e-04
0.0009092738036997616,1.0,1e-04
0.0009084799094125628,1.0,1e-04
0.0009076794958673418,1.0,1e-04
0.0009068690706044436,1.0,1e-04
0.0009060685988515615,1.0,1e-04
0.0009052548557519913,1.0,1e-04
0.0009044643957167864,1.0,1e-04
0.0009036737610585988,1.0,1e-04
0.0009028567001223564,1.0,1e-04
0.0009020529687404633,1.0,1e-04
0.0009012623922899365,1.0,1e-04
0.0009004586609080434,1.0,1e-04
0.0008996448596008122,1.0,1e-04
0.0008988345507532358,1.0,1e-04
0.0008980307029560208,1.0,1e-04
0.0008972301729954779,1.0,1e-04
0.0008964163716882467,1.0,1e-04
0.0008956093806773424,1.0,1e-04
0.0008948155445978045,1.0,1e-04
0.0008939984836615622,1.0,1e-04
0.0008931747870519757,1.0,1e-04
0.0008923874702304602,1.0,1e-04
0.0008915638900361955,1.0,1e-04
0.0008907501469366252,1.0,1e-04
0.0008899562526494265,1.0,1e-04
0.0008891326142475009,1.0,1e-04
0.0008883287664502859,1.0,1e-04
0.0008875183411873877,1.0,1e-04
0.0008866881253197789,1.0,1e-04
0.0008858809596858919,1.0,1e-04
0.0008850640151649714,1.0,1e-04
0.000884243578184396,1.0,1e-04
0.0008834430482238531,1.0,1e-04
0.0008826062548905611,1.0,1e-04
0.0008818123023957014,1.0,1e-04
0.0008809852879494429,1.0,1e-04
0.0008801683434285223,1.0,1e-04
0.0008793644956313074,1.0,1e-04
0.0008785308455117047,1.0,1e-04
0.0008777237380854785,1.0,1e-04
0.0008768967818468809,1.0,1e-04
0.0008760830387473106,1.0,1e-04
0.0008752593421377242,1.0,1e-04
0.0008744389633648098,1.0,1e-04
0.0008736319141462445,1.0,1e-04
0.000872804899699986,1.0,1e-04
0.0008719778852537274,1.0,1e-04
0.0008711607661098242,1.0,1e-04
0.0008703371859155595,1.0,1e-04
0.0008695100550539792,1.0,1e-04
0.0008686864748597145,1.0,1e-04
0.0008678429294377565,1.0,1e-04
0.0008670424576848745,1.0,1e-04
0.0008662253385409713,1.0,1e-04
0.0008653817931190133,1.0,1e-04
0.0008645845809951425,1.0,1e-04
0.0008637509890832007,1.0,1e-04
0.000862917338963598,1.0,1e-04
0.0008620870066806674,1.0,1e-04
0.00086126325186342,1.0,1e-04
0.0008604396134614944,1.0,1e-04
0.0008596358238719404,1.0,1e-04
0.000858818821143359,1.0,1e-04
0.0008579784771427512,1.0,1e-04
0.0008571647922508419,1.0,1e-04
0.0008563146111555398,1.0,1e-04
0.0008554942323826253,1.0,1e-04
0.0008546639000996947,1.0,1e-04
0.0008538434631191194,1.0,1e-04
0.0008530297200195491,1.0,1e-04
0.0008521993877366185,1.0,1e-04
0.000851375691127032,1.0,1e-04
0.0008505420410074294,1.0,1e-04
0.000849721662234515,1.0,1e-04
0.0008488979656249285,1.0,1e-04
0.0008480742108076811,1.0,1e-04
0.0008472439367324114,1.0,1e-04
0.0008464169222861528,1.0,1e-04
0.0008455998613499105,1.0,1e-04
0.0008447794243693352,1.0,1e-04
0.0008439490338787436,1.0,1e-04
0.0008431320311501622,1.0,1e-04
0.0008422983810305595,1.0,1e-04
0.0008414713083766401,1.0,1e-04
0.0008406542474403977,1.0,1e-04
0.0008398205973207951,1.0,1e-04
0.0008389903232455254,1.0,1e-04
0.0008381764637306333,1.0,1e-04
0.000837362720631063,1.0,1e-04
0.0008365257526747882,1.0,1e-04
0.0008356887847185135,1.0,1e-04
0.0008348684059455991,1.0,1e-04
0.0008340447093360126,1.0,1e-04
0.0008332307916134596,1.0,1e-04
0.000832403777167201,1.0,1e-04
0.000831560289952904,1.0,1e-04
0.0008307431708090007,1.0,1e-04
0.0008299161563627422,1.0,1e-04
0.0008290924597531557,1.0,1e-04
0.0008282786002382636,1.0,1e-04
0.000827451643999666,1.0,1e-04
0.0008266211953014135,1.0,1e-04
0.000825794180855155,1.0,1e-04
0.0008249803795479238,1.0,1e-04
0.0008241566829383373,1.0,1e-04
0.0008233196567744017,1.0,1e-04
0.0008224926423281431,1.0,1e-04
0.0008216788992285728,1.0,1e-04
0.0008208650979213417,1.0,1e-04
0.0008199983276426792,1.0,1e-04
0.0008192076929844916,1.0,1e-04
0.0008183707250282168,1.0,1e-04
0.0008175502298399806,1.0,1e-04
0.00081671989755705,1.0,1e-04
0.0008158994023688138,1.0,1e-04
0.0008150757639668882,1.0,1e-04
0.0008142354781739414,1.0,1e-04
0.000813411723356694,1.0,1e-04
0.000812601181678474,1.0,1e-04
0.0008117675315588713,1.0,1e-04
0.000810947094578296,1.0,1e-04
0.0008101299754343927,1.0,1e-04
0.0008093095384538174,1.0,1e-04
0.0008084890432655811,1.0,1e-04
0.0008076487574726343,1.0,1e-04
0.0008068217430263758,1.0,1e-04
0.0008059947285801172,1.0,1e-04
0.0008051774930208921,1.0,1e-04
0.0008043504785746336,1.0,1e-04
0.000803523464128375,1.0,1e-04
0.0008026930736377835,1.0,1e-04
0.0008018726366572082,1.0,1e-04
0.0008010587771423161,1.0,1e-04
0.0008002152317203581,1.0,1e-04
0.0007993981125764549,1.0,1e-04
0.0007985843112692237,1.0,1e-04
0.0007977340137585998,1.0,1e-04
0.0007969334255903959,1.0,1e-04
0.0007961163646541536,1.0,1e-04
0.0007952760206535459,1.0,1e-04
0.0007944589015096426,1.0,1e-04
0.0007936484180390835,1.0,1e-04
0.0007927981205284595,1.0,1e-04
0.0007919941563159227,1.0,1e-04
0.0007911572465673089,1.0,1e-04
0.0007903400692157447,1.0,1e-04
0.0007895328453741968,1.0,1e-04
0.0007886991370469332,1.0,1e-04
0.0007878953474573791,1.0,1e-04
0.0007870615809224546,1.0,1e-04
0.0007862444617785513,1.0,1e-04
0.000785420706961304,1.0,1e-04
0.0007845968939363956,1.0,1e-04
0.0007837764569558203,1.0,1e-04
0.0007829625974409282,1.0,1e-04
0.000782145478297025,1.0,1e-04
0.0007813249831087887,1.0,1e-04
0.0007805144414305687,1.0,1e-04
0.0007796840509399772,1.0,1e-04
0.0007788636139594018,1.0,1e-04
0.0007780398591421545,1.0,1e-04
0.0007772293756715953,1.0,1e-04
0.000776402244810015,1.0,1e-04
0.0007756015984341502,1.0,1e-04
0.0007747778436169028,1.0,1e-04
0.0007739507709629834,1.0,1e-04
0.0007731502410024405,1.0,1e-04
0.0007723429007455707,1.0,1e-04
0.0007715158862993121,1.0,1e-04
0.0007707086624577641,1.0,1e-04
0.0007698881672695279,1.0,1e-04
0.0007690776255913079,1.0,1e-04
0.0007682571304030716,1.0,1e-04
0.000767463177908212,1.0,1e-04
0.0007666492601856589,1.0,1e-04
0.0007658420945517719,1.0,1e-04
0.0007650182815268636,1.0,1e-04
0.0007642143755219877,1.0,1e-04
0.0007634104695171118,1.0,1e-04
0.0007625998696312308,1.0,1e-04
0.0007617860683239996,1.0,1e-04
0.0007609722088091075,1.0,1e-04
0.0007601748802699149,1.0,1e-04
0.0007593543268740177,1.0,1e-04
0.000758556998334825,1.0,1e-04
0.0007577465730719268,1.0,1e-04
0.0007569525041617453,1.0,1e-04
0.0007561584352515638,1.0,1e-04
0.0007553313625976443,1.0,1e-04
0.0007545439875684679,1.0,1e-04
0.0007537201745435596,1.0,1e-04
0.000752929481677711,1.0,1e-04
0.0007521255174651742,1.0,1e-04
0.0007513216114602983,1.0,1e-04
0.0007505110697820783,1.0,1e-04
0.0007497004698961973,1.0,1e-04
0.0007488998817279935,1.0,1e-04
0.000748105812817812,1.0,1e-04
0.0007473018486052752,1.0,1e-04
0.0007464912487193942,1.0,1e-04
0.0007457105093635619,1.0,1e-04
0.0007448933320119977,1.0,1e-04
0.0007441125344485044,1.0,1e-04
0.0007433086284436285,1.0,1e-04
0.000742507865652442,1.0,1e-04
0.0007417337619699538,1.0,1e-04
0.0007409100071527064,1.0,1e-04
0.0007401390466839075,1.0,1e-04
0.0007393252453766763,1.0,1e-04
0.0007385279168374836,1.0,1e-04
0.0007377371657639742,1.0,1e-04
0.0007369398372247815,1.0,1e-04
0.0007361425086855888,1.0,1e-04
0.0007353517576120794,1.0,1e-04
0.0007345511112362146,1.0,1e-04
0.0007337603601627052,1.0,1e-04
0.0007329763029702008,1.0,1e-04
0.0007321888115257025,1.0,1e-04
0.0007313881651498377,1.0,1e-04
0.0007306140032596886,1.0,1e-04
0.000729819992557168,1.0,1e-04
0.0007290060166269541,1.0,1e-04
0.0007282285951077938,1.0,1e-04
0.0007274312665686011,1.0,1e-04
0.0007266470929607749,1.0,1e-04
0.0007258663536049426,1.0,1e-04
0.0007250755443237722,1.0,1e-04
0.0007242914871312678,1.0,1e-04
0.0007235205266624689,1.0,1e-04
0.0007227133610285819,1.0,1e-04
0.0007219291874207556,1.0,1e-04
0.0007211450720205903,1.0,1e-04
0.000720360956620425,1.0,1e-04
0.0007195668877102435,1.0,1e-04
0.0007187959854491055,1.0,1e-04
0.0007180019747465849,1.0,1e-04
0.0007172442856244743,1.0,1e-04
0.0007164436392486095,1.0,1e-04
0.0007156627834774554,1.0,1e-04
0.0007148853037506342,1.0,1e-04
0.000714101130142808,1.0,1e-04
0.0007133203325793147,1.0,1e-04
0.0007125527481548488,1.0,1e-04
0.0007117719505913556,1.0,1e-04
0.000710977881681174,1.0,1e-04
0.0007102235103957355,1.0,1e-04
0.0007094460306689143,1.0,1e-04
0.0007086718105711043,1.0,1e-04
0.0007078844355419278,1.0,1e-04
0.0007071134750731289,1.0,1e-04
0.0007063392549753189,1.0,1e-04
0.0007055551395751536,1.0,1e-04
0.0007047874969430268,1.0,1e-04
0.0007040100172162056,1.0,1e-04
0.0007032423745840788,1.0,1e-04
0.0007024681544862688,1.0,1e-04
0.0007016840390861034,1.0,1e-04
0.0007009164546616375,1.0,1e-04
0.0007001587655395269,1.0,1e-04
0.0006993713323026896,1.0,1e-04
0.000698616961017251,1.0,1e-04
0.0006978426827117801,1.0,1e-04
0.0006970850517973304,1.0,1e-04
0.0006963142077438533,1.0,1e-04
0.0006955366116017103,1.0,1e-04
0.0006947756628505886,1.0,1e-04
0.0006940013845451176,1.0,1e-04
0.0006932437536306679,1.0,1e-04
0.0006924893241375685,1.0,1e-04
0.0006917052087374032,1.0,1e-04
0.0006909508956596255,1.0,1e-04
0.0006901898304931819,1.0,1e-04
0.0006894454127177596,1.0,1e-04
0.0006886777700856328,1.0,1e-04
0.0006879002321511507,1.0,1e-04
0.0006871359655633569,1.0,1e-04
0.0006864014430902898,1.0,1e-04
0.0006856205873191357,1.0,1e-04
0.0006848662160336971,1.0,1e-04
0.0006841151625849307,1.0,1e-04
0.0006833540974184871,1.0,1e-04
0.0006826029857620597,1.0,1e-04
0.00068184535484761,1.0,1e-04
0.0006810843478888273,1.0,1e-04
0.0006803465075790882,1.0,1e-04
0.0006795722874812782,1.0,1e-04
0.0006788179161958396,1.0,1e-04
0.0006780734402127564,1.0,1e-04
0.0006773290224373341,1.0,1e-04
0.0006765679572708905,1.0,1e-04
0.0006758102681487799,1.0,1e-04
0.0006750756874680519,1.0,1e-04
0.0006743146805092692,1.0,1e-04
0.0006735569913871586,1.0,1e-04
0.0006728026201017201,1.0,1e-04
0.000672068097628653,1.0,1e-04
0.0006713136681355536,1.0,1e-04
0.0006705659325234592,1.0,1e-04
0.0006698115612380207,1.0,1e-04
0.0006690769223496318,1.0,1e-04
0.0006683258689008653,1.0,1e-04
0.0006675714976154268,1.0,1e-04
0.0006668336573056877,1.0,1e-04
0.0006660826038569212,1.0,1e-04
0.0006653579184785485,1.0,1e-04
0.0006646134424954653,1.0,1e-04
0.000663868966512382,1.0,1e-04
0.0006631278665736318,1.0,1e-04
0.0006623733788728714,1.0,1e-04
0.0006616488099098206,1.0,1e-04
0.0006609010160900652,1.0,1e-04
0.000660156540106982,1.0,1e-04
0.0006594153237529099,1.0,1e-04
0.000658687436953187,1.0,1e-04
0.0006579496548511088,1.0,1e-04
0.0006572117563337088,1.0,1e-04
0.0006564838113263249,1.0,1e-04
0.0006557425949722528,1.0,1e-04
0.0006550212856382132,1.0,1e-04
0.0006542800692841411,1.0,1e-04
0.0006535554421134293,1.0,1e-04
0.000652807648293674,1.0,1e-04
0.000652076443657279,1.0,1e-04
0.0006513551343232393,1.0,1e-04
0.0006506271893158555,1.0,1e-04
0.0006498959264717996,1.0,1e-04
0.0006491646636277437,1.0,1e-04
0.0006484367186203599,1.0,1e-04
0.0006476955022662878,1.0,1e-04
0.0006469741929322481,1.0,1e-04
0.000646236352622509,1.0,1e-04
0.0006455149850808084,1.0,1e-04
0.0006447903579100966,1.0,1e-04
0.0006440788856707513,1.0,1e-04
0.0006433509406633675,1.0,1e-04
0.0006426230538636446,1.0,1e-04
0.0006419050041586161,1.0,1e-04
0.0006411804351955652,1.0,1e-04
0.0006404590676538646,1.0,1e-04
0.0006397443357855082,1.0,1e-04
0.0006390230264514685,1.0,1e-04
0.0006382983992807567,1.0,1e-04
0.0006375803495757282,1.0,1e-04
0.000636875513009727,1.0,1e-04
0.0006361442501656711,1.0,1e-04
0.0006354327779263258,1.0,1e-04
0.0006347147864289582,1.0,1e-04
0.00063401332590729,1.0,1e-04
0.0006332986522465944,1.0,1e-04
0.0006325707072392106,1.0,1e-04
0.0006318559753708541,1.0,1e-04
0.000631151080597192,1.0,1e-04
0.0006304397247731686,1.0,1e-04
0.0006297184154391289,1.0,1e-04
0.0006290136370807886,1.0,1e-04
0.0006283088005147874,1.0,1e-04
0.0006276105996221304,1.0,1e-04
0.0006268826546147466,1.0,1e-04
0.0006261778180487454,1.0,1e-04
0.0006254697218537331,1.0,1e-04
0.0006247649434953928,1.0,1e-04
0.0006240502116270363,1.0,1e-04
0.0006233619060367346,1.0,1e-04
0.0006226339610293508,1.0,1e-04
0.0006219357601366937,1.0,1e-04
0.0006212375592440367,1.0,1e-04
0.0006205360987223685,1.0,1e-04
0.0006198180490173399,1.0,1e-04
0.0006191331194713712,1.0,1e-04
0.0006184349185787141,1.0,1e-04
0.0006177135510370135,1.0,1e-04
0.0006170253036543727,1.0,1e-04
0.0006163239013403654,1.0,1e-04
0.0006156190065667033,1.0,1e-04
0.0006149208056740463,1.0,1e-04
0.0006142226047813892,1.0,1e-04
0.0006135277217254043,1.0,1e-04
0.0006128328386694193,1.0,1e-04
0.0006121313199400902,1.0,1e-04
0.0006114463903941214,1.0,1e-04
0.0006107515073381364,1.0,1e-04
0.0006100500468164682,1.0,1e-04
0.0006093484116718173,1.0,1e-04
0.00060868333093822,1.0,1e-04
0.0006079785525798798,1.0,1e-04
0.0006072836695238948,1.0,1e-04
0.0006065986235626042,1.0,1e-04
0.0006059037987142801,1.0,1e-04
0.0006052287644706666,1.0,1e-04
0.0006045438349246979,1.0,1e-04
0.0006038555293343961,1.0,1e-04
0.0006031374214217067,1.0,1e-04
0.0006024789763614535,1.0,1e-04
0.0006017940468154848,1.0,1e-04
0.0006011223304085433,1.0,1e-04
0.0006004207534715533,1.0,1e-04
0.0005997589323669672,1.0,1e-04
0.0005990739446133375,1.0,1e-04
0.0005983856972306967,1.0,1e-04
0.0005977040273137391,1.0,1e-04
0.0005970289930701256,1.0,1e-04
0.000596354017034173,1.0,1e-04
0.0005956722889095545,1.0,1e-04
0.0005949971964582801,1.0,1e-04
0.0005943122087046504,1.0,1e-04
0.0005936371744610369,1.0,1e-04
0.0005929820472374558,1.0,1e-04
0.000592287047766149,1.0,1e-04
0.0005916318623349071,1.0,1e-04
0.0005909635219722986,1.0,1e-04
0.0005902817938476801,1.0,1e-04
0.0005896067013964057,1.0,1e-04
0.0005889349849894643,1.0,1e-04
0.0005882599507458508,1.0,1e-04
0.0005876080831512809,1.0,1e-04
0.0005869363085366786,1.0,1e-04
0.0005862711695954204,1.0,1e-04
0.0005856225616298616,1.0,1e-04
0.000584947585593909,1.0,1e-04
0.0005842858226969838,1.0,1e-04
0.0005836206255480647,1.0,1e-04
0.0005829620640724897,1.0,1e-04
0.0005822969833388925,1.0,1e-04
0.0005816252087242901,1.0,1e-04
0.0005809766007587314,1.0,1e-04
0.0005803115200251341,1.0,1e-04
0.0005796595942229033,1.0,1e-04
0.0005790077266283333,1.0,1e-04
0.0005783425876870751,1.0,1e-04
0.0005776741891168058,1.0,1e-04
0.0005770387942902744,1.0,1e-04
0.0005763670196756721,1.0,1e-04
0.0005757217295467854,1.0,1e-04
0.0005750532727688551,1.0,1e-04
0.0005743915098719299,1.0,1e-04
0.0005737494211643934,1.0,1e-04
0.0005730909761041403,1.0,1e-04
0.0005724456859752536,1.0,1e-04
0.0005717838648706675,1.0,1e-04
0.000571145152207464,1.0,1e-04
0.0005705032963305712,1.0,1e-04
0.0005698546301573515,1.0,1e-04
0.0005691895494237542,1.0,1e-04
0.0005685541545972228,1.0,1e-04
0.000567905546631664,1.0,1e-04
0.0005672536790370941,1.0,1e-04
0.0005666182842105627,1.0,1e-04
0.0005659565213136375,1.0,1e-04
0.000565314490813762,1.0,1e-04
0.0005646890494972467,1.0,1e-04
0.00056404375936836,1.0,1e-04
0.0005633918335661292,1.0,1e-04
0.0005627564387395978,1.0,1e-04
0.000562104512937367,1.0,1e-04
0.0005614691763184965,1.0,1e-04
0.0005608437932096422,1.0,1e-04
0.0005601918091997504,1.0,1e-04
0.0005595631082542241,1.0,1e-04
0.0005589177599176764,1.0,1e-04
0.0005582824815064669,1.0,1e-04
0.0005576602998189628,1.0,1e-04
0.0005570150096900761,1.0,1e-04
0.0005563796730712056,1.0,1e-04
0.0005557608674280345,1.0,1e-04
0.0005551155772991478,1.0,1e-04
0.0005544868181459606,1.0,1e-04
0.0005538480472750962,1.0,1e-04
0.0005532193463295698,1.0,1e-04
0.0005525806918740273,1.0,1e-04
0.0005519518745131791,1.0,1e-04
0.0005513298092409968,1.0,1e-04
0.0005507010500878096,1.0,1e-04
0.0005500723491422832,1.0,1e-04
0.0005494435899890959,1.0,1e-04
0.0005488180904649198,1.0,1e-04
0.0005481892731040716,1.0,1e-04
0.0005475771613419056,1.0,1e-04
0.0005469483439810574,1.0,1e-04
0.0005463295383378863,1.0,1e-04
0.0005457139923237264,1.0,1e-04
0.0005450884927995503,1.0,1e-04
0.0005444597918540239,1.0,1e-04
0.0005438343505375087,1.0,1e-04
0.0005432486650533974,1.0,1e-04
0.0005426099523901939,1.0,1e-04
0.0005420010420493782,1.0,1e-04
0.0005413822364062071,1.0,1e-04
0.0005407832795754075,1.0,1e-04
0.0005401445087045431,1.0,1e-04
0.000539529079105705,1.0,1e-04
0.0005389201687648892,1.0,1e-04
0.0005383178358897567,1.0,1e-04
0.0005376989720389247,1.0,1e-04
0.0005370868020690978,1.0,1e-04
0.000536481209564954,1.0,1e-04
0.0005358656053431332,1.0,1e-04
0.0005352667067199945,1.0,1e-04
0.0005346511607058346,1.0,1e-04
0.0005340356146916747,1.0,1e-04
0.0005334399756975472,1.0,1e-04
0.0005328410188667476,1.0,1e-04
0.0005322155193425715,1.0,1e-04
0.0005316098686307669,1.0,1e-04
0.0005310208071023226,1.0,1e-04
0.000530425226315856,1.0,1e-04
0.0005298195756040514,1.0,1e-04
0.0005292173009365797,1.0,1e-04
0.000528615084476769,1.0,1e-04
0.0005280126933939755,1.0,1e-04
0.000527413678355515,1.0,1e-04
0.0005268180393613875,1.0,1e-04
0.000526219024322927,1.0,1e-04
0.0005256233271211386,1.0,1e-04
0.0005250144749879837,1.0,1e-04
0.0005244286730885506,1.0,1e-04
0.0005238429293967783,1.0,1e-04
0.0005232340190559626,1.0,1e-04
0.0005226549110375345,1.0,1e-04
0.0005220657913014293,1.0,1e-04
0.0005214635166339576,1.0,1e-04
0.0005208711372688413,1.0,1e-04
0.0005202919710427523,1.0,1e-04
0.0005196929560042918,1.0,1e-04
0.0005191005766391754,1.0,1e-04
0.00051850825548172,1.0,1e-04
0.000517929089255631,1.0,1e-04
0.0005173300160095096,1.0,1e-04
0.0005167608615010977,1.0,1e-04
0.0005161685403436422,1.0,1e-04
0.0005155794788151979,1.0,1e-04
0.000514996936544776,1.0,1e-04
0.0005144277238287032,1.0,1e-04
0.0005138519336469471,1.0,1e-04
0.0005132430233061314,1.0,1e-04
0.0005126704927533865,1.0,1e-04
0.0005120847490616143,1.0,1e-04
0.0005115022067911923,1.0,1e-04
0.0005109098274260759,1.0,1e-04
0.0005103505682200193,1.0,1e-04
0.000509761506691575,1.0,1e-04
0.0005091890343464911,1.0,1e-04
0.0005086164455860853,1.0,1e-04
0.000508027384057641,1.0,1e-04
0.0005074582295492291,1.0,1e-04
0.0005068823229521513,1.0,1e-04
0.0005063164862804115,1.0,1e-04
0.0005057307425886393,1.0,1e-04
0.0005051681073382497,1.0,1e-04
0.0005045856232754886,1.0,1e-04
0.0005040063988417387,1.0,1e-04
0.0005034670466557145,1.0,1e-04
0.0005028679734095931,1.0,1e-04
0.0005022955592721701,1.0,1e-04
0.0005017428193241358,1.0,1e-04
0.0005011603352613747,1.0,1e-04
0.0005005944985896349,1.0,1e-04
0.0005000318633392453,1.0,1e-04
0.0004994626506231725,1.0,1e-04
0.0004988934379070997,1.0,1e-04
0.0004983308608643711,1.0,1e-04
0.0004977549542672932,1.0,1e-04
0.0004972055903635919,1.0,1e-04
0.0004966396954841912,1.0,1e-04
0.0004960836959071457,1.0,1e-04
0.0004955078475177288,1.0,1e-04
0.0004949452122673392,1.0,1e-04
0.0004943959065712988,1.0,1e-04
0.0004938265774399042,1.0,1e-04
0.0004932706360705197,1.0,1e-04
0.0004927014233544469,1.0,1e-04
0.0004921322106383741,1.0,1e-04
0.0004915728932246566,1.0,1e-04
0.0004910268471576273,1.0,1e-04
0.0004904808010905981,1.0,1e-04
0.000489898317027837,1.0,1e-04
0.0004893357399851084,1.0,1e-04
0.0004888062248937786,1.0,1e-04
0.0004882336361333728,1.0,1e-04
0.00048768759006634355,1.0,1e-04
0.0004871381970588118,1.0,1e-04
0.0004865722730755806,1.0,1e-04
0.00048601627349853516,1.0,1e-04
0.0004854536964558065,1.0,1e-04
0.00048491425695829093,1.0,1e-04
0.00048436489305458963,1.0,1e-04
0.0004838121822103858,1.0,1e-04
0.0004832628183066845,1.0,1e-04
0.000482726696645841,1.0,1e-04
0.0004821640613954514,1.0,1e-04
0.0004816179571207613,1.0,1e-04
0.0004810718819499016,1.0,1e-04
0.00048052254715003073,1.0,1e-04
0.0004800029273610562,1.0,1e-04
0.0004794436099473387,1.0,1e-04
0.00047889756388030946,1.0,1e-04
0.00047835148870944977,1.0,1e-04
0.00047782197361811996,1.0,1e-04
0.0004772825341206044,1.0,1e-04
0.0004767364589497447,1.0,1e-04
0.00047619041288271546,1.0,1e-04
0.00047564765554852784,1.0,1e-04
0.0004751280357595533,1.0,1e-04
0.00047457864275202155,1.0,1e-04
0.0004740524454973638,1.0,1e-04
0.00047352956607937813,1.0,1e-04
0.00047296358388848603,1.0,1e-04
0.00047242746222764254,1.0,1e-04
0.0004718979471363127,1.0,1e-04
0.00047136505600064993,1.0,1e-04
0.00047084217658266425,1.0,1e-04
0.000470296130515635,1.0,1e-04
0.00046976987505331635,1.0,1e-04
0.00046924035996198654,1.0,1e-04
0.00046870086225681007,1.0,1e-04
0.00046817134716548026,1.0,1e-04
0.00046765178558416665,1.0,1e-04
0.000467125530121848,1.0,1e-04
0.00046658609062433243,1.0,1e-04
0.0004660797130782157,1.0,1e-04
0.0004655435914173722,1.0,1e-04
0.00046503389603458345,1.0,1e-04
0.0004644944565370679,1.0,1e-04
0.00046396488323807716,1.0,1e-04
0.000463461852632463,1.0,1e-04
0.0004629256727639586,1.0,1e-04
0.00046239286893978715,1.0,1e-04
0.00046187653788365424,1.0,1e-04
0.0004613569180946797,1.0,1e-04
0.0004608406452462077,1.0,1e-04
0.0004603144188877195,1.0,1e-04
0.0004597915103659034,1.0,1e-04
0.00045928184408694506,1.0,1e-04
0.000458762253401801,1.0,1e-04
0.00045824924018234015,1.0,1e-04
0.00045772630255669355,1.0,1e-04
0.00045721663627773523,1.0,1e-04
0.0004567036812659353,1.0,1e-04
0.00045620722812600434,1.0,1e-04
0.0004556810308713466,1.0,1e-04
0.00045516795944422483,1.0,1e-04
0.00045464508002623916,1.0,1e-04
0.00045413870248012245,1.0,1e-04
0.00045363232493400574,1.0,1e-04
0.00045311276335269213,1.0,1e-04
0.00045260635670274496,1.0,1e-04
0.00045212649274617434,1.0,1e-04
0.0004515969194471836,1.0,1e-04
0.0004510772996582091,1.0,1e-04
0.00045058090472593904,1.0,1e-04
0.0004500744689721614,1.0,1e-04
0.00044955487828701735,1.0,1e-04
0.00044904189417138696,1.0,1e-04
0.0004485421231947839,1.0,1e-04
0.00044804898789152503,1.0,1e-04
0.0004475459281820804,1.0,1e-04
0.00044704621541313827,1.0,1e-04
0.0004465298552531749,1.0,1e-04
0.0004460367781575769,1.0,1e-04
0.00044553366024047136,1.0,1e-04
0.0004450273117981851,1.0,1e-04
0.0004445374943315983,1.0,1e-04
0.00044403111678548157,1.0,1e-04
0.00044354129931889474,1.0,1e-04
0.00044303821050561965,1.0,1e-04
0.0004425350925885141,1.0,1e-04
0.000442055199528113,1.0,1e-04
0.00044154550414532423,1.0,1e-04
0.00044105900451540947,1.0,1e-04
0.0004405625513754785,1.0,1e-04
0.0004400694160722196,1.0,1e-04
0.00043956967419944704,1.0,1e-04
0.00043908978113904595,1.0,1e-04
0.00043858669232577085,1.0,1e-04
0.00043810351053252816,1.0,1e-04
0.0004376169526949525,1.0,1e-04
0.00043713042396120727,1.0,1e-04
0.00043662736425176263,1.0,1e-04
0.0004361507308203727,1.0,1e-04
0.0004356642602942884,1.0,1e-04
0.00043516780715435743,1.0,1e-04
0.000434671324910596,1.0,1e-04
0.0004342013562563807,1.0,1e-04
0.00043371814535930753,1.0,1e-04
0.0004332349344622344,1.0,1e-04
0.00043274840572848916,1.0,1e-04
0.0004322784370742738,1.0,1e-04
0.0004317819548305124,1.0,1e-04
0.0004312921082600951,1.0,1e-04
0.0004308287752792239,1.0,1e-04
0.0004303489113226533,1.0,1e-04
0.0004298557178117335,1.0,1e-04
0.0004293923848308623,1.0,1e-04
0.00042889590258710086,1.0,1e-04
0.0004284160095266998,1.0,1e-04
0.00042795261833816767,1.0,1e-04
0.0004274661187082529,1.0,1e-04
0.0004269994096830487,1.0,1e-04
0.0004265095922164619,1.0,1e-04
0.00042603627662174404,1.0,1e-04
0.000425559701398015,1.0,1e-04
0.00042509633931331336,1.0,1e-04
0.00042461976408958435,1.0,1e-04
0.0004241464484948665,1.0,1e-04
0.0004236764507368207,1.0,1e-04
0.0004232131177559495,1.0,1e-04
0.00042274643783457577,1.0,1e-04
0.0004222665447741747,1.0,1e-04
0.00042178662260994315,1.0,1e-04
0.0004213265492580831,1.0,1e-04
0.0004208566097076982,1.0,1e-04
0.0004203733114991337,1.0,1e-04
0.0004199132963549346,1.0,1e-04
0.00041944661643356085,1.0,1e-04
0.00041896008769981563,1.0,1e-04
0.0004185232101008296,1.0,1e-04
0.00041804989450611174,1.0,1e-04
0.0004175865324214101,1.0,1e-04
0.0004171231703367084,1.0,1e-04
0.00041666312608867884,1.0,1e-04
0.0004161964461673051,1.0,1e-04
0.000415736431023106,1.0,1e-04
0.0004152763285674155,1.0,1e-04
0.00041480304207652807,1.0,1e-04
0.0004143628175370395,1.0,1e-04
0.0004138762888032943,1.0,1e-04
0.0004134393821004778,1.0,1e-04
0.0004129826556891203,1.0,1e-04
0.0004125192645005882,1.0,1e-04
0.00041206914465874434,1.0,1e-04
0.000411599176004529,1.0,1e-04
0.0004111622693017125,1.0,1e-04
0.0004107054846826941,1.0,1e-04
0.0004102421225979924,1.0,1e-04
0.0004097787896171212,1.0,1e-04
0.000409331958508119,1.0,1e-04
0.0004088719142600894,1.0,1e-04
0.00040842508315108716,1.0,1e-04
0.00040797493420541286,1.0,1e-04
0.0004075280739925802,1.0,1e-04
0.00040706805884838104,1.0,1e-04
0.0004066245455760509,1.0,1e-04
0.0004061645013280213,1.0,1e-04
0.000405714352382347,1.0,1e-04
0.0004052741569466889,1.0,1e-04
0.0004048240080010146,1.0,1e-04
0.0004043672524858266,1.0,1e-04
0.0004039336636196822,1.0,1e-04
0.00040349012124352157,1.0,1e-04
0.0004030433192383498,1.0,1e-04
0.0004025865637231618,1.0,1e-04
0.0004021563217975199,1.0,1e-04
0.0004017094324808568,1.0,1e-04
0.00040126926614902914,1.0,1e-04
0.0004008290125057101,1.0,1e-04
0.00040037563303485513,1.0,1e-04
0.00039993206155486405,1.0,1e-04
0.0003994753351435065,1.0,1e-04
0.00039905827725306153,1.0,1e-04
0.0003986213996540755,1.0,1e-04
0.0003981745394412428,1.0,1e-04
0.0003977376618422568,1.0,1e-04
0.00039730407297611237,1.0,1e-04
0.0003968671662732959,1.0,1e-04
0.0003964336065109819,1.0,1e-04
0.000395996670704335,1.0,1e-04
0.00039555979310534894,1.0,1e-04
0.0003951328108087182,1.0,1e-04
0.0003946959332097322,1.0,1e-04
0.0003942391776945442,1.0,1e-04
0.00039381548413075507,1.0,1e-04
0.0003933752595912665,1.0,1e-04
0.00039294830639846623,1.0,1e-04
0.0003925213823094964,1.0,1e-04
0.0003920910821761936,1.0,1e-04
0.00039166081114672124,1.0,1e-04
0.00039123051101341844,1.0,1e-04
0.0003907869686372578,1.0,1e-04
0.00039037654642015696,1.0,1e-04
0.0003899462753906846,1.0,1e-04
0.00038952261093072593,1.0,1e-04
0.0003890857333317399,1.0,1e-04
0.000388652115361765,1.0,1e-04
0.00038823173963464797,1.0,1e-04
0.00038778825546614826,1.0,1e-04
0.0003873744863085449,1.0,1e-04
0.00038693431997671723,1.0,1e-04
0.0003865238686557859,1.0,1e-04
0.0003860968863591552,1.0,1e-04
0.00038567319279536605,1.0,1e-04
0.00038524955743923783,1.0,1e-04
0.0003848457708954811,1.0,1e-04
0.0003844088641926646,1.0,1e-04
0.00038398519973270595,1.0,1e-04
0.00038356814184226096,1.0,1e-04
0.0003831577196251601,1.0,1e-04
0.00038272744859568775,1.0,1e-04
0.0003823137085419148,1.0,1e-04
0.0003818933619186282,1.0,1e-04
0.00038147298619151115,1.0,1e-04
0.00038105263956822455,1.0,1e-04
0.0003806422173511237,1.0,1e-04
0.0003802119172178209,1.0,1e-04
0.00037978164618834853,1.0,1e-04
0.0003793711948674172,1.0,1e-04
0.0003789674083236605,1.0,1e-04
0.0003785669105127454,1.0,1e-04
0.0003781465638894588,1.0,1e-04
0.00037773611256852746,1.0,1e-04
0.0003773091593757272,1.0,1e-04
0.00037689541932195425,1.0,1e-04
0.0003764949506148696,1.0,1e-04
0.00037606462137773633,1.0,1e-04
0.0003756574878934771,1.0,1e-04
0.00037525370134972036,1.0,1e-04
0.0003748333256226033,1.0,1e-04
0.0003744361165445298,1.0,1e-04
0.0003740422544069588,1.0,1e-04
0.0003736251965165138,1.0,1e-04
0.00037320482078939676,1.0,1e-04
0.00037280103424564004,1.0,1e-04
0.0003723939007613808,1.0,1e-04
0.00037199011421762407,1.0,1e-04
0.0003715862985700369,1.0,1e-04
0.00037119240732863545,1.0,1e-04
0.0003707720316015184,1.0,1e-04
0.0003703814873006195,1.0,1e-04
0.0003699809603858739,1.0,1e-04
0.0003695737977977842,1.0,1e-04
0.0003691700112540275,1.0,1e-04
0.0003687661956064403,1.0,1e-04
0.0003683623799588531,1.0,1e-04
0.000367961882147938,1.0,1e-04
0.0003675514308270067,1.0,1e-04
0.00036716414615511894,1.0,1e-04
0.00036676033050753176,1.0,1e-04
0.00036635654396377504,1.0,1e-04
0.0003659659414552152,1.0,1e-04
0.00036556876148097217,1.0,1e-04
0.00036515831016004086,1.0,1e-04
0.0003647644480224699,1.0,1e-04
0.00036438379902392626,1.0,1e-04
0.0003639799833763391,1.0,1e-04
0.00036357948556542397,1.0,1e-04
0.00036319217178970575,1.0,1e-04
0.00036279167397879064,1.0,1e-04
0.00036238785833120346,1.0,1e-04
0.0003620204806793481,1.0,1e-04
0.00036160671152174473,1.0,1e-04
0.0003612095024436712,1.0,1e-04
0.00036083220038563013,1.0,1e-04
0.00036043499130755663,1.0,1e-04
0.0003600344934966415,1.0,1e-04
0.0003596703754737973,1.0,1e-04
0.0003592798311728984,1.0,1e-04
0.0003588892286643386,1.0,1e-04
0.00035850194399245083,1.0,1e-04
0.00035810808185487986,1.0,1e-04
0.0003577207971829921,1.0,1e-04
0.0003573235881049186,1.0,1e-04
0.0003569396212697029,1.0,1e-04
0.00035654904786497355,1.0,1e-04
0.00035617168759927154,1.0,1e-04
0.0003557877498678863,1.0,1e-04
0.00035539717646315694,1.0,1e-04
0.000355023134034127,1.0,1e-04
0.0003546358784660697,1.0,1e-04
0.0003542585182003677,1.0,1e-04
0.00035387786920182407,1.0,1e-04
0.0003534939023666084,1.0,1e-04
0.00035311985993757844,1.0,1e-04
0.0003527392400428653,1.0,1e-04
0.00035236187977716327,1.0,1e-04
0.0003519779129419476,1.0,1e-04
0.0003516104770824313,1.0,1e-04
0.00035121661494486034,1.0,1e-04
0.0003508491790853441,1.0,1e-04
0.0003504519700072706,1.0,1e-04
0.00035009451676160097,1.0,1e-04
0.0003497237921692431,1.0,1e-04
0.0003493398253340274,1.0,1e-04
0.00034896249417215586,1.0,1e-04
0.000348588393535465,1.0,1e-04
0.000348214409314096,1.0,1e-04
0.0003478469734545797,1.0,1e-04
0.0003474729601293802,1.0,1e-04
0.0003470955998636782,1.0,1e-04
0.0003467149508651346,1.0,1e-04
0.0003463442262727767,1.0,1e-04
0.00034597350168041885,1.0,1e-04
0.000345602777088061,1.0,1e-04
0.0003452320524957031,1.0,1e-04
0.0003448679344728589,1.0,1e-04
0.0003444839676376432,1.0,1e-04
0.0003441331209614873,1.0,1e-04
0.00034377232077531517,1.0,1e-04
0.0003433717938605696,1.0,1e-04
0.0003430209180805832,1.0,1e-04
0.00034265685826539993,1.0,1e-04
0.00034229602897539735,1.0,1e-04
0.00034192201565019786,1.0,1e-04
0.0003415446262806654,1.0,1e-04
0.00034119380870833993,1.0,1e-04
0.0003408098127692938,1.0,1e-04
0.00034046225482597947,1.0,1e-04
0.0003400915302336216,1.0,1e-04
0.0003397208056412637,1.0,1e-04
0.00033936992986127734,1.0,1e-04
0.00033900252310559154,1.0,1e-04
0.00033863179851323366,1.0,1e-04
0.000338267651386559,1.0,1e-04
0.0003379168047104031,1.0,1e-04
0.0003375427913852036,1.0,1e-04
0.00033720184001140296,1.0,1e-04
0.00033683108631521463,1.0,1e-04
0.0003364736039657146,1.0,1e-04
0.00033611280377954245,1.0,1e-04
0.0003357520326972008,1.0,1e-04
0.0003354110522195697,1.0,1e-04
0.0003350370388943702,1.0,1e-04
0.00033467623870819807,1.0,1e-04
0.0003343220741953701,1.0,1e-04
0.00033398112282156944,1.0,1e-04
0.0003336070803925395,1.0,1e-04
0.00033326944685541093,1.0,1e-04
0.000332895404426381,1.0,1e-04
0.00033255445305258036,1.0,1e-04
0.00033219365286640823,1.0,1e-04
0.00033185273059643805,1.0,1e-04
0.0003314919304102659,1.0,1e-04
0.0003311542677693069,1.0,1e-04
0.00033079346758313477,1.0,1e-04
0.0003304393030703068,1.0,1e-04
0.0003300884272903204,1.0,1e-04
0.00032973423367366195,1.0,1e-04
0.00032939002267085016,1.0,1e-04
0.0003290424356237054,1.0,1e-04
0.0003286981664132327,1.0,1e-04
0.0003283472906332463,1.0,1e-04
0.000327999732689932,1.0,1e-04
0.00032764888601377606,1.0,1e-04
0.0003273112524766475,1.0,1e-04
0.00032694381661713123,1.0,1e-04
0.0003266128187533468,1.0,1e-04
0.0003262718382757157,1.0,1e-04
0.0003259110380895436,1.0,1e-04
0.0003255701158195734,1.0,1e-04
0.0003252291353419423,1.0,1e-04
0.0003248882421758026,1.0,1e-04
0.00032455389737151563,1.0,1e-04
0.00032419973285868764,1.0,1e-04
0.000323858781484887,1.0,1e-04
0.00032351783011108637,1.0,1e-04
0.00032318022567778826,1.0,1e-04
0.00032283260952681303,1.0,1e-04
0.00032250824733637273,1.0,1e-04
0.0003221540537197143,1.0,1e-04
0.00032181310234591365,1.0,1e-04
0.0003214655152987689,1.0,1e-04
0.0003211477887816727,1.0,1e-04
0.00032079691300168633,1.0,1e-04
0.0003204625681973994,1.0,1e-04
0.0003201315412297845,1.0,1e-04
0.0003197773767169565,1.0,1e-04
0.0003194496675860137,1.0,1e-04
0.0003191153518855572,1.0,1e-04
0.00031877108267508447,1.0,1e-04
0.0003184400557074696,1.0,1e-04
0.0003180991334374994,1.0,1e-04
0.0003177714243065566,1.0,1e-04
0.00031743047293275595,1.0,1e-04
0.000317096128128469,1.0,1e-04
0.00031675517675466835,1.0,1e-04
0.00031645395210944116,1.0,1e-04
0.00031610310543328524,1.0,1e-04
0.0003157820028718561,1.0,1e-04
0.0003154377336613834,1.0,1e-04
0.00031511002453044057,1.0,1e-04
0.00031479226890951395,1.0,1e-04
0.0003144546062685549,1.0,1e-04
0.00031412686803378165,1.0,1e-04
0.00031377931009046733,1.0,1e-04
0.00031348143238574266,1.0,1e-04
0.00031314045190811157,1.0,1e-04
0.0003128094831481576,1.0,1e-04
0.00031247842707671225,1.0,1e-04
0.00031215735361911356,1.0,1e-04
0.0003118329623248428,1.0,1e-04
0.00031151517760008574,1.0,1e-04
0.0003111775731667876,1.0,1e-04
0.00031086636590771377,1.0,1e-04
0.00031054526334628463,1.0,1e-04
0.0003102142654825002,1.0,1e-04
0.0003098799497820437,1.0,1e-04
0.0003095687716268003,1.0,1e-04
0.00030924766906537116,1.0,1e-04
0.0003089332312811166,1.0,1e-04
0.00030861212871968746,1.0,1e-04
0.00030828770832158625,1.0,1e-04
0.00030797324143350124,1.0,1e-04
0.0003076455323025584,1.0,1e-04
0.0003073343832511455,1.0,1e-04
0.00030700996285304427,1.0,1e-04
0.00030669220723211765,1.0,1e-04
0.00030636449810117483,1.0,1e-04
0.00030606656218878925,1.0,1e-04
0.00030574880656786263,1.0,1e-04
0.00030543102184310555,1.0,1e-04
0.0003051231615245342,1.0,1e-04
0.000304798741126433,1.0,1e-04
0.00030448430334217846,1.0,1e-04
0.00030416654772125185,1.0,1e-04
0.0003038652939721942,1.0,1e-04
0.00030356075149029493,1.0,1e-04
0.0003032396489288658,1.0,1e-04
0.0003029185754712671,1.0,1e-04
0.0003026173508260399,1.0,1e-04
0.00030230620177462697,1.0,1e-04
0.0003019884170498699,1.0,1e-04
0.00030168716330081224,1.0,1e-04
0.00030136608984321356,1.0,1e-04
0.0003010548825841397,1.0,1e-04
0.00030076695838943124,1.0,1e-04
0.0003004491445608437,1.0,1e-04
0.0003001379664056003,1.0,1e-04
0.00029981357511132956,1.0,1e-04
0.0002995057438965887,1.0,1e-04
0.0002992243389599025,1.0,1e-04
0.000298909901175648,1.0,1e-04
0.0002985986939165741,1.0,1e-04
0.0002982974983751774,1.0,1e-04
0.000297986320219934,1.0,1e-04
0.00029768841341137886,1.0,1e-04
0.00029739050660282373,1.0,1e-04
0.0002970726927742362,1.0,1e-04
0.0002967747859656811,1.0,1e-04
0.0002964735613204539,1.0,1e-04
0.0002961590653285384,1.0,1e-04
0.00029587108292616904,1.0,1e-04
0.0002955731761176139,1.0,1e-04
0.0002952719514723867,1.0,1e-04
0.0002949508489109576,1.0,1e-04
0.0002946628665085882,1.0,1e-04
0.0002943649305962026,1.0,1e-04
0.00029406367684714496,1.0,1e-04
0.000293752527795732,1.0,1e-04
0.0002934678632300347,1.0,1e-04
0.0002931599738076329,1.0,1e-04
0.00029285543132573366,1.0,1e-04
0.00029256081325002015,1.0,1e-04
0.00029226954211480916,1.0,1e-04
0.0002919815306086093,1.0,1e-04
0.00029168359469622374,1.0,1e-04
0.00029137576348148286,1.0,1e-04
0.00029108114540576935,1.0,1e-04
0.0002907864982262254,1.0,1e-04
0.000290498515823856,1.0,1e-04
0.0002902039559558034,1.0,1e-04
0.0002899026731029153,1.0,1e-04
0.00028962461510673165,1.0,1e-04
0.0002893300261348486,1.0,1e-04
0.0002890287432819605,1.0,1e-04
0.00028874078998342156,1.0,1e-04
0.00028843956533819437,1.0,1e-04
0.00028814494726248085,1.0,1e-04
0.0002878536470234394,1.0,1e-04
0.0002875722711905837,1.0,1e-04
0.0002872709883376956,1.0,1e-04
0.0002870028547476977,1.0,1e-04
0.00028670826577581465,1.0,1e-04
0.0002863904810510576,1.0,1e-04
0.00028611571178771555,1.0,1e-04
0.0002858277002815157,1.0,1e-04
0.0002855430357158184,1.0,1e-04
0.0002852451289072633,1.0,1e-04
0.00028496707091107965,1.0,1e-04
0.0002846691058948636,1.0,1e-04
0.0002843877300620079,1.0,1e-04
0.00028409648803062737,1.0,1e-04
0.00028379852301441133,1.0,1e-04
0.00028353038942441344,1.0,1e-04
0.00028323245351202786,1.0,1e-04
0.00028296103118918836,1.0,1e-04
0.0002826796262525022,1.0,1e-04
0.00028239493258297443,1.0,1e-04
0.00028210366144776344,1.0,1e-04
0.0002818156499415636,1.0,1e-04
0.0002815210318658501,1.0,1e-04
0.00028124297386966646,1.0,1e-04
0.00028096488676965237,1.0,1e-04
0.00028067693347111344,1.0,1e-04
0.00028040213510394096,1.0,1e-04
0.0002801108348648995,1.0,1e-04
0.0002798327477648854,1.0,1e-04
0.00027955471887253225,1.0,1e-04
0.0002792865561787039,1.0,1e-04
0.0002789886493701488,1.0,1e-04
0.0002787205157801509,1.0,1e-04
0.00027843579300679266,1.0,1e-04
0.0002781478106044233,1.0,1e-04
0.00027787635917775333,1.0,1e-04
0.0002775950124487281,1.0,1e-04
0.0002773136366158724,1.0,1e-04
0.0002770355495158583,1.0,1e-04
0.00027676409808918834,1.0,1e-04
0.0002764893288258463,1.0,1e-04
0.00027620798209682107,1.0,1e-04
0.0002759431372396648,1.0,1e-04
0.0002756584726739675,1.0,1e-04
0.0002753638254944235,1.0,1e-04
0.00027510232757776976,1.0,1e-04
0.00027482095174491405,1.0,1e-04
0.0002745561068877578,1.0,1e-04
0.00027427141321823,1.0,1e-04
0.0002739967021625489,1.0,1e-04
0.00027373514603823423,1.0,1e-04
0.000273453799309209,1.0,1e-04
0.00027317903004586697,1.0,1e-04
0.0002729042898863554,1.0,1e-04
0.00027264608070254326,1.0,1e-04
0.000272381235845387,1.0,1e-04
0.0002720998600125313,1.0,1e-04
0.00027182509074918926,1.0,1e-04
0.00027156356372870505,1.0,1e-04
0.0002712822169996798,1.0,1e-04
0.00027101734303869307,1.0,1e-04
0.00027074592071585357,1.0,1e-04
0.000270471180556342,1.0,1e-04
0.0002702030469663441,1.0,1e-04
0.000269944837782532,1.0,1e-04
0.0002696601441130042,1.0,1e-04
0.0002694052236620337,1.0,1e-04
0.00026914369664154947,1.0,1e-04
0.0002688689564820379,1.0,1e-04
0.00026860745856538415,1.0,1e-04
0.00026832937146537006,1.0,1e-04
0.00026807113317772746,1.0,1e-04
0.00026780960615724325,1.0,1e-04
0.0002675348659977317,1.0,1e-04
0.0002672700793482363,1.0,1e-04
0.000267001916654408,1.0,1e-04
0.00026674370747059584,1.0,1e-04
0.00026647886261343956,1.0,1e-04
0.0002662140177562833,1.0,1e-04
0.0002659591264091432,1.0,1e-04
0.0002657009463291615,1.0,1e-04
0.00026542285922914743,1.0,1e-04
0.0002651613613124937,1.0,1e-04
0.00026490644086152315,1.0,1e-04
0.00026464162510819733,1.0,1e-04
0.00026439002249389887,1.0,1e-04
0.00026412520674057305,1.0,1e-04
0.0002638736041262746,1.0,1e-04
0.00026359554613009095,1.0,1e-04
0.0002633406547829509,1.0,1e-04
0.00026308573433198035,1.0,1e-04
0.0002628275251481682,1.0,1e-04
0.00026257598074153066,1.0,1e-04
0.0002623078180477023,1.0,1e-04
0.00026204960886389017,1.0,1e-04
0.0002618013240862638,1.0,1e-04
0.0002615497214719653,1.0,1e-04
0.00026129151228815317,1.0,1e-04
0.00026103330310434103,1.0,1e-04
0.0002607718051876873,1.0,1e-04
0.00026050364249385893,1.0,1e-04
0.0002602586755529046,1.0,1e-04
0.00026001041987910867,1.0,1e-04
0.00025975218159146607,1.0,1e-04
0.000259497290244326,1.0,1e-04
0.00025924568763002753,1.0,1e-04
0.00025898744934238493,1.0,1e-04
0.0002587292401585728,1.0,1e-04
0.00025848098448477685,1.0,1e-04
0.0002582293818704784,1.0,1e-04
0.0002579778083600104,1.0,1e-04
0.0002577229170128703,1.0,1e-04
0.00025747131439857185,1.0,1e-04
0.00025722302962094545,1.0,1e-04
0.0002569615317042917,1.0,1e-04
0.00025671321782283485,1.0,1e-04
0.0002564583264756948,1.0,1e-04
0.0002562232839409262,1.0,1e-04
0.00025597831699997187,1.0,1e-04
0.0002557201078161597,1.0,1e-04
0.0002554685343056917,1.0,1e-04
0.00025523349177092314,1.0,1e-04
0.0002549785713199526,1.0,1e-04
0.00025473031564615667,1.0,1e-04
0.0002544853196013719,1.0,1e-04
0.0002542337169870734,1.0,1e-04
0.0002539821434766054,1.0,1e-04
0.0002537438122089952,1.0,1e-04
0.00025349549832753837,1.0,1e-04
0.0002532505604904145,1.0,1e-04
0.00025301220011897385,1.0,1e-04
0.0002527605975046754,1.0,1e-04
0.00025252558407373726,1.0,1e-04
0.00025226734578609467,1.0,1e-04
0.0002520157431717962,1.0,1e-04
0.00025177080533467233,1.0,1e-04
0.0002515555825084448,1.0,1e-04
0.00025128747802227736,1.0,1e-04
0.00025103919324465096,1.0,1e-04
0.0002508008328732103,1.0,1e-04
0.00025056247250176966,1.0,1e-04
0.00025032745907083154,1.0,1e-04
0.00025006590294651687,1.0,1e-04
0.000249844160862267,1.0,1e-04
0.0002495859225746244,1.0,1e-04
0.00024935416877269745,1.0,1e-04
0.0002491092309355736,1.0,1e-04
0.00024886420578695834,1.0,1e-04
0.0002486225566826761,1.0,1e-04
0.00024839414982125163,1.0,1e-04
0.00024815910728648305,1.0,1e-04
0.0002479108516126871,1.0,1e-04
0.00024766253773123026,1.0,1e-04
0.0002474407374393195,1.0,1e-04
0.00024719908833503723,1.0,1e-04
0.00024697065236978233,1.0,1e-04
0.0002467289741616696,1.0,1e-04
0.00024648403632454574,1.0,1e-04
0.00024625228252261877,1.0,1e-04
0.0002460139221511781,1.0,1e-04
0.0002457756199873984,1.0,1e-04
0.0002455372305121273,1.0,1e-04
0.0002453021879773587,1.0,1e-04
0.000245060509769246,1.0,1e-04
0.00024482549633830786,1.0,1e-04
0.00024459706037305295,1.0,1e-04
0.00024436533567495644,1.0,1e-04
0.00024413361097685993,1.0,1e-04
0.00024387537268921733,1.0,1e-04
0.00024366022262256593,1.0,1e-04
0.00024341193784493953,1.0,1e-04
0.00024319341173395514,1.0,1e-04
0.00024295508046634495,1.0,1e-04
0.0002427200524834916,1.0,1e-04
0.00024248832778539509,1.0,1e-04
0.0002422631805529818,1.0,1e-04
0.00024203148495871574,1.0,1e-04
0.00024179309548344463,1.0,1e-04
0.00024155809660442173,1.0,1e-04
0.00024132632825057954,1.0,1e-04
0.00024109463265631348,1.0,1e-04
0.00024086951452773064,1.0,1e-04
0.00024063445744104683,1.0,1e-04
0.00024040270363911986,1.0,1e-04
0.00024017099349293858,1.0,1e-04
0.00023994917864911258,1.0,1e-04
0.00023972737835720181,1.0,1e-04
0.00023948574380483478,1.0,1e-04
0.00023925730783957988,1.0,1e-04
0.00023903881083242595,1.0,1e-04
0.0002387971617281437,1.0,1e-04
0.0002385819680057466,1.0,1e-04
0.00023835684987716377,1.0,1e-04
0.00023812182189431041,1.0,1e-04
0.00023788346152286977,1.0,1e-04
0.00023767158563714474,1.0,1e-04
0.00023744648206047714,1.0,1e-04
0.0002372147428104654,1.0,1e-04
0.00023699627490714192,1.0,1e-04
0.00023675789998378605,1.0,1e-04
0.0002365493419347331,1.0,1e-04
0.00023632755619473755,1.0,1e-04
0.00023608587798662484,1.0,1e-04
0.00023587730538565665,1.0,1e-04
0.00023563897411804646,1.0,1e-04
0.0002354336902499199,1.0,1e-04
0.00023519866226706654,1.0,1e-04
0.00023496693756897002,1.0,1e-04
0.00023475175839848816,1.0,1e-04
0.0002345200045965612,1.0,1e-04
0.00023429488646797836,1.0,1e-04
0.0002340962819289416,1.0,1e-04
0.00023385130043607205,1.0,1e-04
0.00023364272783510387,1.0,1e-04
0.0002334209275431931,1.0,1e-04
0.0002331858704565093,1.0,1e-04
0.00023297732695937157,1.0,1e-04
0.00023275882995221764,1.0,1e-04
0.00023252710525412112,1.0,1e-04
0.00023232513922266662,1.0,1e-04
0.00023211329244077206,1.0,1e-04
0.0002318749320693314,1.0,1e-04
