loss,accuracy,lr
4.074062347412109,0.04500000178813934,0.001
3.742202043533325,0.09666666388511658,0.001
3.5254907608032227,0.19833333790302277,0.001
3.3543624877929688,0.2783333361148834,0.001
3.1988766193389893,0.3499999940395355,0.001
3.0491743087768555,0.4000000059604645,0.001
2.882521390914917,0.4699999988079071,0.001
2.742821455001831,0.5016666650772095,0.001
2.6250569820404053,0.5366666913032532,0.001
2.474935531616211,0.574999988079071,0.001
2.3377277851104736,0.6166666746139526,0.001
2.208923816680908,0.6666666865348816,0.001
2.1126508712768555,0.6783333420753479,0.001
2.0006401538848877,0.7016666531562805,0.001
1.867592215538025,0.7183333039283752,0.001
1.7543493509292603,0.7733333110809326,0.001
1.6694562435150146,0.7950000166893005,0.001
1.5905265808105469,0.8066666722297668,0.001
1.5002663135528564,0.8233333230018616,0.001
1.4093680381774902,0.8366666436195374,0.001
1.3174841403961182,0.8566666841506958,0.001
1.2653146982192993,0.871666669845581,0.001
1.2447272539138794,0.8650000095367432,0.001
1.15360689163208,0.8799999952316284,0.001
1.1021087169647217,0.8816666603088379,0.001
1.03071129322052,0.9083333611488342,0.001
0.9666993021965027,0.9083333611488342,0.001
0.8982589840888977,0.9300000071525574,0.001
0.8341943621635437,0.9383333325386047,0.001
0.805974543094635,0.9333333373069763,0.001
0.7552845478057861,0.9483333230018616,0.001
0.6975857615470886,0.9566666483879089,0.001
0.6574025750160217,0.9583333134651184,0.001
0.6164377927780151,0.9633333086967468,0.001
0.5857558846473694,0.9666666388511658,0.001
0.5641394257545471,0.9666666388511658,0.001
0.5453081130981445,0.9616666436195374,0.001
0.5229889154434204,0.9733333587646484,0.001
0.4702341854572296,0.9783333539962769,0.001
0.467040091753006,0.9750000238418579,0.001
0.47525742650032043,0.9683333039283752,0.001
0.41626879572868347,0.9800000190734863,0.001
0.3793692886829376,0.9783333539962769,0.001
0.34682291746139526,0.9833333492279053,0.001
0.32636967301368713,0.9850000143051147,0.001
0.31363898515701294,0.9816666841506958,0.001
0.3006548285484314,0.9766666889190674,0.001
0.2819742262363434,0.9833333492279053,0.001
0.28548645973205566,0.9900000095367432,0.001
0.261797159910202,0.9850000143051147,0.001
0.24644675850868225,0.9866666793823242,0.001
0.22879740595817566,0.9850000143051147,0.001
0.22493131458759308,0.9883333444595337,0.001
0.24133509397506714,0.9833333492279053,0.001
0.23755253851413727,0.9783333539962769,0.001
0.22098390758037567,0.9850000143051147,0.001
0.22850143909454346,0.9866666793823242,0.001
0.1981355994939804,0.9916666746139526,0.001
0.18710969388484955,0.9916666746139526,0.001
0.1735164076089859,0.9900000095367432,0.001
0.16023370623588562,0.9933333396911621,0.001
0.16541315615177155,0.9866666793823242,0.001
0.16906318068504333,0.9833333492279053,0.001
0.18347038328647614,0.9816666841506958,0.001
0.1672903150320053,0.9900000095367432,0.001
0.14795559644699097,0.9916666746139526,0.001
0.14319603145122528,0.996666669845581,0.001
0.1359269917011261,0.9950000047683716,0.001
0.12273653596639633,0.9933333396911621,0.001
0.12196197360754013,0.9916666746139526,0.001
0.12380536645650864,0.9900000095367432,0.001
0.12066633999347687,0.9900000095367432,0.001
0.10026229918003082,0.9950000047683716,0.001
0.11413788050413132,0.9933333396911621,0.001
0.10287906229496002,0.9950000047683716,0.001
0.0938551053404808,0.9950000047683716,0.001
0.09073381125926971,0.9933333396911621,0.001
0.08647298067808151,0.9950000047683716,0.001
0.09004641324281693,0.9983333349227905,0.001
0.08404412865638733,0.9933333396911621,0.001
0.07942091673612595,0.9933333396911621,0.001
0.07816657423973083,0.9983333349227905,0.001
0.09142783284187317,0.9916666746139526,0.001
0.08033685386180878,0.9950000047683716,0.001
0.08120167255401611,0.9950000047683716,0.001
0.09643144905567169,0.9900000095367432,0.001
0.08178888261318207,0.9933333396911621,0.001
0.08875183016061783,0.9900000095367432,0.001
0.07007107883691788,0.9983333349227905,0.001
0.06549593806266785,0.996666669845581,0.001
0.06353635340929031,0.996666669845581,0.001
0.057223014533519745,1.0,0.001
0.056296952068805695,0.9983333349227905,0.001
0.051805198192596436,1.0,0.001
0.05212080478668213,0.9983333349227905,0.001
0.04624639451503754,1.0,0.001
0.04365134984254837,1.0,0.001
0.04279523342847824,0.996666669845581,0.001
0.041404131799936295,1.0,0.001
0.03982996195554733,1.0,0.001
0.04885132238268852,0.996666669845581,0.001
0.06182446330785751,0.9900000095367432,0.001
0.060790251940488815,0.9933333396911621,0.001
0.05799656733870506,0.996666669845581,0.001
0.057370319962501526,0.9950000047683716,0.001
0.048293132334947586,0.9983333349227905,0.001
0.04846307635307312,0.9983333349227905,0.001
0.045823778957128525,0.9983333349227905,0.001
0.050694726407527924,0.996666669845581,0.001
0.04226536676287651,0.9983333349227905,0.001
0.035556308925151825,1.0,0.00020000001
0.03108476661145687,0.9983333349227905,0.00020000001
0.027957506477832794,1.0,0.00020000001
0.027470117434859276,1.0,0.00020000001
0.026985270902514458,1.0,0.00020000001
0.029779907315969467,1.0,0.00020000001
0.025220811367034912,1.0,0.00020000001
0.024082709103822708,1.0,0.00020000001
0.023581478744745255,1.0,0.00020000001
0.02552732639014721,1.0,0.00020000001
0.024912282824516296,1.0,0.00020000001
0.022637777030467987,1.0,0.00020000001
0.023742051795125008,1.0,0.00020000001
0.0235655028373003,1.0,0.00020000001
0.024275457486510277,1.0,0.00020000001
0.02220788039267063,1.0,0.00020000001
0.022342542186379433,1.0,0.00020000001
0.025711873546242714,1.0,0.00020000001
0.021284066140651703,1.0,0.00020000001
0.02281060628592968,1.0,0.00020000001
0.024032946676015854,1.0,0.00020000001
0.021670494228601456,1.0,0.00020000001
0.020728904753923416,1.0,0.00020000001
0.021929696202278137,1.0,0.00020000001
0.020713649690151215,1.0,0.00020000001
0.020535102114081383,1.0,0.00020000001
0.022128118202090263,1.0,0.00020000001
0.0204551350325346,1.0,0.00020000001
0.019946111366152763,1.0,0.00020000001
0.021708857268095016,1.0,0.00020000001
0.02087595872581005,1.0,0.00020000001
0.02085527405142784,1.0,0.00020000001
0.02015252225100994,1.0,0.00020000001
0.018984250724315643,1.0,0.00020000001
0.01927025243639946,1.0,0.00020000001
0.020418895408511162,1.0,0.00020000001
0.020911216735839844,1.0,0.00020000001
0.020593075081706047,0.9983333349227905,0.00020000001
0.020544294267892838,1.0,0.00020000001
0.021773559972643852,1.0,0.00020000001
0.020911285653710365,1.0,0.00020000001
0.0205997284501791,1.0,0.00020000001
0.019131971523165703,1.0,0.00020000001
0.018838904798030853,1.0,0.00020000001
0.017808957025408745,1.0,0.00020000001
0.021350914612412453,1.0,0.00020000001
0.020176487043499947,1.0,0.00020000001
0.019863979890942574,1.0,0.00020000001
0.01865960843861103,1.0,0.00020000001
0.020212506875395775,1.0,0.00020000001
0.020641960203647614,1.0,0.00020000001
0.017915254458785057,1.0,0.00020000001
0.020060934126377106,1.0,0.00020000001
0.018155988305807114,1.0,0.00020000001
0.018417688086628914,1.0,0.00020000001
0.019638966768980026,1.0,1e-04
0.020450325682759285,1.0,1e-04
0.01740230806171894,1.0,1e-04
0.01656060665845871,1.0,1e-04
0.018740128725767136,1.0,1e-04
0.017760401591658592,1.0,1e-04
0.01756705343723297,1.0,1e-04
0.017286650836467743,1.0,1e-04
0.018257437273859978,1.0,1e-04
0.016680119559168816,1.0,1e-04
0.01977451890707016,1.0,1e-04
0.01770421862602234,1.0,1e-04
0.017028506845235825,1.0,1e-04
0.018200144171714783,1.0,1e-04
0.016949910670518875,1.0,1e-04
0.01736767217516899,1.0,1e-04
0.01790875568985939,1.0,1e-04
0.017321599647402763,1.0,1e-04
0.016356993466615677,1.0,1e-04
0.016837041825056076,1.0,1e-04
0.018179642036557198,1.0,1e-04
0.019841140136122704,1.0,1e-04
0.01697028987109661,1.0,1e-04
0.01628968119621277,1.0,1e-04
0.016677172854542732,1.0,1e-04
0.017035435885190964,1.0,1e-04
0.01575518399477005,1.0,1e-04
0.016315415501594543,1.0,1e-04
0.016470573842525482,1.0,1e-04
0.01758546195924282,1.0,1e-04
0.016774838790297508,1.0,1e-04
0.017930660396814346,1.0,1e-04
0.015056596137583256,1.0,1e-04
0.017620082944631577,1.0,1e-04
0.016682107001543045,1.0,1e-04
0.016130905598402023,1.0,1e-04
0.015447321347892284,1.0,1e-04
0.01592561975121498,1.0,1e-04
0.016016779467463493,1.0,1e-04
0.019866209477186203,1.0,1e-04
0.016384076327085495,1.0,1e-04
0.016669224947690964,1.0,1e-04
0.015035615302622318,1.0,1e-04
0.016085609793663025,1.0,1e-04
0.015885597094893456,1.0,1e-04
0.016570596024394035,1.0,1e-04
0.0158679261803627,1.0,1e-04
0.015255773440003395,1.0,1e-04
0.0166332945227623,1.0,1e-04
0.014402792789041996,1.0,1e-04
0.016057951375842094,1.0,1e-04
0.017145251855254173,1.0,1e-04
0.016631193459033966,1.0,1e-04
0.01728060096502304,1.0,1e-04
0.015277527272701263,1.0,1e-04
0.01603660173714161,1.0,1e-04
0.015444510616362095,1.0,1e-04
0.014580375514924526,1.0,1e-04
0.015239578671753407,1.0,1e-04
0.016184000298380852,1.0,1e-04
0.015490696765482426,1.0,1e-04
0.017705418169498444,1.0,1e-04
0.013864876702427864,1.0,1e-04
0.014803582802414894,1.0,1e-04
0.014928934164345264,1.0,1e-04
0.015754910185933113,1.0,1e-04
0.015304372645914555,1.0,1e-04
0.01624871976673603,1.0,1e-04
0.016095435246825218,1.0,1e-04
0.015164640732109547,1.0,1e-04
0.014395834878087044,1.0,1e-04
0.014836295507848263,1.0,1e-04
0.015514209866523743,1.0,1e-04
0.015196640975773335,1.0,1e-04
0.016881724819540977,1.0,1e-04
0.01439001876860857,1.0,1e-04
0.014704613946378231,1.0,1e-04
0.01564907655119896,1.0,1e-04
0.01368735171854496,1.0,1e-04
0.0136957298964262,1.0,1e-04
0.015206982381641865,1.0,1e-04
0.01475346740335226,1.0,1e-04
0.014511877670884132,1.0,1e-04
0.014718500897288322,1.0,1e-04
0.013808832503855228,1.0,1e-04
0.017822984606027603,1.0,1e-04
0.016444195061922073,1.0,1e-04
0.01507005374878645,1.0,1e-04
0.014266589656472206,1.0,1e-04
0.014786488376557827,1.0,1e-04
0.015091839246451855,1.0,1e-04
0.014488894492387772,1.0,1e-04
0.015813704580068588,1.0,1e-04
0.013735998421907425,1.0,1e-04
0.014145171269774437,1.0,1e-04
0.014973818324506283,1.0,1e-04
0.013641368597745895,1.0,1e-04
0.01582512818276882,1.0,1e-04
0.013081390410661697,1.0,1e-04
0.014161134138703346,1.0,1e-04
0.012672282755374908,1.0,1e-04
0.012864576652646065,1.0,1e-04
0.013846203684806824,1.0,1e-04
0.014052310027182102,1.0,1e-04
0.01239087525755167,1.0,1e-04
0.013009105809032917,1.0,1e-04
0.012769588269293308,1.0,1e-04
0.013791932724416256,1.0,1e-04
0.013879882171750069,1.0,1e-04
0.012688595801591873,1.0,1e-04
0.012477167882025242,1.0,1e-04
0.013085940852761269,1.0,1e-04
0.01328528206795454,1.0,1e-04
0.015027785673737526,1.0,1e-04
0.013227618299424648,1.0,1e-04
0.01503092423081398,1.0,1e-04
0.013344848528504372,1.0,1e-04
0.013342510908842087,1.0,1e-04
0.013291233219206333,1.0,1e-04
0.013402535580098629,1.0,1e-04
0.012642883695662022,1.0,1e-04
0.012677342630922794,1.0,1e-04
0.013226112350821495,1.0,1e-04
0.013611618429422379,1.0,1e-04
0.012541496194899082,1.0,1e-04
0.014101602137088776,1.0,1e-04
0.012335147708654404,1.0,1e-04
0.014614343643188477,1.0,1e-04
0.013543090783059597,1.0,1e-04
0.0135887386277318,1.0,1e-04
0.013818426057696342,1.0,1e-04
0.012493006885051727,1.0,1e-04
0.011951104737818241,1.0,1e-04
0.011681466363370419,1.0,1e-04
0.013005330227315426,1.0,1e-04
0.012872487306594849,1.0,1e-04
0.012608412653207779,1.0,1e-04
0.011620716191828251,1.0,1e-04
0.012138741090893745,1.0,1e-04
0.012992524541914463,1.0,1e-04
0.012151317670941353,1.0,1e-04
0.013620522804558277,1.0,1e-04
0.012615726329386234,1.0,1e-04
0.013316330499947071,1.0,1e-04
0.016113875433802605,1.0,1e-04
0.011857610195875168,1.0,1e-04
0.011986552737653255,1.0,1e-04
0.012626981362700462,1.0,1e-04
0.011870681308209896,1.0,1e-04
0.012895855121314526,1.0,1e-04
0.012419040314853191,1.0,1e-04
0.011326086707413197,1.0,1e-04
0.01161196082830429,1.0,1e-04
0.012084459885954857,1.0,1e-04
0.01314694806933403,1.0,1e-04
0.01204634178429842,1.0,1e-04
0.011679603718221188,1.0,1e-04
0.01130183506757021,1.0,1e-04
0.011647575534880161,1.0,1e-04
0.011335550807416439,1.0,1e-04
0.012704098597168922,1.0,1e-04
0.012592848390340805,1.0,1e-04
0.011275272816419601,1.0,1e-04
0.013212017714977264,1.0,1e-04
0.011318513192236423,1.0,1e-04
0.011797179467976093,1.0,1e-04
0.010690250433981419,1.0,1e-04
0.01162667665630579,1.0,1e-04
0.011597639881074429,1.0,1e-04
0.011627967469394207,1.0,1e-04
0.01059577614068985,1.0,1e-04
0.012177749536931515,1.0,1e-04
0.011049332097172737,1.0,1e-04
0.011825211346149445,1.0,1e-04
0.010579264722764492,1.0,1e-04
0.012741492129862309,1.0,1e-04
0.012153847143054008,1.0,1e-04
0.011687183752655983,1.0,1e-04
0.011254526674747467,1.0,1e-04
0.012140179052948952,1.0,1e-04
0.010900234803557396,1.0,1e-04
0.011188232339918613,1.0,1e-04
0.0128353675827384,1.0,1e-04
0.011485733091831207,1.0,1e-04
0.011949063278734684,1.0,1e-04
0.01191585324704647,1.0,1e-04
0.011566429398953915,1.0,1e-04
0.012020290829241276,1.0,1e-04
0.011704593896865845,1.0,1e-04
0.010781262069940567,1.0,1e-04
0.011753481812775135,1.0,1e-04
0.010937645100057125,1.0,1e-04
0.010430749505758286,1.0,1e-04
0.010738832876086235,1.0,1e-04
0.010512864217162132,1.0,1e-04
0.010240528732538223,1.0,1e-04
0.01141724269837141,1.0,1e-04
0.011642923578619957,1.0,1e-04
0.011799170635640621,1.0,1e-04
0.009839210659265518,1.0,1e-04
0.010316649451851845,1.0,1e-04
0.010385380126535892,1.0,1e-04
0.011768455617129803,1.0,1e-04
0.011053889989852905,1.0,1e-04
0.010647433809936047,1.0,1e-04
0.009630152024328709,1.0,1e-04
0.0100037707015872,1.0,1e-04
0.009879577904939651,1.0,1e-04
0.010873016901314259,1.0,1e-04
0.009918366558849812,1.0,1e-04
0.01073412410914898,1.0,1e-04
0.010692063719034195,1.0,1e-04
0.010575111024081707,1.0,1e-04
0.010668032802641392,1.0,1e-04
0.0103002293035388,1.0,1e-04
0.009601876139640808,1.0,1e-04
0.009732321836054325,1.0,1e-04
0.009625434875488281,1.0,1e-04
0.011162892915308475,1.0,1e-04
0.009944230318069458,1.0,1e-04
0.009284935891628265,1.0,1e-04
0.00948117021471262,1.0,1e-04
0.008939595893025398,1.0,1e-04
0.009061702527105808,1.0,1e-04
0.010708467103540897,1.0,1e-04
0.010197148658335209,1.0,1e-04
0.010457203723490238,1.0,1e-04
0.010043550282716751,1.0,1e-04
0.010085915215313435,1.0,1e-04
0.009711834602057934,1.0,1e-04
0.010394850745797157,1.0,1e-04
0.010224157944321632,1.0,1e-04
0.009037809446454048,1.0,1e-04
0.009676535613834858,1.0,1e-04
0.009436718188226223,1.0,1e-04
0.009896394796669483,1.0,1e-04
0.009233688935637474,1.0,1e-04
0.010590620338916779,1.0,1e-04
0.010227628983557224,1.0,1e-04
0.01051483117043972,1.0,1e-04
0.009707676246762276,1.0,1e-04
0.009674442932009697,1.0,1e-04
0.009316768497228622,1.0,1e-04
0.009876275435090065,1.0,1e-04
0.01115842442959547,1.0,1e-04
0.009540977887809277,1.0,1e-04
0.009838460013270378,1.0,1e-04
0.009268349036574364,1.0,1e-04
0.008981198072433472,1.0,1e-04
0.008600507862865925,1.0,1e-04
0.009310743771493435,1.0,1e-04
0.009183492511510849,1.0,1e-04
0.0101576903834939,1.0,1e-04
0.010552399791777134,1.0,1e-04
0.00970207154750824,1.0,1e-04
0.010438845492899418,1.0,1e-04
0.00872804969549179,1.0,1e-04
0.009410347789525986,1.0,1e-04
0.009892434813082218,1.0,1e-04
0.008999304845929146,1.0,1e-04
0.009134865365922451,1.0,1e-04
0.00901085790246725,1.0,1e-04
0.009149627760052681,1.0,1e-04
0.009048311971127987,1.0,1e-04
0.008533256128430367,1.0,1e-04
0.00931068230420351,1.0,1e-04
0.009064863435924053,1.0,1e-04
0.008654570206999779,1.0,1e-04
0.008971276693046093,1.0,1e-04
0.008883302100002766,1.0,1e-04
0.010500438511371613,1.0,1e-04
0.008988377638161182,1.0,1e-04
0.00942070409655571,1.0,1e-04
0.00889450404793024,1.0,1e-04
0.009069336578249931,1.0,1e-04
0.009597384370863438,1.0,1e-04
0.009029928594827652,1.0,1e-04
0.008976001292467117,1.0,1e-04
0.008815606124699116,1.0,1e-04
0.008833757601678371,1.0,1e-04
0.008283790200948715,1.0,1e-04
0.008305368013679981,1.0,1e-04
0.008331343531608582,1.0,1e-04
0.008917499333620071,1.0,1e-04
0.008623678237199783,1.0,1e-04
0.008265404030680656,1.0,1e-04
0.00887936633080244,1.0,1e-04
0.008323990739881992,1.0,1e-04
0.007991824299097061,1.0,1e-04
0.008704235777258873,1.0,1e-04
0.008157264441251755,1.0,1e-04
0.008368299342691898,1.0,1e-04
0.007886288687586784,1.0,1e-04
0.007805306930094957,1.0,1e-04
0.00867628026753664,1.0,1e-04
0.008184436708688736,1.0,1e-04
0.008528546430170536,1.0,1e-04
0.008275507017970085,1.0,1e-04
0.007880558259785175,1.0,1e-04
0.00853865034878254,1.0,1e-04
0.008387849666178226,1.0,1e-04
0.008587558753788471,1.0,1e-04
0.007557476405054331,1.0,1e-04
0.00865953043103218,1.0,1e-04
0.007868209853768349,1.0,1e-04
0.007656448055058718,1.0,1e-04
0.009572315029799938,1.0,1e-04
0.0074459281750023365,1.0,1e-04
0.007887215353548527,1.0,1e-04
0.008074827492237091,1.0,1e-04
0.008515806868672371,1.0,1e-04
0.00773808965459466,1.0,1e-04
0.008380848914384842,1.0,1e-04
0.0076313503086566925,1.0,1e-04
0.007351861800998449,1.0,1e-04
0.0077141523361206055,1.0,1e-04
0.007910862565040588,1.0,1e-04
0.0072637456469237804,1.0,1e-04
0.007669232785701752,1.0,1e-04
0.00867253728210926,1.0,1e-04
0.007551637478172779,1.0,1e-04
0.0074544730596244335,1.0,1e-04
0.007899939082562923,1.0,1e-04
0.0070045082829892635,1.0,1e-04
0.006983717437833548,1.0,1e-04
0.007616789545863867,1.0,1e-04
0.007385611534118652,1.0,1e-04
0.008502848446369171,1.0,1e-04
0.007116855122148991,1.0,1e-04
0.007348122540861368,1.0,1e-04
0.006747569888830185,1.0,1e-04
0.006974003277719021,1.0,1e-04
0.007121458649635315,1.0,1e-04
0.00724814273416996,1.0,1e-04
0.00690819974988699,1.0,1e-04
0.007782546803355217,1.0,1e-04
0.007181329652667046,1.0,1e-04
0.008298455737531185,1.0,1e-04
0.007417180575430393,1.0,1e-04
0.007363150827586651,1.0,1e-04
0.007566814310848713,1.0,1e-04
0.00710555212572217,1.0,1e-04
0.006754972040653229,1.0,1e-04
0.006824928801506758,1.0,1e-04
0.006437947042286396,1.0,1e-04
0.006477634888142347,1.0,1e-04
0.006835513282567263,1.0,1e-04
0.008079701103270054,1.0,1e-04
0.007207808550447226,1.0,1e-04
0.007181956898421049,1.0,1e-04
0.0069526927545666695,1.0,1e-04
0.007606458850204945,1.0,1e-04
0.006957974284887314,1.0,1e-04
0.006335070356726646,1.0,1e-04
0.007399505004286766,1.0,1e-04
0.007049051113426685,1.0,1e-04
0.007018434349447489,1.0,1e-04
0.0067894347012043,1.0,1e-04
0.007385811768472195,1.0,1e-04
0.006997418589890003,1.0,1e-04
0.0068599809892475605,1.0,1e-04
0.006735768169164658,1.0,1e-04
0.006919426843523979,1.0,1e-04
0.007163681089878082,1.0,1e-04
0.007505887188017368,1.0,1e-04
0.006558089517056942,1.0,1e-04
0.007533069234341383,1.0,1e-04
0.007072775159031153,1.0,1e-04
0.006523183546960354,1.0,1e-04
0.006123461294919252,1.0,1e-04
0.006847627926617861,1.0,1e-04
0.006971119437366724,1.0,1e-04
0.006241458468139172,1.0,1e-04
0.006499809212982655,1.0,1e-04
0.006080855615437031,1.0,1e-04
0.00675522955134511,1.0,1e-04
0.007467214949429035,1.0,1e-04
0.007492137141525745,1.0,1e-04
0.008199815638363361,1.0,1e-04
0.006590330973267555,1.0,1e-04
0.007135165389627218,1.0,1e-04
0.0070728459395468235,1.0,1e-04
0.007063806056976318,1.0,1e-04
0.008126040920615196,1.0,1e-04
0.006118875928223133,1.0,1e-04
0.0065338085405528545,1.0,1e-04
0.006787870544940233,1.0,1e-04
0.006143458653241396,1.0,1e-04
0.006109324749559164,1.0,1e-04
0.0060865613631904125,1.0,1e-04
0.005994676146656275,1.0,1e-04
0.00670502008870244,1.0,1e-04
0.006211829837411642,1.0,1e-04
0.005776045378297567,1.0,1e-04
0.006214343011379242,1.0,1e-04
0.006992289796471596,1.0,1e-04
0.006863708607852459,1.0,1e-04
0.006818745750933886,1.0,1e-04
0.006065250840038061,1.0,1e-04
0.006567257456481457,1.0,1e-04
0.006564320530742407,1.0,1e-04
0.005880502052605152,1.0,1e-04
0.005702708847820759,1.0,1e-04
0.005988446529954672,1.0,1e-04
0.0065682427957654,1.0,1e-04
0.006000158842653036,1.0,1e-04
0.005656144581735134,1.0,1e-04
0.005869373679161072,1.0,1e-04
0.006872151512652636,1.0,1e-04
0.005709396209567785,1.0,1e-04
0.006421289406716824,1.0,1e-04
0.005635731387883425,1.0,1e-04
0.005451032891869545,1.0,1e-04
0.0055109066888689995,1.0,1e-04
0.005633004475384951,1.0,1e-04
0.006442286539822817,1.0,1e-04
0.006267067510634661,1.0,1e-04
0.006203210446983576,1.0,1e-04
0.006002151872962713,1.0,1e-04
0.005650366190820932,1.0,1e-04
0.0054371231235563755,1.0,1e-04
0.005814282689243555,1.0,1e-04
0.0063467686995863914,1.0,1e-04
0.005947442259639502,1.0,1e-04
0.005552876740694046,1.0,1e-04
0.006016509607434273,1.0,1e-04
0.006252669263631105,1.0,1e-04
0.006736408919095993,1.0,1e-04
0.0059559098444879055,1.0,1e-04
0.005952708888798952,1.0,1e-04
0.00552305718883872,1.0,1e-04
0.005510453600436449,1.0,1e-04
0.006128165405243635,1.0,1e-04
0.005835535936057568,1.0,1e-04
0.0059716966934502125,1.0,1e-04
0.005199969280511141,1.0,1e-04
0.006182607728987932,1.0,1e-04
0.005630095023661852,1.0,1e-04
0.005668971687555313,1.0,1e-04
0.006044096313416958,1.0,1e-04
0.004683468025177717,1.0,1e-04
0.005196272861212492,1.0,1e-04
0.00509650819003582,1.0,1e-04
0.005266561172902584,1.0,1e-04
0.005417054519057274,1.0,1e-04
0.0057990881614387035,1.0,1e-04
0.004987441468983889,1.0,1e-04
0.004812176339328289,1.0,1e-04
0.005559910088777542,1.0,1e-04
0.005141452420502901,1.0,1e-04
0.005335408262908459,1.0,1e-04
0.004907642491161823,1.0,1e-04
0.005277267657220364,1.0,1e-04
0.004800263326615095,1.0,1e-04
0.005866969004273415,1.0,1e-04
0.004722061101347208,1.0,1e-04
0.005075907800346613,1.0,1e-04
0.005015060305595398,1.0,1e-04
0.004595871549099684,1.0,1e-04
0.005138495936989784,1.0,1e-04
0.005029930267482996,1.0,1e-04
0.005024189595133066,1.0,1e-04
0.004914027638733387,1.0,1e-04
0.004627285525202751,1.0,1e-04
0.00498213293030858,1.0,1e-04
0.004890420474112034,1.0,1e-04
0.00492864428088069,1.0,1e-04
0.004627677612006664,1.0,1e-04
0.004575252067297697,1.0,1e-04
0.005463176406919956,1.0,1e-04
0.005218560807406902,1.0,1e-04
0.004544655326753855,1.0,1e-04
0.005067566409707069,1.0,1e-04
0.004675185773521662,1.0,1e-04
0.005551718641072512,1.0,1e-04
0.005229376256465912,1.0,1e-04
0.004795342218130827,1.0,1e-04
0.005084462929517031,1.0,1e-04
0.00469514075666666,1.0,1e-04
0.00444358866661787,1.0,1e-04
0.00444555701687932,1.0,1e-04
0.004485157784074545,1.0,1e-04
0.005441101733595133,1.0,1e-04
0.004696146585047245,1.0,1e-04
0.004644850734621286,1.0,1e-04
0.004764297977089882,1.0,1e-04
0.004439390730112791,1.0,1e-04
0.004999358206987381,1.0,1e-04
0.004818617831915617,1.0,1e-04
0.004664675332605839,1.0,1e-04
0.005146281328052282,1.0,1e-04
0.004697821568697691,1.0,1e-04
0.004784767981618643,1.0,1e-04
0.004479723516851664,1.0,1e-04
0.004901556763797998,1.0,1e-04
0.004296623636037111,1.0,1e-04
0.0046854568645358086,1.0,1e-04
0.004917143378406763,1.0,1e-04
0.005041159689426422,1.0,1e-04
0.0047417269088327885,1.0,1e-04
0.0048270076513290405,1.0,1e-04
0.004913497716188431,1.0,1e-04
0.004859671462327242,1.0,1e-04
0.004554017912596464,1.0,1e-04
0.0046234955079853535,1.0,1e-04
0.00419034855440259,1.0,1e-04
0.0044769467785954475,1.0,1e-04
0.005011904053390026,1.0,1e-04
0.004163944162428379,1.0,1e-04
0.004710831679403782,1.0,1e-04
0.00456697354093194,1.0,1e-04
0.004838833585381508,1.0,1e-04
0.00408167252317071,1.0,1e-04
0.004279471468180418,1.0,1e-04
0.004272609017789364,1.0,1e-04
0.0042733075097203255,1.0,1e-04
0.004635389428585768,1.0,1e-04
0.004063157364726067,1.0,1e-04
0.0046385666355490685,1.0,1e-04
0.004273403435945511,1.0,1e-04
0.004355661105364561,1.0,1e-04
0.004655953962355852,1.0,1e-04
0.003978922963142395,1.0,1e-04
0.004173508379608393,1.0,1e-04
0.004001699388027191,1.0,1e-04
0.0054918075911700726,1.0,1e-04
0.0052052950486540794,1.0,1e-04
0.004786246921867132,1.0,1e-04
0.0041571734473109245,1.0,1e-04
0.00428485032171011,1.0,1e-04
0.0048366147093474865,1.0,1e-04
0.004101968836039305,1.0,1e-04
0.004241529386490583,1.0,1e-04
0.0041940538212656975,1.0,1e-04
0.004549849778413773,1.0,1e-04
0.004294181242585182,1.0,1e-04
0.004184171557426453,1.0,1e-04
0.004333512391895056,1.0,1e-04
0.00427863048389554,1.0,1e-04
0.003956974949687719,1.0,1e-04
0.004681598860770464,1.0,1e-04
0.003958648070693016,1.0,1e-04
0.0039510601200163364,1.0,1e-04
0.00436747819185257,1.0,1e-04
0.00423428975045681,1.0,1e-04
0.0037751838099211454,1.0,1e-04
0.0036210266407579184,1.0,1e-04
0.003933907952159643,1.0,1e-04
0.003902573138475418,1.0,1e-04
0.0043922471813857555,1.0,1e-04
0.0038797231391072273,1.0,1e-04
0.0035290447995066643,1.0,1e-04
0.003577371360734105,1.0,1e-04
0.0036174925044178963,1.0,1e-04
0.003493117168545723,1.0,1e-04
0.003740425920113921,1.0,1e-04
0.0038371209520846605,1.0,1e-04
0.0040741413831710815,1.0,1e-04
0.0036306532565504313,1.0,1e-04
0.0037016901187598705,1.0,1e-04
0.003708078758791089,1.0,1e-04
0.003795635187998414,1.0,1e-04
0.0037324472796171904,1.0,1e-04
0.003663959912955761,1.0,1e-04
0.003713366575539112,1.0,1e-04
0.003584910649806261,1.0,1e-04
0.0037162634544074535,1.0,1e-04
0.003521437756717205,1.0,1e-04
0.00405033677816391,1.0,1e-04
0.004128906410187483,1.0,1e-04
0.0037547945976257324,1.0,1e-04
0.0037903718184679747,1.0,1e-04
0.0037902817130088806,1.0,1e-04
0.0036622846964746714,1.0,1e-04
0.0038186272140592337,1.0,1e-04
0.0034935902804136276,1.0,1e-04
0.0034496616572141647,1.0,1e-04
0.0036183984484523535,1.0,1e-04
0.0035290075466036797,1.0,1e-04
0.003413169411942363,1.0,1e-04
0.003332889871671796,1.0,1e-04
0.0034362482838332653,1.0,1e-04
0.0040074004791677,1.0,1e-04
0.003460294334217906,1.0,1e-04
0.0037186515983194113,1.0,1e-04
0.0036966537591069937,1.0,1e-04
0.0033862153068184853,1.0,1e-04
0.0035552922636270523,1.0,1e-04
0.003441062057390809,1.0,1e-04
0.0035560608375817537,1.0,1e-04
0.003586151637136936,1.0,1e-04
0.0032469399739056826,1.0,1e-04
0.003231754759326577,1.0,1e-04
0.00322708860039711,1.0,1e-04
0.003610495710745454,1.0,1e-04
0.003320529358461499,1.0,1e-04
0.003611041698604822,1.0,1e-04
0.003215561620891094,1.0,1e-04
0.004241565708070993,1.0,1e-04
0.0034808286000043154,1.0,1e-04
0.00597371207550168,1.0,1e-04
0.026305532082915306,0.9933333396911621,1e-04
0.013272957876324654,1.0,1e-04
0.014689388684928417,0.9983333349227905,1e-04
0.01643783040344715,1.0,1e-04
0.013451391831040382,0.9983333349227905,1e-04
0.010690930299460888,1.0,1e-04
0.012887850403785706,0.9983333349227905,1e-04
0.013077852316200733,0.9983333349227905,1e-04
0.008900471031665802,1.0,1e-04
0.009181877598166466,1.0,1e-04
0.006094615440815687,1.0,1e-04
0.007377734407782555,1.0,1e-04
0.0052361860871315,1.0,1e-04
0.005039019510149956,1.0,1e-04
0.00413005705922842,1.0,1e-04
0.004800841212272644,1.0,1e-04
0.0039235190488398075,1.0,1e-04
0.003682934446260333,1.0,1e-04
0.0034454488195478916,1.0,1e-04
0.003172896569594741,1.0,1e-04
0.003461336251348257,1.0,1e-04
0.0033612505067139864,1.0,1e-04
0.0034298154059797525,1.0,1e-04
0.0033689921256154776,1.0,1e-04
0.003298540133982897,1.0,1e-04
0.0032344358041882515,1.0,1e-04
0.003554037306457758,1.0,1e-04
0.0030958265997469425,1.0,1e-04
0.003462968161329627,1.0,1e-04
0.003381267422810197,1.0,1e-04
0.003692720318213105,1.0,1e-04
0.0034106813836842775,1.0,1e-04
0.0033349120058119297,1.0,1e-04
0.0036203949712216854,1.0,1e-04
0.0035002282820641994,1.0,1e-04
0.003651497419923544,1.0,1e-04
0.0033405288122594357,1.0,1e-04
0.003266895655542612,1.0,1e-04
0.0029101346153765917,1.0,1e-04
0.002936661709100008,1.0,1e-04
0.0028132235165685415,1.0,1e-04
0.002991814399138093,1.0,1e-04
0.003114135470241308,1.0,1e-04
0.002730531385168433,1.0,1e-04
0.0032649871427565813,1.0,1e-04
0.0030173594132065773,1.0,1e-04
0.0028194626793265343,1.0,1e-04
0.002856014994904399,1.0,1e-04
0.0029442072845995426,1.0,1e-04
0.0032123452983796597,1.0,1e-04
0.002881773980334401,1.0,1e-04
0.003098131390288472,1.0,1e-04
0.003131758188828826,1.0,1e-04
0.0027560736052691936,1.0,1e-04
0.002779753180220723,1.0,1e-04
0.0027334534097462893,1.0,1e-04
0.0026963481213897467,1.0,1e-04
0.0031965626403689384,1.0,1e-04
0.0028521439526230097,1.0,1e-04
0.0033363057300448418,1.0,1e-04
0.0038918498903512955,1.0,1e-04
0.0033711683936417103,1.0,1e-04
0.0030353092588484287,1.0,1e-04
0.003057339461520314,1.0,1e-04
0.002952679293230176,1.0,1e-04
0.0044379523023962975,1.0,1e-04
0.006181046366691589,1.0,1e-04
0.005394207779318094,1.0,1e-04
0.014453539624810219,0.9983333349227905,1e-04
0.017484193667769432,0.996666669845581,1e-04
0.010448312386870384,1.0,1e-04
0.009009593166410923,1.0,1e-04
0.007272868882864714,1.0,1e-04
0.005730982404202223,1.0,1e-04
0.005108533892780542,1.0,1e-04
0.0038797305896878242,1.0,1e-04
0.003983250819146633,1.0,1e-04
0.0036240876652300358,1.0,1e-04
0.0034142581280320883,1.0,1e-04
0.003477824851870537,1.0,1e-04
0.0030080247670412064,1.0,1e-04
0.003320108400657773,1.0,1e-04
0.0028286133892834187,1.0,1e-04
0.0031423759646713734,1.0,1e-04
0.002774953842163086,1.0,1e-04
0.0031369924545288086,1.0,1e-04
0.003011568682268262,1.0,1e-04
0.0027416474185884,1.0,1e-04
0.002832140075042844,1.0,1e-04
0.0025533700827509165,1.0,1e-04
0.0025616816710680723,1.0,1e-04
0.0026889583095908165,1.0,1e-04
0.002688782289624214,1.0,1e-04
0.002806232078000903,1.0,1e-04
0.0028118491172790527,1.0,1e-04
0.0025252674240618944,1.0,1e-04
0.002638658042997122,1.0,1e-04
0.002574443118646741,1.0,1e-04
0.002492759609594941,1.0,1e-04
0.002644563326612115,1.0,1e-04
0.0024828631430864334,1.0,1e-04
0.002931001828983426,1.0,1e-04
0.002992454683408141,1.0,1e-04
0.002402947749942541,1.0,1e-04
0.0028339459095150232,1.0,1e-04
0.002570410957559943,1.0,1e-04
0.002495586173608899,1.0,1e-04
0.002439692383632064,1.0,1e-04
0.0027237527538090944,1.0,1e-04
0.002301163738593459,1.0,1e-04
0.0030413023196160793,1.0,1e-04
0.002737738424912095,1.0,1e-04
0.002435458591207862,1.0,1e-04
0.0025741758290678263,1.0,1e-04
0.0027363982517272234,1.0,1e-04
0.0023927330039441586,1.0,1e-04
0.0025144692044705153,1.0,1e-04
0.0025425637140870094,1.0,1e-04
0.002412631409242749,1.0,1e-04
0.002341002458706498,1.0,1e-04
0.0026264344342052937,1.0,1e-04
0.002805162686854601,1.0,1e-04
0.002632517833262682,1.0,1e-04
0.0034059062600135803,1.0,1e-04
0.0034083842765539885,1.0,1e-04
0.002696687588468194,1.0,1e-04
0.0026485500857234,1.0,1e-04
0.0024770183954387903,1.0,1e-04
0.0024604694917798042,1.0,1e-04
0.0023511815816164017,1.0,1e-04
0.0022907168604433537,1.0,1e-04
0.002412147121503949,1.0,1e-04
0.002208913443610072,1.0,1e-04
0.002269717399030924,1.0,1e-04
0.002183404518291354,1.0,1e-04
0.0021584411151707172,1.0,1e-04
0.0031579947099089622,1.0,1e-04
0.002152216387912631,1.0,1e-04
0.002396925585344434,1.0,1e-04
0.0022913990542292595,1.0,1e-04
0.002230325248092413,1.0,1e-04
0.0023226768244057894,1.0,1e-04
0.00250684074126184,1.0,1e-04
0.0023510358296334743,1.0,1e-04
0.0021851591300219297,1.0,1e-04
0.002145347883924842,1.0,1e-04
0.002078266115859151,1.0,1e-04
0.0023571765050292015,1.0,1e-04
0.002138278679922223,1.0,1e-04
0.0020207087509334087,1.0,1e-04
0.002320055617019534,1.0,1e-04
0.0023078275844454765,1.0,1e-04
0.002257022773846984,1.0,1e-04
0.002298376988619566,1.0,1e-04
0.00253292010165751,1.0,1e-04
0.002110467292368412,1.0,1e-04
0.0023225375916808844,1.0,1e-04
0.003298553405329585,1.0,1e-04
0.0026496388018131256,1.0,1e-04
0.0020950764883309603,1.0,1e-04
0.0026032777968794107,1.0,1e-04
0.002098964061588049,1.0,1e-04
0.002334269927814603,1.0,1e-04
0.0023149270564317703,1.0,1e-04
0.0021226289682090282,1.0,1e-04
0.0022730473428964615,1.0,1e-04
0.0019702923018485308,1.0,1e-04
0.002319054212421179,1.0,1e-04
0.002090452704578638,1.0,1e-04
0.001971856225281954,1.0,1e-04
0.0019659812096506357,1.0,1e-04
0.002051408402621746,1.0,1e-04
0.0019404514459893107,1.0,1e-04
0.0018165397923439741,1.0,1e-04
0.0022054966539144516,1.0,1e-04
0.0024559125304222107,1.0,1e-04
0.0018998909508809447,1.0,1e-04
0.0020295120775699615,1.0,1e-04
0.00190563197247684,1.0,1e-04
0.0023441624362021685,1.0,1e-04
0.002350248396396637,1.0,1e-04
0.001962488517165184,1.0,1e-04
0.0023357581812888384,1.0,1e-04
0.002005626680329442,1.0,1e-04
0.00232137949205935,1.0,1e-04
0.0018027776386588812,1.0,1e-04
0.0021214967127889395,1.0,1e-04
0.0019295535748824477,1.0,1e-04
0.0019062029896304011,1.0,1e-04
0.0019381698220968246,1.0,1e-04
0.001967930467799306,1.0,1e-04
0.002095293253660202,1.0,1e-04
0.0020093934144824743,1.0,1e-04
0.001931030536070466,1.0,1e-04
0.002550283679738641,1.0,1e-04
0.001868045306764543,1.0,1e-04
0.0020107615273445845,1.0,1e-04
0.002033269265666604,1.0,1e-04
0.0018314047483727336,1.0,1e-04
0.0021096719428896904,1.0,1e-04
0.0017839630600064993,1.0,1e-04
0.0020160763524472713,1.0,1e-04
0.001946711796335876,1.0,1e-04
0.001897715381346643,1.0,1e-04
0.00237830588594079,1.0,1e-04
0.0018779385136440396,1.0,1e-04
0.0027523450553417206,1.0,1e-04
0.0016889616381376982,1.0,1e-04
0.0018231191206723452,1.0,1e-04
0.0020698329899460077,1.0,1e-04
0.001973711187019944,1.0,1e-04
0.0017111162887886167,1.0,1e-04
0.0018819395918399096,1.0,1e-04
0.0017611469374969602,1.0,1e-04
0.002074316143989563,1.0,1e-04
0.0017380064819008112,1.0,1e-04
0.0018518980359658599,1.0,1e-04
0.0018788977758958936,1.0,1e-04
0.0019460790790617466,1.0,1e-04
0.0017043090192601085,1.0,1e-04
0.0016608769074082375,1.0,1e-04
0.0017939170356839895,1.0,1e-04
0.0016824625199660659,1.0,1e-04
0.0018575767753645778,1.0,1e-04
0.0016277007525786757,1.0,1e-04
0.0019283469300717115,1.0,1e-04
0.0018544197082519531,1.0,1e-04
0.0018067196942865849,1.0,1e-04
0.0018740319646894932,1.0,1e-04
0.0018653476145118475,1.0,1e-04
0.0015485848998650908,1.0,1e-04
0.0019963656086474657,1.0,1e-04
0.0018691353034228086,1.0,1e-04
0.0017395016038790345,1.0,1e-04
0.0017327922396361828,1.0,1e-04
0.0017021388048306108,1.0,1e-04
0.0017604484455659986,1.0,1e-04
0.0019150135340169072,1.0,1e-04
0.0016395581187680364,1.0,1e-04
0.001927730394527316,1.0,1e-04
0.0021316048223525286,1.0,1e-04
0.0018925563199445605,1.0,1e-04
0.0017331099370494485,1.0,1e-04
0.0016550837317481637,1.0,1e-04
0.0018972472753375769,1.0,1e-04
0.0017160143470391631,1.0,1e-04
0.0017881065141409636,1.0,1e-04
0.002134942915290594,1.0,1e-04
0.002338014543056488,1.0,1e-04
0.0016896555898711085,1.0,1e-04
0.001908371807076037,1.0,1e-04
0.0016512630973011255,1.0,1e-04
0.0015258281491696835,1.0,1e-04
0.0016092145815491676,1.0,1e-04
0.0015867254696786404,1.0,1e-04
0.0016830575186759233,1.0,1e-04
0.0016173050971701741,1.0,1e-04
0.00158649031072855,1.0,1e-04
0.0019564307294785976,1.0,1e-04
0.001733729848638177,1.0,1e-04
0.0016770731890574098,1.0,1e-04
0.0017615387914702296,1.0,1e-04
0.0016382915200665593,1.0,1e-04
0.0014509041793644428,1.0,1e-04
0.0017699309391900897,1.0,1e-04
0.0016426780493929982,1.0,1e-04
0.0015264454996213317,1.0,1e-04
0.0016387250507250428,1.0,1e-04
0.0015652159927412868,1.0,1e-04
0.0016737065743654966,1.0,1e-04
0.0015193021390587091,1.0,1e-04
0.0013738786801695824,1.0,1e-04
0.0018942555179819465,1.0,1e-04
0.001714941463433206,1.0,1e-04
0.0015314097981899977,1.0,1e-04
0.0015565813519060612,1.0,1e-04
0.0015809554606676102,1.0,1e-04
0.001447864924557507,1.0,1e-04
0.0014183433959260583,1.0,1e-04
0.0016960978973656893,1.0,1e-04
0.0015618382021784782,1.0,1e-04
0.0015605526277795434,1.0,1e-04
0.001865435391664505,1.0,1e-04
0.0014263493940234184,1.0,1e-04
0.0013733202358707786,1.0,1e-04
0.0017668543150648475,1.0,1e-04
0.001557746552862227,1.0,1e-04
0.0015552473487332463,1.0,1e-04
0.0014543142169713974,1.0,1e-04
0.0014820977812632918,1.0,1e-04
0.001506168395280838,1.0,1e-04
0.0015323819825425744,1.0,1e-04
0.001668959273956716,1.0,1e-04
0.0015560622559860349,1.0,1e-04
0.0014486670261248946,1.0,1e-04
0.001567300409078598,1.0,1e-04
0.0015098254662007093,1.0,1e-04
0.0014812559820711613,1.0,1e-04
0.0018888207850977778,1.0,1e-04
0.0015958501026034355,1.0,1e-04
0.001690650824457407,1.0,1e-04
0.0014419249491766095,1.0,1e-04
0.0013730126665905118,1.0,1e-04
0.0014505478320643306,1.0,1e-04
0.0015947985230013728,1.0,1e-04
0.001505715656094253,1.0,1e-04
0.0014538950053974986,1.0,1e-04
0.0014353384030982852,1.0,1e-04
0.0013964956160634756,1.0,1e-04
0.0013627107255160809,1.0,1e-04
0.0016326057957485318,1.0,1e-04
0.0013633818598464131,1.0,1e-04
0.0014857995556667447,1.0,1e-04
0.001505350461229682,1.0,1e-04
0.0013531727017834783,1.0,1e-04
0.0014844349352642894,1.0,1e-04
0.0016392706893384457,1.0,1e-04
0.0013245164882391691,1.0,1e-04
0.0014105839654803276,1.0,1e-04
0.0016054324805736542,1.0,1e-04
0.0014013099716976285,1.0,1e-04
0.0012922472087666392,1.0,1e-04
0.0014435015618801117,1.0,1e-04
0.0013604270061478019,1.0,1e-04
0.0014166616601869464,1.0,1e-04
0.0012271597515791655,1.0,1e-04
0.001366410288028419,1.0,1e-04
0.0015456394758075476,1.0,1e-04
0.0013783160829916596,1.0,1e-04
0.0013157908106222749,1.0,1e-04
0.0013965967809781432,1.0,1e-04
0.0013498985208570957,1.0,1e-04
0.001349378377199173,1.0,1e-04
0.0014431168092414737,1.0,1e-04
0.0015202758368104696,1.0,1e-04
0.0014037269866093993,1.0,1e-04
0.0012395262019708753,1.0,1e-04
0.0015277641359716654,1.0,1e-04
0.001615081331692636,1.0,1e-04
0.0013981572119519114,1.0,1e-04
0.001309468992985785,1.0,1e-04
0.0015174213331192732,1.0,1e-04
0.0013207445153966546,1.0,1e-04
0.0013236755039542913,1.0,1e-04
0.0013390281237661839,1.0,1e-04
0.0015368472086265683,1.0,1e-04
0.0018725659465417266,1.0,1e-04
0.0016942588845267892,1.0,1e-04
0.0014507515588775277,1.0,1e-04
0.00155677180737257,1.0,1e-04
0.0012639089254662395,1.0,1e-04
0.0014967955648899078,1.0,1e-04
0.0016774175455793738,1.0,1e-04
0.0013617932563647628,1.0,1e-04
0.0013500096974894404,1.0,1e-04
0.00128931924700737,1.0,1e-04
0.001271044951863587,1.0,1e-04
0.0011602246668189764,1.0,1e-04
0.0011955004883930087,1.0,1e-04
0.0011747048702090979,1.0,1e-04
0.0013447145465761423,1.0,1e-04
0.0012253423919901252,1.0,1e-04
0.0011005114065483212,1.0,1e-04
0.0012085376074537635,1.0,1e-04
0.001294281450100243,1.0,1e-04
0.0012599382316693664,1.0,1e-04
0.0013604757841676474,1.0,1e-04
0.0014014403568580747,1.0,1e-04
0.00119158870074898,1.0,1e-04
0.0012502616737037897,1.0,1e-04
0.001105922507122159,1.0,1e-04
0.0011453828774392605,1.0,1e-04
0.001279340824112296,1.0,1e-04
0.0012621019268408418,1.0,1e-04
0.0012291808379814029,1.0,1e-04
0.0012751074973493814,1.0,1e-04
0.0011461647227406502,1.0,1e-04
0.0015272346790879965,1.0,1e-04
0.0013168419245630503,1.0,1e-04
0.0011042412370443344,1.0,1e-04
0.001659408793784678,1.0,1e-04
0.001990645658224821,1.0,1e-04
0.0029177358373999596,0.9983333349227905,1e-04
0.022806638851761818,0.9950000047683716,1e-04
0.04117847979068756,0.9916666746139526,1e-04
0.0659150555729866,0.9850000143051147,1e-04
0.07732363045215607,0.9816666841506958,1e-04
0.07148489356040955,0.9866666793823242,1e-04
0.03715638816356659,0.9950000047683716,1e-04
0.02712499536573887,0.9983333349227905,1e-04
0.016316089779138565,0.9983333349227905,1e-04
0.011331035755574703,1.0,1e-04
0.007594005204737186,1.0,1e-04
0.0073795015923678875,1.0,1e-04
0.005019495263695717,1.0,1e-04
0.004558502230793238,1.0,1e-04
0.0038449096027761698,1.0,1e-04
0.0033061786089092493,1.0,1e-04
0.0028662588447332382,1.0,1e-04
0.002892637625336647,1.0,1e-04
0.002493201056495309,1.0,1e-04
0.0025267242453992367,1.0,1e-04
0.002514067804440856,1.0,1e-04
0.0026380850467830896,1.0,1e-04
0.0025616914499551058,1.0,1e-04
0.002625287277624011,1.0,1e-04
0.0022418342996388674,1.0,1e-04
0.001928366837091744,1.0,1e-04
0.002050708746537566,1.0,1e-04
0.001980419270694256,1.0,1e-04
0.002012204146012664,1.0,1e-04
0.0023818686604499817,1.0,1e-04
0.0018457613186910748,1.0,1e-04
0.0018407877068966627,1.0,1e-04
0.002005308633670211,1.0,1e-04
0.0019060051999986172,1.0,1e-04
0.0018588838865980506,1.0,1e-04
0.001713533652946353,1.0,1e-04
0.002118851989507675,1.0,1e-04
0.001694215927273035,1.0,1e-04
0.0018340526148676872,1.0,1e-04
0.001674596220254898,1.0,1e-04
0.0016653501661494374,1.0,1e-04
0.0015580852050334215,1.0,1e-04
0.0018749329028651118,1.0,1e-04
0.0018189676338806748,1.0,1e-04
0.0016305525787174702,1.0,1e-04
0.0014277196023613214,1.0,1e-04
0.0017551310593262315,1.0,1e-04
0.0014589631464332342,1.0,1e-04
0.0016184981213882565,1.0,1e-04
0.0012743844417855144,1.0,1e-04
0.002269153483211994,1.0,1e-04
0.0017635569674894214,1.0,1e-04
0.00158136454410851,1.0,1e-04
0.0015455279499292374,1.0,1e-04
0.001455304678529501,1.0,1e-04
0.0015643513761460781,1.0,1e-04
0.0014898524386808276,1.0,1e-04
0.0013758399290964007,1.0,1e-04
0.0012823978904634714,1.0,1e-04
0.001294370274990797,1.0,1e-04
0.0013711643405258656,1.0,1e-04
0.0012728330912068486,1.0,1e-04
0.0011796850012615323,1.0,1e-04
0.0015916068805381656,1.0,1e-04
0.0013630861649289727,1.0,1e-04
0.0012715004850178957,1.0,1e-04
0.00147220806684345,1.0,1e-04
0.00123865797650069,1.0,1e-04
0.0014325345400720835,1.0,1e-04
0.0013952107401564717,1.0,1e-04
0.0013060669880360365,1.0,1e-04
0.001302278251387179,1.0,1e-04
0.001333484542556107,1.0,1e-04
0.0013158383080735803,1.0,1e-04
0.0013804084155708551,1.0,1e-04
0.0011415965855121613,1.0,1e-04
0.001235643052496016,1.0,1e-04
0.0012857578694820404,1.0,1e-04
0.0013059232151135802,1.0,1e-04
0.0011896173236891627,1.0,1e-04
0.0012335242936387658,1.0,1e-04
0.0012571219122037292,1.0,1e-04
0.0012749556917697191,1.0,1e-04
0.001296847709454596,1.0,1e-04
0.0012165162479504943,1.0,1e-04
0.0015405010199174285,1.0,1e-04
0.00106347119435668,1.0,1e-04
0.0012269619619473815,1.0,1e-04
0.00125651725102216,1.0,1e-04
0.001433800207450986,1.0,1e-04
0.0011127392062917352,1.0,1e-04
0.0011625182814896107,1.0,1e-04
0.0014073739293962717,1.0,1e-04
0.0012859549606218934,1.0,1e-04
0.0011699050664901733,1.0,1e-04
0.0010600172681733966,1.0,1e-04
0.0011137108085677028,1.0,1e-04
0.0010067068506032228,1.0,1e-04
0.0011849359143525362,1.0,1e-04
0.0011508635943755507,1.0,1e-04
0.0010719490237534046,1.0,1e-04
0.0011218251893296838,1.0,1e-04
0.0010104922112077475,1.0,1e-04
0.0010004673385992646,1.0,1e-04
0.0011197130661457777,1.0,1e-04
0.0010869713732972741,1.0,1e-04
0.0010082573862746358,1.0,1e-04
0.001041063223965466,1.0,1e-04
0.0009179054759442806,1.0,1e-04
0.0010546700796112418,1.0,1e-04
0.0009967475198209286,1.0,1e-04
0.0010515509638935328,1.0,1e-04
0.0011319369077682495,1.0,1e-04
0.0011508535826578736,1.0,1e-04
0.001134806196205318,1.0,1e-04
0.0011967573082074523,1.0,1e-04
0.0011189969955012202,1.0,1e-04
0.0010749705834314227,1.0,1e-04
0.0011041066609323025,1.0,1e-04
0.0012172043789178133,1.0,1e-04
0.001044736010953784,1.0,1e-04
0.0009994144784286618,1.0,1e-04
0.0010972830932587385,1.0,1e-04
0.0009673800086602569,1.0,1e-04
0.0009820018894970417,1.0,1e-04
0.0010832916013896465,1.0,1e-04
0.0010362019529566169,1.0,1e-04
0.0009930309606716037,1.0,1e-04
0.000941736507229507,1.0,1e-04
0.0011809914140030742,1.0,1e-04
0.0009591898415237665,1.0,1e-04
0.0010586302960291505,1.0,1e-04
0.0011342695215716958,1.0,1e-04
0.000958835706114769,1.0,1e-04
0.000992484507150948,1.0,1e-04
0.0009225141257047653,1.0,1e-04
0.0009225005633197725,1.0,1e-04
0.0010161112295463681,1.0,1e-04
0.0008560427231714129,1.0,1e-04
0.0009501141030341387,1.0,1e-04
0.0010334487305954099,1.0,1e-04
0.0010473846923559904,1.0,1e-04
0.0009382871794514358,1.0,1e-04
0.0009332773042842746,1.0,1e-04
0.000936147989705205,1.0,1e-04
0.0009070484084077179,1.0,1e-04
0.001079974346794188,1.0,1e-04
0.0008545893360860646,1.0,1e-04
0.000974729482550174,1.0,1e-04
0.0009130094549618661,1.0,1e-04
0.0008667558431625366,1.0,1e-04
0.0009994393913075328,1.0,1e-04
0.0009022068115882576,1.0,1e-04
0.0008710804395377636,1.0,1e-04
0.0009456600528210402,1.0,1e-04
0.0010213551577180624,1.0,1e-04
0.0010031737620010972,1.0,1e-04
0.0010446893284097314,1.0,1e-04
0.001040372415445745,1.0,1e-04
0.0009316197829321027,1.0,1e-04
0.0008020629757083952,1.0,1e-04
0.0009352810448035598,1.0,1e-04
0.0009151757694780827,1.0,1e-04
0.0008622831082902849,1.0,1e-04
0.0010145276319235563,1.0,1e-04
0.0009193751029670238,1.0,1e-04
0.0008807614212855697,1.0,1e-04
0.000950921094045043,1.0,1e-04
0.0009039654396474361,1.0,1e-04
0.0009106472134590149,1.0,1e-04
0.0007528238347731531,1.0,1e-04
0.0012354343198239803,1.0,1e-04
0.0009315392235293984,1.0,1e-04
0.0009018529672175646,1.0,1e-04
0.001008101855404675,1.0,1e-04
0.0009142586495727301,1.0,1e-04
0.0008477002265863121,1.0,1e-04
0.0007473364821635187,1.0,1e-04
0.0008689860696904361,1.0,1e-04
0.0009033813839778304,1.0,1e-04
0.0008030785247683525,1.0,1e-04
0.0008163108141161501,1.0,1e-04
0.0008325490634888411,1.0,1e-04
0.0009455371764488518,1.0,1e-04
0.001038776827044785,1.0,1e-04
0.0008619495201855898,1.0,1e-04
0.0009360216790810227,1.0,1e-04
0.0009846395114436746,1.0,1e-04
0.0008428713772445917,1.0,1e-04
0.0010215840302407742,1.0,1e-04
0.0007929541752673686,1.0,1e-04
0.0009518385049887002,1.0,1e-04
0.0009055425762198865,1.0,1e-04
0.0007747615454718471,1.0,1e-04
0.0008472489425912499,1.0,1e-04
0.0008819462964311242,1.0,1e-04
0.0008912134217098355,1.0,1e-04
0.0008381656953133643,1.0,1e-04
0.0007705422467552125,1.0,1e-04
0.0008805308607406914,1.0,1e-04
0.0008430223679170012,1.0,1e-04
0.00085382757242769,1.0,1e-04
0.0007530652219429612,1.0,1e-04
0.0008297537569887936,1.0,1e-04
0.0009418714907951653,1.0,1e-04
0.0008233439875766635,1.0,1e-04
0.0008014753111638129,1.0,1e-04
0.0007872688001953065,1.0,1e-04
0.0009037883137352765,1.0,1e-04
0.0007873863214626908,1.0,1e-04
0.0007487867260351777,1.0,1e-04
0.0007477825856767595,1.0,1e-04
0.0008335061720572412,1.0,1e-04
0.0007487137918360531,1.0,1e-04
0.0007676745881326497,1.0,1e-04
0.0008095240336842835,1.0,1e-04
0.0008300474146381021,1.0,1e-04
0.0007516093319281936,1.0,1e-04
0.0007660134579055011,1.0,1e-04
0.0007140611996874213,1.0,1e-04
0.0008375336765311658,1.0,1e-04
0.0008008109289221466,1.0,1e-04
0.0008576506515964866,1.0,1e-04
0.0007904453668743372,1.0,1e-04
0.0007719857385382056,1.0,1e-04
0.0008009012672118843,1.0,1e-04
0.0007937800837680697,1.0,1e-04
0.0006668816786259413,1.0,1e-04
0.0008316770545206964,1.0,1e-04
0.0008924638968892395,1.0,1e-04
0.0007183818961493671,1.0,1e-04
0.0007744036847725511,1.0,1e-04
0.000761286006309092,1.0,1e-04
0.0007245327578857541,1.0,1e-04
0.000721889256965369,1.0,1e-04
0.0008423502440564334,1.0,1e-04
0.0008777000475674868,1.0,1e-04
0.0006826159078627825,1.0,1e-04
0.0008228396181948483,1.0,1e-04
0.0008947807364165783,1.0,1e-04
0.0007106078555807471,1.0,1e-04
0.0007724046590737998,1.0,1e-04
0.0006697979988530278,1.0,1e-04
0.0007340660085901618,1.0,1e-04
0.0006757482187822461,1.0,1e-04
0.000634071824606508,1.0,1e-04
0.0007199589163064957,1.0,1e-04
0.0006659120554104447,1.0,1e-04
0.000820827903226018,1.0,1e-04
0.000864835805259645,1.0,1e-04
0.0010260682320222259,1.0,1e-04
0.0009052990935742855,1.0,1e-04
0.0006433013477362692,1.0,1e-04
0.0006818420952185988,1.0,1e-04
0.0007421218906529248,1.0,1e-04
0.0006671134615316987,1.0,1e-04
0.000829329015687108,1.0,1e-04
0.0007715476676821709,1.0,1e-04
0.0006626439280807972,1.0,1e-04
0.0006424749735742807,1.0,1e-04
0.0006925599882379174,1.0,1e-04
0.0007285887841135263,1.0,1e-04
0.0008331292774528265,1.0,1e-04
0.0007335522095672786,1.0,1e-04
0.0006562502821907401,1.0,1e-04
0.0006454672547988594,1.0,1e-04
0.0006590686971321702,1.0,1e-04
0.0007624447462148964,1.0,1e-04
0.0006375947850756347,1.0,1e-04
0.0007839312893338501,1.0,1e-04
0.0006918220315128565,1.0,1e-04
0.0006821486749686301,1.0,1e-04
0.0006772950291633606,1.0,1e-04
0.0006753606139682233,1.0,1e-04
0.0006961208418942988,1.0,1e-04
0.0006656528566963971,1.0,1e-04
0.000690419867169112,1.0,1e-04
0.0008315070299431682,1.0,1e-04
0.0006538017187267542,1.0,1e-04
0.0008583575254306197,1.0,1e-04
0.000663559534586966,1.0,1e-04
0.0006713418406434357,1.0,1e-04
0.0007191885379143059,1.0,1e-04
0.0006354246288537979,1.0,1e-04
0.0005886069848202169,1.0,1e-04
0.0006582718924619257,1.0,1e-04
0.0007537344354204834,1.0,1e-04
0.0006445328472182155,1.0,1e-04
0.0006661555380560458,1.0,1e-04
0.000674701645039022,1.0,1e-04
0.0006842649891041219,1.0,1e-04
0.0007080559153109789,1.0,1e-04
0.000630655325949192,1.0,1e-04
0.0006731834728270769,1.0,1e-04
0.0006239768117666245,1.0,1e-04
0.0007703161682002246,1.0,1e-04
0.0006683985120616853,1.0,1e-04
0.0007472192519344389,1.0,1e-04
0.0006227135309018195,1.0,1e-04
0.0006113494746387005,1.0,1e-04
0.0007121754460968077,1.0,1e-04
0.0005995729006826878,1.0,1e-04
0.0007262220606207848,1.0,1e-04
0.0007913606823422015,1.0,1e-04
0.0006825918680988252,1.0,1e-04
0.0006887852214276791,1.0,1e-04
0.0006628367118537426,1.0,1e-04
0.0005951203056611121,1.0,1e-04
0.0006557248416356742,1.0,1e-04
0.0006518642185255885,1.0,1e-04
0.0006636677426286042,1.0,1e-04
0.0006369897746481001,1.0,1e-04
0.0007140429806895554,1.0,1e-04
0.0006838664412498474,1.0,1e-04
0.0005904885474592447,1.0,1e-04
0.0006490477826446295,1.0,1e-04
0.0006326240254566073,1.0,1e-04
0.0007230948540382087,1.0,1e-04
0.0006353836506605148,1.0,1e-04
0.0007564873667433858,1.0,1e-04
0.0006344341672956944,1.0,1e-04
0.000725290272384882,1.0,1e-04
0.000729784369468689,1.0,1e-04
0.0007278635748662055,1.0,1e-04
0.000662792706862092,1.0,1e-04
0.0005317697650752962,1.0,1e-04
0.0006206739926710725,1.0,1e-04
0.0006454973481595516,1.0,1e-04
0.0006986004882492125,1.0,1e-04
0.0006643463275395334,1.0,1e-04
0.0007251899223774672,1.0,1e-04
0.0007275854004547,1.0,1e-04
0.0006107914377935231,1.0,1e-04
0.0006178446928970516,1.0,1e-04
0.0007171296747401357,1.0,1e-04
0.0005850241868756711,1.0,1e-04
0.0006695896736346185,1.0,1e-04
0.0006037742714397609,1.0,1e-04
0.0006206092075444758,1.0,1e-04
0.0006860618595965207,1.0,1e-04
0.0006447002524510026,1.0,1e-04
0.0005550326313823462,1.0,1e-04
0.0005717544117942452,1.0,1e-04
0.0005382157978601754,1.0,1e-04
0.0005857712822034955,1.0,1e-04
0.0006076606223359704,1.0,1e-04
0.0005924513679929078,1.0,1e-04
0.0006437376723624766,1.0,1e-04
0.0005437961081042886,1.0,1e-04
0.0006297016516327858,1.0,1e-04
0.0005840924568474293,1.0,1e-04
0.0005663299816660583,1.0,1e-04
