loss,accuracy,lr
2.187500238418579,0.2794871926307678,0.001
1.5510215759277344,0.6051282286643982,0.001
1.1962724924087524,0.6871795058250427,0.001
1.007045865058899,0.7256410121917725,0.001
0.8529491424560547,0.7743589878082275,0.001
0.7496674656867981,0.7923076748847961,0.001
0.667032778263092,0.7974358797073364,0.001
0.5943772792816162,0.8538461327552795,0.001
0.5487599968910217,0.8641025424003601,0.001
0.46751832962036133,0.8846153616905212,0.001
0.43194904923439026,0.879487156867981,0.001
0.42498621344566345,0.9025641083717346,0.001
0.38244906067848206,0.9051281809806824,0.001
0.35809990763664246,0.9205127954483032,0.001
0.31313830614089966,0.9307692050933838,0.001
0.2630537450313568,0.9435897469520569,0.001
0.2548072040081024,0.9435897469520569,0.001
0.27409878373146057,0.928205132484436,0.001
0.2658385932445526,0.9333333373069763,0.001
0.24102163314819336,0.9512820243835449,0.001
0.18290948867797852,0.9743589758872986,0.001
0.22051286697387695,0.9589743614196777,0.001
0.22214296460151672,0.9410256147384644,0.001
0.19639086723327637,0.9615384340286255,0.001
0.17843209207057953,0.9666666388511658,0.001
0.1746102124452591,0.9589743614196777,0.001
0.1273287534713745,0.9846153855323792,0.001
0.11412413418292999,0.9743589758872986,0.001
0.09899970144033432,0.9846153855323792,0.001
0.09936539083719254,0.9846153855323792,0.001
0.17485596239566803,0.9512820243835449,0.001
0.13267281651496887,0.9794871807098389,0.001
0.15833836793899536,0.971794843673706,0.001
0.1592608094215393,0.9512820243835449,0.001
0.17401647567749023,0.9666666388511658,0.001
0.13001282513141632,0.9794871807098389,0.001
0.1576547622680664,0.9794871807098389,0.001
0.1072789803147316,0.9794871807098389,0.001
0.08252471685409546,0.9846153855323792,0.001
0.15862976014614105,0.9615384340286255,0.001
0.11623693257570267,0.9820512533187866,0.001
0.08763313293457031,0.9769230484962463,0.001
0.05803973972797394,0.9923076629638672,0.001
0.05218524858355522,1.0,0.001
0.05080535262823105,0.9974358677864075,0.001
0.053022634238004684,0.9923076629638672,0.001
0.19541729986667633,0.9487179517745972,0.001
0.1808900237083435,0.9538461565971375,0.001
0.1210680827498436,0.971794843673706,0.001
0.08490712195634842,0.9871794581413269,0.001
0.06938710808753967,0.9846153855323792,0.001
0.15338891744613647,0.971794843673706,0.001
0.1387045979499817,0.971794843673706,0.001
0.09640487283468246,0.9871794581413269,0.001
0.06876255571842194,0.9846153855323792,0.001
0.05123843997716904,0.9871794581413269,0.00020000001
0.03228939324617386,0.9948717951774597,0.00020000001
0.03212105855345726,1.0,0.00020000001
0.034891705960035324,1.0,0.00020000001
0.020409423857927322,1.0,0.00020000001
0.019485143944621086,1.0,0.00020000001
0.01954510062932968,1.0,0.00020000001
0.018946679309010506,1.0,0.00020000001
0.018965601921081543,1.0,0.00020000001
0.018246859312057495,0.9974358677864075,0.00020000001
0.02650408446788788,0.9974358677864075,0.00020000001
0.01794563978910446,1.0,0.00020000001
0.021744199097156525,1.0,0.00020000001
0.016321469098329544,1.0,0.00020000001
0.014768014661967754,1.0,0.00020000001
0.014426160603761673,1.0,0.00020000001
0.0169252660125494,1.0,0.00020000001
0.01628180965781212,1.0,0.00020000001
0.013127585873007774,1.0,0.00020000001
0.013112169690430164,1.0,0.00020000001
0.01384185254573822,1.0,0.00020000001
0.01146524865180254,1.0,0.00020000001
0.01149406936019659,1.0,0.00020000001
0.012364322319626808,1.0,0.00020000001
0.013300790451467037,0.9974358677864075,0.00020000001
0.014665268361568451,1.0,0.00020000001
0.016403542831540108,0.9974358677864075,0.00020000001
0.010736024007201195,1.0,0.00020000001
0.016130033880472183,0.9974358677864075,0.00020000001
0.014354845508933067,1.0,0.00020000001
0.019552776589989662,1.0,0.00020000001
0.013985900208353996,0.9974358677864075,0.00020000001
0.013663982972502708,1.0,0.00020000001
0.022674523293972015,0.9948717951774597,0.00020000001
0.016316205263137817,1.0,0.00020000001
0.013592785224318504,1.0,0.00020000001
0.011060920543968678,1.0,0.00020000001
0.02154611423611641,0.9948717951774597,0.00020000001
0.010755844414234161,1.0,1e-04
0.01278905663639307,1.0,1e-04
0.010441640391945839,1.0,1e-04
0.012850945815443993,1.0,1e-04
0.013478506356477737,0.9974358677864075,1e-04
0.010728604160249233,1.0,1e-04
0.012168381363153458,1.0,1e-04
0.009412218816578388,1.0,1e-04
0.011099163442850113,1.0,1e-04
0.009697471745312214,1.0,1e-04
0.01024231780320406,1.0,1e-04
0.01190479937940836,0.9974358677864075,1e-04
0.015018404461443424,1.0,1e-04
0.012000893242657185,1.0,1e-04
0.012266210280358791,1.0,1e-04
0.00803955178707838,1.0,1e-04
0.00859859399497509,1.0,1e-04
0.011245532892644405,1.0,1e-04
0.007255159318447113,1.0,1e-04
0.012561249546706676,0.9974358677864075,1e-04
0.008968048729002476,1.0,1e-04
0.010336433537304401,1.0,1e-04
0.009097722359001637,1.0,1e-04
0.009412266314029694,1.0,1e-04
0.012711971066892147,1.0,1e-04
0.009387572295963764,1.0,1e-04
0.010291016660630703,1.0,1e-04
0.009359867312014103,1.0,1e-04
0.010090569965541363,1.0,1e-04
0.010960171930491924,0.9974358677864075,1e-04
0.012026454322040081,0.9974358677864075,1e-04
0.009785697795450687,1.0,1e-04
0.011012867093086243,1.0,1e-04
0.00794938299804926,1.0,1e-04
0.00690471800044179,1.0,1e-04
0.008465861901640892,1.0,1e-04
0.008771000429987907,1.0,1e-04
0.007134885061532259,1.0,1e-04
0.009842035360634327,1.0,1e-04
0.00815584696829319,1.0,1e-04
0.010319032706320286,1.0,1e-04
0.0078999949619174,1.0,1e-04
0.00943924393504858,1.0,1e-04
0.010200468823313713,0.9974358677864075,1e-04
0.006392854731529951,1.0,1e-04
0.008646161295473576,1.0,1e-04
0.007612082175910473,1.0,1e-04
0.012482150457799435,1.0,1e-04
0.008954855613410473,1.0,1e-04
0.007887784391641617,1.0,1e-04
0.008053680881857872,1.0,1e-04
0.009208275936543941,1.0,1e-04
0.006464511156082153,1.0,1e-04
0.006814952939748764,1.0,1e-04
0.005727863404899836,1.0,1e-04
0.009247812442481518,0.9974358677864075,1e-04
0.006597619969397783,1.0,1e-04
0.0071297683753073215,1.0,1e-04
0.008839516900479794,0.9974358677864075,1e-04
0.006448638159781694,1.0,1e-04
0.0074682156555354595,1.0,1e-04
0.006829423364251852,1.0,1e-04
0.009777756407856941,1.0,1e-04
0.0059356773272156715,1.0,1e-04
0.00656129838898778,1.0,1e-04
0.007087751757353544,1.0,1e-04
0.007983165793120861,1.0,1e-04
0.007545197382569313,1.0,1e-04
0.013070821762084961,1.0,1e-04
0.006137597840279341,1.0,1e-04
0.007418009452521801,1.0,1e-04
0.006672481540590525,1.0,1e-04
0.0058548725210130215,1.0,1e-04
0.006089194677770138,1.0,1e-04
0.005576866213232279,1.0,1e-04
0.007242901716381311,1.0,1e-04
0.006662388332188129,1.0,1e-04
0.007402210496366024,1.0,1e-04
0.004905381705611944,1.0,1e-04
0.0076937307603657246,1.0,1e-04
0.005147947464138269,1.0,1e-04
0.006410899106413126,1.0,1e-04
0.006046872120350599,1.0,1e-04
0.006766004953533411,1.0,1e-04
0.008112074807286263,1.0,1e-04
0.005316036753356457,1.0,1e-04
0.006064354907721281,1.0,1e-04
0.004799687769263983,1.0,1e-04
0.009963169693946838,1.0,1e-04
0.006104502826929092,1.0,1e-04
0.006565213669091463,1.0,1e-04
0.008743194863200188,1.0,1e-04
0.009373401291668415,0.9974358677864075,1e-04
0.013766770251095295,0.9974358677864075,1e-04
0.0058404672890901566,1.0,1e-04
0.0057250275276601315,1.0,1e-04
0.011080875992774963,0.9974358677864075,1e-04
0.0071352082304656506,1.0,1e-04
0.0067224507220089436,1.0,1e-04
0.006549654062837362,1.0,1e-04
0.006226367317140102,1.0,1e-04
0.007112771272659302,0.9974358677864075,1e-04
0.009733814746141434,1.0,1e-04
0.01152513176202774,1.0,1e-04
0.006908067502081394,1.0,1e-04
0.01184204500168562,0.9974358677864075,1e-04
0.00708699831739068,1.0,1e-04
0.008331818506121635,1.0,1e-04
0.007725604344159365,1.0,1e-04
0.006091945804655552,1.0,1e-04
0.00690830685198307,1.0,1e-04
0.009690563194453716,0.9974358677864075,1e-04
0.006979408673942089,1.0,1e-04
0.006563771050423384,1.0,1e-04
0.0072054388001561165,1.0,1e-04
0.00617051450535655,1.0,1e-04
0.007384945172816515,1.0,1e-04
0.009295155294239521,1.0,1e-04
0.006520691327750683,1.0,1e-04
0.004884375259280205,1.0,1e-04
0.004955701529979706,1.0,1e-04
0.004851744510233402,1.0,1e-04
0.005362979136407375,1.0,1e-04
0.005867329426109791,1.0,1e-04
0.004339536186307669,1.0,1e-04
0.004433426074683666,1.0,1e-04
0.005803489126265049,1.0,1e-04
0.007739122025668621,1.0,1e-04
0.0073437802493572235,1.0,1e-04
0.009311854839324951,1.0,1e-04
0.0082080764696002,1.0,1e-04
0.00528804212808609,1.0,1e-04
0.0041181412525475025,1.0,1e-04
0.0050001139752566814,1.0,1e-04
0.0056495945900678635,1.0,1e-04
0.003965289797633886,1.0,1e-04
0.004374819342046976,1.0,1e-04
0.00630140257999301,1.0,1e-04
0.007618669420480728,1.0,1e-04
0.004124529659748077,1.0,1e-04
0.004794002044945955,1.0,1e-04
0.005566663108766079,1.0,1e-04
0.005734443198889494,1.0,1e-04
0.005769994109869003,1.0,1e-04
0.005378078203648329,1.0,1e-04
0.005065299104899168,1.0,1e-04
0.008367653004825115,1.0,1e-04
0.00570050161331892,1.0,1e-04
0.006914493162184954,1.0,1e-04
0.005282195284962654,1.0,1e-04
0.004118885844945908,1.0,1e-04
0.005436294712126255,1.0,1e-04
0.004456827417016029,1.0,1e-04
0.005091244354844093,1.0,1e-04
0.005176538601517677,1.0,1e-04
0.004101970233023167,1.0,1e-04
0.004596286453306675,1.0,1e-04
0.004396049305796623,1.0,1e-04
0.0034855869598686695,1.0,1e-04
0.004006556700915098,1.0,1e-04
0.003726385300979018,1.0,1e-04
0.00398501381278038,1.0,1e-04
0.004022163804620504,1.0,1e-04
0.004073888063430786,1.0,1e-04
0.004348707385361195,1.0,1e-04
0.004013329744338989,1.0,1e-04
0.004925603047013283,1.0,1e-04
0.0034159859642386436,1.0,1e-04
0.003192643402144313,1.0,1e-04
0.003574988804757595,1.0,1e-04
0.003204634180292487,1.0,1e-04
0.0028606781270354986,1.0,1e-04
0.003083771327510476,1.0,1e-04
0.0033413467463105917,1.0,1e-04
0.003730787429958582,1.0,1e-04
0.0031304594594985247,1.0,1e-04
0.004950049798935652,1.0,1e-04
0.003392657497897744,1.0,1e-04
0.0068188938312232494,1.0,1e-04
0.003370702965185046,1.0,1e-04
0.00351044163107872,1.0,1e-04
0.003998308442533016,1.0,1e-04
0.0029509938322007656,1.0,1e-04
0.0029453663155436516,1.0,1e-04
0.002385225147008896,1.0,1e-04
0.004535821732133627,1.0,1e-04
0.003251340240240097,1.0,1e-04
0.0032558415550738573,1.0,1e-04
0.0030534211546182632,1.0,1e-04
0.0025090454146265984,1.0,1e-04
0.0024801972322165966,1.0,1e-04
0.0032674612011760473,1.0,1e-04
0.0025227193254977465,1.0,1e-04
0.0035435555037111044,1.0,1e-04
0.0027183741331100464,1.0,1e-04
0.0027285562828183174,1.0,1e-04
0.0032951508183032274,1.0,1e-04
0.0028414358384907246,1.0,1e-04
0.00359916128218174,1.0,1e-04
0.0057785967364907265,1.0,1e-04
0.003295222297310829,1.0,1e-04
0.0032012206502258778,1.0,1e-04
0.0028654143679887056,1.0,1e-04
0.0031439652666449547,1.0,1e-04
0.0028279386460781097,1.0,1e-04
0.0024981920141726732,1.0,1e-04
0.0028431364335119724,1.0,1e-04
0.00420452281832695,1.0,1e-04
0.0030808751471340656,1.0,1e-04
0.0027805196586996317,1.0,1e-04
0.0025396065320819616,1.0,1e-04
0.006130923982709646,0.9974358677864075,1e-04
0.00548564363270998,1.0,1e-04
0.005524200852960348,1.0,1e-04
0.006265290081501007,1.0,1e-04
0.00592478783801198,1.0,1e-04
0.0056350999511778355,1.0,1e-04
0.0035883989185094833,1.0,1e-04
0.0044258963316679,1.0,1e-04
0.004627569112926722,1.0,1e-04
0.004659551195800304,1.0,1e-04
0.0044237119145691395,1.0,1e-04
0.006228937767446041,1.0,1e-04
0.007674668449908495,0.9974358677864075,1e-04
0.008010038174688816,1.0,1e-04
0.012921642512083054,0.9974358677864075,1e-04
0.008592350408434868,1.0,1e-04
0.004160983953624964,1.0,1e-04
0.003053868655115366,1.0,1e-04
0.0033420503605157137,1.0,1e-04
0.004393387585878372,1.0,1e-04
0.004681448917835951,1.0,1e-04
0.0052593182772397995,1.0,1e-04
0.0042382534593343735,1.0,1e-04
0.004175759386271238,1.0,1e-04
0.003208683803677559,1.0,1e-04
0.003738813102245331,1.0,1e-04
0.005071600433439016,1.0,1e-04
0.004494823981076479,1.0,1e-04
0.0036388603039085865,1.0,1e-04
0.0036354863550513983,1.0,1e-04
0.004710953216999769,1.0,1e-04
0.002807455137372017,1.0,1e-04
0.004572275560349226,1.0,1e-04
0.005161527078598738,1.0,1e-04
0.012170488014817238,0.9974358677864075,1e-04
0.02748001739382744,0.9948717951774597,1e-04
0.029635820537805557,0.9923076629638672,1e-04
0.0058323051780462265,1.0,1e-04
0.013067374937236309,0.9974358677864075,1e-04
0.008486188016831875,1.0,1e-04
0.012817512266337872,0.9974358677864075,1e-04
0.007464144378900528,1.0,1e-04
0.005267192143946886,1.0,1e-04
0.008057155646383762,1.0,1e-04
0.005834151059389114,1.0,1e-04
0.004772210028022528,1.0,1e-04
0.003962933551520109,1.0,1e-04
0.003910045139491558,1.0,1e-04
0.005490615498274565,1.0,1e-04
0.0033763102255761623,1.0,1e-04
0.003253097413107753,1.0,1e-04
0.005934197921305895,1.0,1e-04
0.004185113590210676,1.0,1e-04
0.00838427897542715,1.0,1e-04
0.004430265165865421,1.0,1e-04
0.00327492319047451,1.0,1e-04
0.016215359792113304,0.9948717951774597,1e-04
0.00808376632630825,0.9974358677864075,1e-04
0.008928895927965641,1.0,1e-04
0.009268095716834068,1.0,1e-04
0.006038404069840908,1.0,1e-04
0.005154715850949287,1.0,1e-04
0.00439731078222394,1.0,1e-04
0.004160943906754255,1.0,1e-04
0.009054712951183319,0.9974358677864075,1e-04
0.005275423638522625,1.0,1e-04
0.012891756370663643,0.9948717951774597,1e-04
0.009702557697892189,0.9974358677864075,1e-04
0.028951631858944893,0.9948717951774597,1e-04
0.007886686362326145,1.0,1e-04
0.008175177499651909,1.0,1e-04
0.005763613153249025,1.0,1e-04
0.007225289940834045,1.0,1e-04
0.004819858819246292,1.0,1e-04
0.00300253345631063,1.0,1e-04
0.004076617304235697,1.0,1e-04
0.004541662521660328,1.0,1e-04
0.003573652356863022,1.0,1e-04
0.005026575177907944,1.0,1e-04
0.007451856974512339,1.0,1e-04
0.005258161574602127,1.0,1e-04
0.012531253509223461,0.9974358677864075,1e-04
0.004498133901506662,1.0,1e-04
0.005620416719466448,1.0,1e-04
0.007696345914155245,0.9974358677864075,1e-04
0.0034399910364300013,1.0,1e-04
0.004621834959834814,1.0,1e-04
0.005177546292543411,1.0,1e-04
0.0033735474571585655,1.0,1e-04
0.0030906216707080603,1.0,1e-04
0.004376641940325499,1.0,1e-04
0.002707774518057704,1.0,1e-04
0.003865577280521393,1.0,1e-04
0.0029402778018265963,1.0,1e-04
0.002836198778823018,1.0,1e-04
0.004519590176641941,1.0,1e-04
0.002982734702527523,1.0,1e-04
0.003500706981867552,1.0,1e-04
0.0024689671117812395,1.0,1e-04
0.006267791148275137,1.0,1e-04
0.005302298814058304,1.0,1e-04
0.007159516680985689,0.9974358677864075,1e-04
0.003013499081134796,1.0,1e-04
0.0020544305443763733,1.0,1e-04
0.0027631677221506834,1.0,1e-04
0.0028777513653039932,1.0,1e-04
0.002693489659577608,1.0,1e-04
0.0024016350507736206,1.0,1e-04
0.002646812004968524,1.0,1e-04
0.0019099178025498986,1.0,1e-04
0.003189835697412491,1.0,1e-04
0.0020568377804011106,1.0,1e-04
0.003777521662414074,1.0,1e-04
0.0027395186480134726,1.0,1e-04
0.004095457959920168,1.0,1e-04
0.0019182497635483742,1.0,1e-04
0.0026452525053173304,1.0,1e-04
0.002171651227399707,1.0,1e-04
0.002386950422078371,1.0,1e-04
0.0035785757936537266,1.0,1e-04
0.0018519379664212465,1.0,1e-04
0.0036114261019974947,1.0,1e-04
0.006184177007526159,1.0,1e-04
0.005204835906624794,1.0,1e-04
0.007814484648406506,0.9974358677864075,1e-04
0.004121333360671997,1.0,1e-04
0.004164936486631632,1.0,1e-04
0.0033042177092283964,1.0,1e-04
0.0026510481256991625,1.0,1e-04
0.0020912857726216316,1.0,1e-04
0.0024632008280605078,1.0,1e-04
0.0022766951005905867,1.0,1e-04
0.002026456408202648,1.0,1e-04
0.003996942657977343,1.0,1e-04
0.005254997406154871,0.9974358677864075,1e-04
0.0030945888720452785,1.0,1e-04
0.003183955792337656,1.0,1e-04
0.0035984322894364595,1.0,1e-04
0.0028357047121971846,1.0,1e-04
0.0043485648930072784,1.0,1e-04
0.002481289906427264,1.0,1e-04
0.003201012033969164,1.0,1e-04
0.005576574709266424,1.0,1e-04
0.015661712735891342,0.9948717951774597,1e-04
0.004253259859979153,1.0,1e-04
0.004097894299775362,1.0,1e-04
0.0033348186407238245,1.0,1e-04
0.002442076336592436,1.0,1e-04
0.001619285554625094,1.0,1e-04
0.00287120440043509,1.0,1e-04
0.0025043615605682135,1.0,1e-04
0.0021613696590065956,1.0,1e-04
0.0022605156991630793,1.0,1e-04
0.002366497879847884,1.0,1e-04
0.0017358779441565275,1.0,1e-04
0.0024390665348619223,1.0,1e-04
0.0017978714313358068,1.0,1e-04
0.001968333963304758,1.0,1e-04
0.004058930091559887,1.0,1e-04
0.0038135689683258533,1.0,1e-04
0.006318606901913881,1.0,1e-04
0.0033230078406631947,1.0,1e-04
0.0030153158586472273,1.0,1e-04
0.00829486083239317,1.0,1e-04
0.0031483147758990526,1.0,1e-04
0.0017537673702463508,1.0,1e-04
0.002410631626844406,1.0,1e-04
0.0017202409217134118,1.0,1e-04
0.0018645254895091057,1.0,1e-04
0.0018092964310199022,1.0,1e-04
0.004485761281102896,1.0,1e-04
0.002466666279360652,1.0,1e-04
0.0029721648897975683,1.0,1e-04
0.0032060721423476934,1.0,1e-04
0.003536396659910679,1.0,1e-04
0.002069845562800765,1.0,1e-04
0.002084663836285472,1.0,1e-04
0.002164143370464444,1.0,1e-04
0.002187162870541215,1.0,1e-04
0.002371267881244421,1.0,1e-04
0.0019339375430718064,1.0,1e-04
0.0022324074525386095,1.0,1e-04
0.0016801757737994194,1.0,1e-04
0.002770488616079092,1.0,1e-04
0.0022578774951398373,1.0,1e-04
0.003139040432870388,1.0,1e-04
0.002702036639675498,1.0,1e-04
0.005358499940484762,1.0,1e-04
0.0031265842262655497,1.0,1e-04
0.004663052503019571,1.0,1e-04
0.005158334970474243,1.0,1e-04
0.0021256860345602036,1.0,1e-04
0.0025879524182528257,1.0,1e-04
0.0035369780380278826,1.0,1e-04
0.002683123340830207,1.0,1e-04
0.004255743697285652,1.0,1e-04
0.0041029867716133595,1.0,1e-04
0.002517004730179906,1.0,1e-04
0.003482096828520298,1.0,1e-04
0.0023274722043424845,1.0,1e-04
0.0016617492074146867,1.0,1e-04
0.0019152916502207518,1.0,1e-04
0.0017122143181040883,1.0,1e-04
0.0018372373888269067,1.0,1e-04
0.0035334103740751743,1.0,1e-04
0.005766738206148148,0.9974358677864075,1e-04
0.0022740329150110483,1.0,1e-04
0.002796643879264593,1.0,1e-04
0.0016257786191999912,1.0,1e-04
0.001753139542415738,1.0,1e-04
0.0015418099937960505,1.0,1e-04
0.0015911944210529327,1.0,1e-04
0.0013440358452498913,1.0,1e-04
0.002046749461442232,1.0,1e-04
0.0014328922843560576,1.0,1e-04
0.004115565214306116,1.0,1e-04
0.0016494920710101724,1.0,1e-04
0.0023767261300235987,1.0,1e-04
0.004456361755728722,1.0,1e-04
0.0023960371036082506,1.0,1e-04
0.0013362182071432471,1.0,1e-04
0.0019798683933913708,1.0,1e-04
0.0020822747610509396,1.0,1e-04
0.002252248814329505,1.0,1e-04
0.0016719860723242164,1.0,1e-04
0.0022088647820055485,1.0,1e-04
0.0017954454524442554,1.0,1e-04
0.0013461761409416795,1.0,1e-04
0.0017610260983929038,1.0,1e-04
0.0016799403820186853,1.0,1e-04
0.002240349305793643,1.0,1e-04
0.0018700654618442059,1.0,1e-04
0.003109759883955121,1.0,1e-04
0.0015329922316595912,1.0,1e-04
0.0019237957894802094,1.0,1e-04
0.0018112625693902373,1.0,1e-04
0.0023637586273252964,1.0,1e-04
0.0027557783760130405,1.0,1e-04
0.0016197586664929986,1.0,1e-04
0.0020570438355207443,1.0,1e-04
0.002148654777556658,1.0,1e-04
0.0013814411358907819,1.0,1e-04
0.002105963882058859,1.0,1e-04
0.0015336954966187477,1.0,1e-04
0.0014707784866914153,1.0,1e-04
0.005205829162150621,1.0,1e-04
0.0018753571202978492,1.0,1e-04
0.0029946842696517706,1.0,1e-04
0.00287264259532094,1.0,1e-04
0.002239548834040761,1.0,1e-04
0.0016830465756356716,1.0,1e-04
0.0018033940577879548,1.0,1e-04
0.0016481177881360054,1.0,1e-04
0.002100478857755661,1.0,1e-04
0.0033798415679484606,1.0,1e-04
0.0019236626103520393,1.0,1e-04
0.0023547583259642124,1.0,1e-04
0.002558866748586297,1.0,1e-04
0.0017392943846061826,1.0,1e-04
0.0018415821250528097,1.0,1e-04
0.0018228411208838224,1.0,1e-04
0.00175252475310117,1.0,1e-04
0.0016916104359552264,1.0,1e-04
0.0010260017588734627,1.0,1e-04
0.008005185052752495,0.9974358677864075,1e-04
0.0025096163153648376,1.0,1e-04
0.006873453501611948,0.9974358677864075,1e-04
0.0025252257473766804,1.0,1e-04
0.0023969493340700865,1.0,1e-04
0.0016996454214677215,1.0,1e-04
0.0021537893917411566,1.0,1e-04
0.0014084104914218187,1.0,1e-04
0.001443415996618569,1.0,1e-04
0.0017956886440515518,1.0,1e-04
0.0016780378064140677,1.0,1e-04
0.006213302258402109,1.0,1e-04
0.0023795205634087324,1.0,1e-04
0.004193791653960943,1.0,1e-04
0.0031823504250496626,1.0,1e-04
0.002604047069326043,1.0,1e-04
0.004037220496684313,1.0,1e-04
0.007469018455594778,1.0,1e-04
0.0033950686920434237,1.0,1e-04
0.004567871801555157,1.0,1e-04
0.003193540731444955,1.0,1e-04
0.003545870305970311,1.0,1e-04
0.003692199708893895,1.0,1e-04
0.002282503992319107,1.0,1e-04
0.0023207697086036205,1.0,1e-04
0.0016297264955937862,1.0,1e-04
0.0016219582175835967,1.0,1e-04
0.0017096303636208177,1.0,1e-04
0.0031856291461735964,1.0,1e-04
0.002590030198916793,1.0,1e-04
0.0020667649805545807,1.0,1e-04
0.0021971387322992086,1.0,1e-04
0.002115633338689804,1.0,1e-04
0.0021439020056277514,1.0,1e-04
0.0016398689476773143,1.0,1e-04
0.001986590912565589,1.0,1e-04
0.0022919373586773872,1.0,1e-04
0.001373609178699553,1.0,1e-04
0.0018801669357344508,1.0,1e-04
0.001883125863969326,1.0,1e-04
0.0015955492854118347,1.0,1e-04
0.001065347227267921,1.0,1e-04
0.0012481177691370249,1.0,1e-04
0.0012004324235022068,1.0,1e-04
0.001984074478968978,1.0,1e-04
0.0056050559505820274,0.9974358677864075,1e-04
0.0013480124762281775,1.0,1e-04
0.001365348813124001,1.0,1e-04
0.001802415237762034,1.0,1e-04
0.002141064265742898,1.0,1e-04
0.0017953449860215187,1.0,1e-04
0.0016580616356804967,1.0,1e-04
0.0012317592045292258,1.0,1e-04
0.005526208784431219,1.0,1e-04
0.0025560923386365175,1.0,1e-04
0.0028103680815547705,1.0,1e-04
0.002820537891238928,1.0,1e-04
0.002437114017084241,1.0,1e-04
0.005641513504087925,0.9974358677864075,1e-04
0.008763755671679974,1.0,1e-04
0.006768816150724888,0.9974358677864075,1e-04
0.008230481296777725,0.9974358677864075,1e-04
0.004468810744583607,1.0,1e-04
0.005192279350012541,1.0,1e-04
0.006802740506827831,1.0,1e-04
0.0032378348987549543,1.0,1e-04
0.0019265622831881046,1.0,1e-04
0.002401369623839855,1.0,1e-04
0.004627026617527008,0.9974358677864075,1e-04
0.007329575717449188,0.9974358677864075,1e-04
0.013429231010377407,0.9974358677864075,1e-04
0.008922857232391834,1.0,1e-04
0.009355002082884312,1.0,1e-04
0.004381220322102308,1.0,1e-04
0.004134566523134708,1.0,1e-04
0.002506883814930916,1.0,1e-04
0.0020561523269861937,1.0,1e-04
0.004936132580041885,1.0,1e-04
0.0021358542144298553,1.0,1e-04
0.0020098532550036907,1.0,1e-04
0.0038784057833254337,1.0,1e-04
0.0060229068621993065,0.9974358677864075,1e-04
0.0056663318537175655,0.9974358677864075,1e-04
0.0018258689669892192,1.0,1e-04
0.0018585969228297472,1.0,1e-04
0.006012434605509043,1.0,1e-04
0.003702037036418915,1.0,1e-04
0.003752702847123146,1.0,1e-04
0.0019627222791314125,1.0,1e-04
0.001632522908039391,1.0,1e-04
0.0013540128711611032,1.0,1e-04
0.001610026927664876,1.0,1e-04
0.0016417806036770344,1.0,1e-04
0.0013207262381911278,1.0,1e-04
0.0014624296454712749,1.0,1e-04
0.0015928423963487148,1.0,1e-04
0.0013778102584183216,1.0,1e-04
0.001493887510150671,1.0,1e-04
0.0015320552047342062,1.0,1e-04
0.0017615279648452997,1.0,1e-04
0.0022603266406804323,1.0,1e-04
0.0013501758221536875,1.0,1e-04
0.002417037496343255,1.0,1e-04
0.0032871668227016926,1.0,1e-04
0.0014923005364835262,1.0,1e-04
0.001365568721666932,1.0,1e-04
0.0012332566548138857,1.0,1e-04
0.0018198484322056174,1.0,1e-04
0.0010319830616936088,1.0,1e-04
0.001486673136241734,1.0,1e-04
0.0015237570041790605,1.0,1e-04
0.001021439558826387,1.0,1e-04
0.001465045614168048,1.0,1e-04
0.0014348899712786078,1.0,1e-04
0.0016110817668959498,1.0,1e-04
0.0015710880979895592,1.0,1e-04
0.0010733628878369927,1.0,1e-04
0.0011673375265672803,1.0,1e-04
0.00126696249935776,1.0,1e-04
0.008799820207059383,0.9974358677864075,1e-04
0.0038835087325423956,1.0,1e-04
0.00716484896838665,1.0,1e-04
0.004043141379952431,1.0,1e-04
0.0023684771731495857,1.0,1e-04
0.0019743063021451235,1.0,1e-04
0.0019716231618076563,1.0,1e-04
0.0015501603484153748,1.0,1e-04
0.001974174752831459,1.0,1e-04
0.0013698769034817815,1.0,1e-04
0.0014096517115831375,1.0,1e-04
0.0014932572375983,1.0,1e-04
0.0015380254480987787,1.0,1e-04
0.0014053592458367348,1.0,1e-04
0.002335325349122286,1.0,1e-04
0.0014976590173318982,1.0,1e-04
0.002436117734760046,1.0,1e-04
0.0016871176194399595,1.0,1e-04
0.00126766471657902,1.0,1e-04
0.0012425772147253156,1.0,1e-04
0.0012514108093455434,1.0,1e-04
0.0024891437496989965,1.0,1e-04
0.0014763070503249764,1.0,1e-04
0.0020545029547065496,1.0,1e-04
0.001993994228541851,1.0,1e-04
0.0012567549711093307,1.0,1e-04
0.001280999626033008,1.0,1e-04
0.0015532663092017174,1.0,1e-04
0.0009555239812470973,1.0,1e-04
0.0023114788345992565,1.0,1e-04
0.00812146719545126,0.9974358677864075,1e-04
0.0030844600405544043,1.0,1e-04
0.015672583132982254,0.9948717951774597,1e-04
0.006531551014631987,1.0,1e-04
0.007674199528992176,0.9974358677864075,1e-04
0.005183412693440914,1.0,1e-04
0.0030289399437606335,1.0,1e-04
0.0052392855286598206,1.0,1e-04
0.002487021265551448,1.0,1e-04
0.003517352044582367,1.0,1e-04
0.001726133981719613,1.0,1e-04
0.0019598188810050488,1.0,1e-04
0.0013816009741276503,1.0,1e-04
0.002397152129560709,1.0,1e-04
0.0022093330044299364,1.0,1e-04
0.002570643788203597,1.0,1e-04
0.0020275197457522154,1.0,1e-04
0.008645791560411453,0.9974358677864075,1e-04
0.0029859812930226326,1.0,1e-04
0.004678400699049234,1.0,1e-04
0.013878004625439644,0.9948717951774597,1e-04
0.004405484069138765,1.0,1e-04
0.010798046365380287,0.9974358677864075,1e-04
0.0031108895782381296,1.0,1e-04
0.0038734066765755415,1.0,1e-04
0.00846101064234972,0.9974358677864075,1e-04
0.004384798929095268,1.0,1e-04
0.006465902552008629,1.0,1e-04
0.004175459500402212,1.0,1e-04
0.00487588020041585,1.0,1e-04
0.0031541846692562103,1.0,1e-04
0.002274191239848733,1.0,1e-04
0.003715422237291932,1.0,1e-04
0.002477511763572693,1.0,1e-04
0.002694359514862299,1.0,1e-04
0.0025713779032230377,1.0,1e-04
0.0028753194492310286,1.0,1e-04
0.0027294813189655542,1.0,1e-04
0.003813798539340496,1.0,1e-04
0.0021805239375680685,1.0,1e-04
0.003909524995833635,1.0,1e-04
0.00212953076697886,1.0,1e-04
0.0020708453375846148,1.0,1e-04
0.0016528676496818662,1.0,1e-04
0.0016989662544801831,1.0,1e-04
0.001715195132419467,1.0,1e-04
0.0013776293490082026,1.0,1e-04
0.0017171736108139157,1.0,1e-04
0.0013381042517721653,1.0,1e-04
0.001854555681347847,1.0,1e-04
0.0015103031182661653,1.0,1e-04
0.0015137395821511745,1.0,1e-04
0.0012155788717791438,1.0,1e-04
0.00303353532217443,1.0,1e-04
0.0024265949614346027,1.0,1e-04
0.002250646473839879,1.0,1e-04
0.005759718362241983,1.0,1e-04
0.0019992077723145485,1.0,1e-04
0.0016086067771539092,1.0,1e-04
0.001125888666138053,1.0,1e-04
0.0018505883635953069,1.0,1e-04
0.0018756623612716794,1.0,1e-04
0.002619825303554535,1.0,1e-04
0.006933220662176609,0.9974358677864075,1e-04
0.0023020810913294554,1.0,1e-04
0.0030593755654990673,1.0,1e-04
0.003560903249308467,1.0,1e-04
0.00479483138769865,0.9974358677864075,1e-04
0.0019319498678669333,1.0,1e-04
0.002291016513481736,1.0,1e-04
0.004406987223774195,1.0,1e-04
0.002219605492427945,1.0,1e-04
0.0017599450657144189,1.0,1e-04
0.0032066309358924627,1.0,1e-04
0.003182248678058386,1.0,1e-04
0.009527861140668392,0.9974358677864075,1e-04
0.0013365265913307667,1.0,1e-04
0.0018240552162751555,1.0,1e-04
0.003434110200032592,1.0,1e-04
0.0016506420215591788,1.0,1e-04
0.0018634946318343282,1.0,1e-04
0.0014727459056302905,1.0,1e-04
0.0014412308810278773,1.0,1e-04
0.0013262288412079215,1.0,1e-04
0.001042309682816267,1.0,1e-04
0.0014353133738040924,1.0,1e-04
0.0011567083420231938,1.0,1e-04
0.0011449734447523952,1.0,1e-04
0.0012079481966793537,1.0,1e-04
0.0013899046462029219,1.0,1e-04
0.0011781632201746106,1.0,1e-04
0.0009818635880947113,1.0,1e-04
0.0039000625256448984,0.9974358677864075,1e-04
0.0013652482302859426,1.0,1e-04
0.0032761201728135347,1.0,1e-04
0.0029880255460739136,1.0,1e-04
0.0023119135294109583,1.0,1e-04
0.0027995503041893244,1.0,1e-04
0.001496358891017735,1.0,1e-04
0.0018342883558943868,1.0,1e-04
0.0021692912559956312,1.0,1e-04
0.0017125209560617805,1.0,1e-04
0.0030405200086534023,1.0,1e-04
0.0019397105788812041,1.0,1e-04
0.011462036520242691,0.9948717951774597,1e-04
0.019635777920484543,0.9923076629638672,1e-04
0.0025745555758476257,1.0,1e-04
0.0029484841506928205,1.0,1e-04
0.0028045072685927153,1.0,1e-04
0.0018593623535707593,1.0,1e-04
0.0019128493731841445,1.0,1e-04
0.0017259581945836544,1.0,1e-04
0.0018101661698892713,1.0,1e-04
0.0018676886102184653,1.0,1e-04
0.0014210480730980635,1.0,1e-04
0.0013565364060923457,1.0,1e-04
0.001218766556121409,1.0,1e-04
0.0008965225424617529,1.0,1e-04
0.0015295830089598894,1.0,1e-04
0.0011629745131358504,1.0,1e-04
0.0013149668229743838,1.0,1e-04
0.0008674003183841705,1.0,1e-04
0.001161074498668313,1.0,1e-04
0.0011032033944502473,1.0,1e-04
0.0008808945422060788,1.0,1e-04
0.0010179629316553473,1.0,1e-04
0.000832091027405113,1.0,1e-04
0.002140339696779847,1.0,1e-04
0.0017949205357581377,1.0,1e-04
0.0014672118704766035,1.0,1e-04
0.002068157773464918,1.0,1e-04
0.0015961435856297612,1.0,1e-04
0.0013492013094946742,1.0,1e-04
0.0014006559504196048,1.0,1e-04
0.0011541250860318542,1.0,1e-04
0.00097893294878304,1.0,1e-04
0.0010606066789478064,1.0,1e-04
0.0008932745549827814,1.0,1e-04
0.0008259794558398426,1.0,1e-04
0.0013437530724331737,1.0,1e-04
0.0007736152620054781,1.0,1e-04
0.0014960840344429016,1.0,1e-04
0.0008431063033640385,1.0,1e-04
0.0010325085604563355,1.0,1e-04
0.0007977581117302179,1.0,1e-04
0.0008735583396628499,1.0,1e-04
0.0008079852559603751,1.0,1e-04
0.00267547694966197,1.0,1e-04
0.0032582643907517195,0.9974358677864075,1e-04
0.003942603245377541,1.0,1e-04
0.004754436202347279,1.0,1e-04
0.0029261403251439333,1.0,1e-04
0.0014537781244143844,1.0,1e-04
0.0013382587349042296,1.0,1e-04
0.0018797394586727023,1.0,1e-04
0.0017785809468477964,1.0,1e-04
0.0017424789257347584,1.0,1e-04
0.0015124111669138074,1.0,1e-04
0.0013646639417856932,1.0,1e-04
0.00101110665127635,1.0,1e-04
0.000839244166854769,1.0,1e-04
0.0017407090635970235,1.0,1e-04
0.0009383468423038721,1.0,1e-04
0.0012065686751157045,1.0,1e-04
0.0007729958742856979,1.0,1e-04
0.003468109294772148,1.0,1e-04
0.001569561194628477,1.0,1e-04
0.0017001864034682512,1.0,1e-04
0.0015288282884284854,1.0,1e-04
0.0017291434342041612,1.0,1e-04
0.0008763116784393787,1.0,1e-04
0.0016228694003075361,1.0,1e-04
0.003645363263785839,1.0,1e-04
0.0027023456059396267,1.0,1e-04
0.0028907714877277613,1.0,1e-04
0.003857450094074011,1.0,1e-04
0.0026037415955215693,1.0,1e-04
0.0013306858018040657,1.0,1e-04
0.0015920039732009172,1.0,1e-04
0.0009092111140489578,1.0,1e-04
0.002021688735112548,1.0,1e-04
0.0009691715822555125,1.0,1e-04
0.0016821810277178884,1.0,1e-04
0.0011281856568530202,1.0,1e-04
0.0009984353091567755,1.0,1e-04
0.0009581996710039675,1.0,1e-04
0.000691381108481437,1.0,1e-04
0.0007689705234952271,1.0,1e-04
0.0011985244927927852,1.0,1e-04
0.0010533311869949102,1.0,1e-04
0.0011124638840556145,1.0,1e-04
0.008704092353582382,0.9974358677864075,1e-04
0.008819131180644035,0.9948717951774597,1e-04
0.0038409503176808357,1.0,1e-04
0.003178855637088418,1.0,1e-04
0.001930372091010213,1.0,1e-04
0.0017572205979377031,1.0,1e-04
0.0018763105617836118,1.0,1e-04
0.0019626913126558065,1.0,1e-04
0.0020859944634139538,1.0,1e-04
0.0014784621307626367,1.0,1e-04
0.0012860934948548675,1.0,1e-04
0.001582397730089724,1.0,1e-04
0.0011693197302520275,1.0,1e-04
0.001075584557838738,1.0,1e-04
0.00280552520416677,1.0,1e-04
0.0009540104074403644,1.0,1e-04
0.0014207515632733703,1.0,1e-04
0.0019293725490570068,1.0,1e-04
0.00145147112198174,1.0,1e-04
0.0012755485950037837,1.0,1e-04
0.0012417321559041739,1.0,1e-04
0.0014425377594307065,1.0,1e-04
0.0009622253710404038,1.0,1e-04
0.0010217147646471858,1.0,1e-04
0.0009109361562877893,1.0,1e-04
0.0008150534122250974,1.0,1e-04
0.0007774962577968836,1.0,1e-04
0.0007961948867887259,1.0,1e-04
0.0008393872994929552,1.0,1e-04
0.000845909642521292,1.0,1e-04
0.0011546905152499676,1.0,1e-04
0.0006814884836785495,1.0,1e-04
0.0006660614744760096,1.0,1e-04
0.0007354372646659613,1.0,1e-04
0.0009899511933326721,1.0,1e-04
0.0006571933045051992,1.0,1e-04
0.0010823634220287204,1.0,1e-04
0.0007998264627531171,1.0,1e-04
0.0006680015358142555,1.0,1e-04
0.0006646015681326389,1.0,1e-04
0.0007663757423870265,1.0,1e-04
0.0008447989239357412,1.0,1e-04
0.0007760332082398236,1.0,1e-04
0.0008386079571209848,1.0,1e-04
0.0005172513192519546,1.0,1e-04
0.0006636596517637372,1.0,1e-04
0.0013916284078732133,1.0,1e-04
0.0005324534722603858,1.0,1e-04
0.0006789592443965375,1.0,1e-04
0.0005706276861019433,1.0,1e-04
0.0005592991365119815,1.0,1e-04
0.0037455579731613398,1.0,1e-04
0.0017503543058410287,1.0,1e-04
0.0027861548587679863,1.0,1e-04
0.0019956312607973814,1.0,1e-04
0.005048233550041914,1.0,1e-04
0.0014834798639640212,1.0,1e-04
0.0031061393674463034,1.0,1e-04
0.0029289587400853634,1.0,1e-04
0.001240043668076396,1.0,1e-04
0.0028791113290935755,1.0,1e-04
0.0018126083305105567,1.0,1e-04
0.0010466942330822349,1.0,1e-04
0.0017075324431061745,1.0,1e-04
0.0008851452730596066,1.0,1e-04
0.002431014785543084,1.0,1e-04
0.0013988559367135167,1.0,1e-04
0.0015570379327982664,1.0,1e-04
0.001464079599827528,1.0,1e-04
0.00163117831107229,1.0,1e-04
0.0016057338798418641,1.0,1e-04
0.00113171327393502,1.0,1e-04
0.0011781987268477678,1.0,1e-04
0.004236110486090183,1.0,1e-04
0.0009344707941636443,1.0,1e-04
0.0019906454253941774,1.0,1e-04
0.0017589412163943052,1.0,1e-04
0.00153389445040375,1.0,1e-04
0.0019105434184893966,1.0,1e-04
0.0013383514015004039,1.0,1e-04
0.0017878367798402905,1.0,1e-04
0.0011178957065567374,1.0,1e-04
0.0008445760468021035,1.0,1e-04
0.0009082871256396174,1.0,1e-04
0.0007532986346632242,1.0,1e-04
0.000857488950714469,1.0,1e-04
0.0014853931497782469,1.0,1e-04
0.0011274379212409258,1.0,1e-04
0.0014082061825320125,1.0,1e-04
0.0007110895239748061,1.0,1e-04
0.0022747672628611326,1.0,1e-04
0.0029377988539636135,1.0,1e-04
0.0022356912959367037,1.0,1e-04
0.0014977933606132865,1.0,1e-04
0.001318655675277114,1.0,1e-04
0.001014610519632697,1.0,1e-04
0.0008927852031774819,1.0,1e-04
0.0023514304775744677,1.0,1e-04
0.002179367933422327,1.0,1e-04
0.001393037848174572,1.0,1e-04
0.0009729457087814808,1.0,1e-04
0.0008295603329315782,1.0,1e-04
0.0009205754031427205,1.0,1e-04
0.0008001010864973068,1.0,1e-04
0.0008612819947302341,1.0,1e-04
0.0005304045625962317,1.0,1e-04
0.000996768125332892,1.0,1e-04
0.0008708573877811432,1.0,1e-04
0.0005881839315406978,1.0,1e-04
0.0006362328422255814,1.0,1e-04
0.002009814605116844,1.0,1e-04
0.0007636583759449422,1.0,1e-04
0.0007183270063251257,1.0,1e-04
0.0009782748529687524,1.0,1e-04
0.001254224218428135,1.0,1e-04
0.0007295720861293375,1.0,1e-04
0.0007273000665009022,1.0,1e-04
0.0010950114810839295,1.0,1e-04
0.0010951148578897119,1.0,1e-04
0.0006470553926192224,1.0,1e-04
0.0007431990234181285,1.0,1e-04
0.00048160782898776233,1.0,1e-04
0.00214956677518785,1.0,1e-04
0.000968277920037508,1.0,1e-04
0.0015979210147634149,1.0,1e-04
0.0014603367308154702,1.0,1e-04
0.0007451550918631256,1.0,1e-04
0.0007617766968905926,1.0,1e-04
0.0008660791208967566,1.0,1e-04
0.00132533919531852,1.0,1e-04
0.0005542982835322618,1.0,1e-04
0.0006686967681162059,1.0,1e-04
0.0008266899967566133,1.0,1e-04
0.0009318692609667778,1.0,1e-04
0.0007426553638651967,1.0,1e-04
0.0012085551861673594,1.0,1e-04
0.0006939427694305778,1.0,1e-04
0.0005634179688058794,1.0,1e-04
0.0005774709861725569,1.0,1e-04
0.0011179051361978054,1.0,1e-04
0.0008812581654638052,1.0,1e-04
0.0037495845463126898,1.0,1e-04
0.02144452929496765,0.9923076629638672,1e-04
0.012728556990623474,0.9948717951774597,1e-04
0.0012799495598301291,1.0,1e-04
0.0015626766253262758,1.0,1e-04
0.001360165188089013,1.0,1e-04
0.0013395905261859298,1.0,1e-04
0.0008877628715708852,1.0,1e-04
0.0018267781706526875,1.0,1e-04
0.001431168057024479,1.0,1e-04
0.0017935135401785374,1.0,1e-04
0.002492464380338788,1.0,1e-04
0.0006675260374322534,1.0,1e-04
0.0007119623478502035,1.0,1e-04
0.010099554434418678,0.9974358677864075,1e-04
0.029163291677832603,0.9897435903549194,1e-04
0.007526786997914314,0.9974358677864075,1e-04
0.0025897377636283636,1.0,1e-04
0.0023144513834267855,1.0,1e-04
0.001287000603042543,1.0,1e-04
0.0010999166406691074,1.0,1e-04
0.0008709454559721053,1.0,1e-04
0.002016466809436679,1.0,1e-04
0.0009800948901101947,1.0,1e-04
0.0007320254226215184,1.0,1e-04
0.000843997928313911,1.0,1e-04
0.0011250057723373175,1.0,1e-04
0.000785033218562603,1.0,1e-04
0.0005628588260151446,1.0,1e-04
0.0008117446559481323,1.0,1e-04
0.0009742044494487345,1.0,1e-04
0.0010066319955512881,1.0,1e-04
0.000864822999574244,1.0,1e-04
0.0007938608760014176,1.0,1e-04
0.0010866314405575395,1.0,1e-04
0.000665499537717551,1.0,1e-04
0.0005947110475972295,1.0,1e-04
0.0011985383462160826,1.0,1e-04
0.000643758219666779,1.0,1e-04
0.000793162384070456,1.0,1e-04
0.0006105881184339523,1.0,1e-04
0.0005571829387918115,1.0,1e-04
0.002149187959730625,1.0,1e-04
0.0022345941979438066,1.0,1e-04
0.0007052724831737578,1.0,1e-04
0.0013498556800186634,1.0,1e-04
0.0014407659182325006,1.0,1e-04
0.0010725967586040497,1.0,1e-04
0.0013000775361433625,1.0,1e-04
0.0007691952050663531,1.0,1e-04
0.0008286630618385971,1.0,1e-04
0.0005700770998373628,1.0,1e-04
0.0006591768469661474,1.0,1e-04
0.001103919348679483,1.0,1e-04
0.0009168056421913207,1.0,1e-04
0.0005963033763691783,1.0,1e-04
0.0007815934368409216,1.0,1e-04
0.0007041225908324122,1.0,1e-04
0.0006403062725439668,1.0,1e-04
0.0007388408412225544,1.0,1e-04
0.0008853786857798696,1.0,1e-04
0.0007363207987509668,1.0,1e-04
0.0007925251848064363,1.0,1e-04
0.0007944058743305504,1.0,1e-04
0.0008573250961489975,1.0,1e-04
0.0033037341199815273,0.9974358677864075,1e-04
0.0017587431939318776,1.0,1e-04
0.003312905551865697,1.0,1e-04
0.0021243132650852203,1.0,1e-04
0.000789180223364383,1.0,1e-04
0.000955793191678822,1.0,1e-04
0.0009404154261574149,1.0,1e-04
0.0014546654419973493,1.0,1e-04
0.0020304333884269,1.0,1e-04
0.0013039982877671719,1.0,1e-04
0.0006913718534633517,1.0,1e-04
0.003250908339396119,1.0,1e-04
0.0014252116670832038,1.0,1e-04
0.0021823954302817583,1.0,1e-04
0.0016826073406264186,1.0,1e-04
0.001025725738145411,1.0,1e-04
0.0008147689513862133,1.0,1e-04
0.0017581714782863855,1.0,1e-04
0.0006231149891391397,1.0,1e-04
0.0009168650140054524,1.0,1e-04
0.0005956970853731036,1.0,1e-04
0.0008638410945422947,1.0,1e-04
0.0006902050226926804,1.0,1e-04
0.0007840084144845605,1.0,1e-04
0.0006030917284078896,1.0,1e-04
0.0006377060199156404,1.0,1e-04
0.0005871052853763103,1.0,1e-04
0.0005434522754512727,1.0,1e-04
0.0004980868543498218,1.0,1e-04
0.0005974192754365504,1.0,1e-04
0.000606872490607202,1.0,1e-04
0.0005654575652442873,1.0,1e-04
0.0005382387316785753,1.0,1e-04
0.0006068817456252873,1.0,1e-04
0.00041546073043718934,1.0,1e-04
0.0005682125920429826,1.0,1e-04
0.0006291462341323495,1.0,1e-04
0.0006001394358463585,1.0,1e-04
0.00053277617553249,1.0,1e-04
0.0006288184085860848,1.0,1e-04
0.0004665619635488838,1.0,1e-04
0.0005301199853420258,1.0,1e-04
0.0004754249530378729,1.0,1e-04
0.0004967667628079653,1.0,1e-04
0.0007201042026281357,1.0,1e-04
0.0004412324633449316,1.0,1e-04
0.0005201540770940483,1.0,1e-04
0.000532905978616327,1.0,1e-04
0.00047414348227903247,1.0,1e-04
0.00048235218855552375,1.0,1e-04
0.00042840803507715464,1.0,1e-04
0.0005421565729193389,1.0,1e-04
0.00045948027400299907,1.0,1e-04
0.00043378566624596715,1.0,1e-04
0.0004362021863926202,1.0,1e-04
0.00031965968082658947,1.0,1e-04
0.0005699121975339949,1.0,1e-04
0.0004966980195604265,1.0,1e-04
0.00044362552580423653,1.0,1e-04
0.00043683918192982674,1.0,1e-04
0.0008538244874216616,1.0,1e-04
0.0004351601528469473,1.0,1e-04
0.0005832106107845902,1.0,1e-04
0.0006319335661828518,1.0,1e-04
0.0009906567865982652,1.0,1e-04
0.0003726579016074538,1.0,1e-04
0.00057816511252895,1.0,1e-04
0.0004427215317264199,1.0,1e-04
0.0007374932174570858,1.0,1e-04
0.0003673192404676229,1.0,1e-04
0.0004136318457312882,1.0,1e-04
0.000519073277246207,1.0,1e-04
0.0005899521638639271,1.0,1e-04
0.0003650873841252178,1.0,1e-04
0.0003629941202234477,1.0,1e-04
0.0004271269717719406,1.0,1e-04
0.0003839348501060158,1.0,1e-04
0.000486151926452294,1.0,1e-04
0.0004434373986441642,1.0,1e-04
0.00029771807021461427,1.0,1e-04
0.00038113424670882523,1.0,1e-04
0.00046200407086871564,1.0,1e-04
0.0004316666454542428,1.0,1e-04
0.0017858556238934398,1.0,1e-04
0.00984154548496008,0.9974358677864075,1e-04
0.0009810926858335733,1.0,1e-04
0.001748359645716846,1.0,1e-04
0.0005879340460523963,1.0,1e-04
0.0006801232811994851,1.0,1e-04
0.0005369994905777276,1.0,1e-04
0.0016465896042063832,1.0,1e-04
0.0004823810886591673,1.0,1e-04
0.0008660804014652967,1.0,1e-04
0.0012070462107658386,1.0,1e-04
0.0007683367584832013,1.0,1e-04
0.0007366569479927421,1.0,1e-04
0.0009818361140787601,1.0,1e-04
0.0005818749195896089,1.0,1e-04
0.0006125252111814916,1.0,1e-04
0.000982543919235468,1.0,1e-04
0.0008227681391872466,1.0,1e-04
0.0010630992474034429,1.0,1e-04
0.0006812615902163088,1.0,1e-04
0.0006053434917703271,1.0,1e-04
0.0007728882483206689,1.0,1e-04
0.0004497025511227548,1.0,1e-04
0.00048119903658516705,1.0,1e-04
0.0005110112251713872,1.0,1e-04
0.0008254699059762061,1.0,1e-04
0.0005728223477490246,1.0,1e-04
0.00169264932628721,1.0,1e-04
0.0008494799840264022,1.0,1e-04
0.0012509619118645787,1.0,1e-04
0.001104966038838029,1.0,1e-04
0.00095361442072317,1.0,1e-04
0.002404348459094763,1.0,1e-04
0.002107576932758093,1.0,1e-04
0.0038009381387382746,0.9974358677864075,1e-04
0.0016443667700514197,1.0,1e-04
0.006958175916224718,0.9974358677864075,1e-04
0.002169520827010274,1.0,1e-04
0.0022239277604967356,1.0,1e-04
0.0034949039109051228,1.0,1e-04
0.0021459583658725023,1.0,1e-04
0.0013597940560430288,1.0,1e-04
0.0010494536254554987,1.0,1e-04
0.0014440739760175347,1.0,1e-04
0.0009434329112991691,1.0,1e-04
0.0008865114068612456,1.0,1e-04
0.0008091320050880313,1.0,1e-04
0.0007498614140786231,1.0,1e-04
0.0007294992683455348,1.0,1e-04
0.0006525680073536932,1.0,1e-04
0.0005750735872425139,1.0,1e-04
0.0005852796602994204,1.0,1e-04
0.0013681253185495734,1.0,1e-04
0.0007588394219055772,1.0,1e-04
0.000716341775842011,1.0,1e-04
0.002756304107606411,1.0,1e-04
0.01748908869922161,0.9948717951774597,1e-04
0.014530234038829803,0.9974358677864075,1e-04
0.0012581705814227462,1.0,1e-04
0.001385861192829907,1.0,1e-04
0.0041830581612885,0.9974358677864075,1e-04
0.0033916388638317585,1.0,1e-04
0.0020716700237244368,1.0,1e-04
0.002425563056021929,1.0,1e-04
0.0021123401820659637,1.0,1e-04
0.001960712717846036,1.0,1e-04
0.0015280861407518387,1.0,1e-04
0.0013049771077930927,1.0,1e-04
0.0008241583127528429,1.0,1e-04
0.0007994888001121581,1.0,1e-04
0.0007414543651975691,1.0,1e-04
0.0005801224033348262,1.0,1e-04
0.0004919951898045838,1.0,1e-04
0.0012788762105628848,1.0,1e-04
0.0005769345443695784,1.0,1e-04
0.00556707801297307,0.9974358677864075,1e-04
0.0007280787103809416,1.0,1e-04
0.0011402592062950134,1.0,1e-04
0.0011426314013078809,1.0,1e-04
0.0005522404098883271,1.0,1e-04
0.0012613795697689056,1.0,1e-04
0.0006809009937569499,1.0,1e-04
0.0008727972162887454,1.0,1e-04
0.0005338846822269261,1.0,1e-04
0.000653602706734091,1.0,1e-04
0.0006255588959902525,1.0,1e-04
0.0005606163758784533,1.0,1e-04
0.00045804193359799683,1.0,1e-04
0.0005990935023874044,1.0,1e-04
0.0005778377526439726,1.0,1e-04
0.0005493174539878964,1.0,1e-04
0.0005278640310280025,1.0,1e-04
0.000387238513212651,1.0,1e-04
0.0005353530868887901,1.0,1e-04
0.001234237221069634,1.0,1e-04
0.0004361635947134346,1.0,1e-04
0.0008298336761072278,1.0,1e-04
0.0005592958768829703,1.0,1e-04
0.0005914770881645381,1.0,1e-04
0.000554409867618233,1.0,1e-04
0.0005602178862318397,1.0,1e-04
0.0004362832987681031,1.0,1e-04
0.0013082341756671667,1.0,1e-04
0.0005070949555374682,1.0,1e-04
0.000648495857603848,1.0,1e-04
0.0020499250385910273,1.0,1e-04
0.0006160038174130023,1.0,1e-04
0.0008196918061003089,1.0,1e-04
0.0007752774399705231,1.0,1e-04
0.001635948778130114,1.0,1e-04
0.012100586667656898,0.9948717951774597,1e-04
0.003179521532729268,1.0,1e-04
0.0047375513240695,0.9974358677864075,1e-04
0.001428874908015132,1.0,1e-04
0.0013048361288383603,1.0,1e-04
0.0017913617193698883,1.0,1e-04
0.0006488481885753572,1.0,1e-04
0.0009858380071818829,1.0,1e-04
0.005829299800097942,0.9974358677864075,1e-04
0.008361436426639557,0.9974358677864075,1e-04
0.005758924409747124,0.9974358677864075,1e-04
0.0023462779354304075,1.0,1e-04
0.001111599151045084,1.0,1e-04
0.0010347003117203712,1.0,1e-04
0.0009272152674384415,1.0,1e-04
0.0007349355146288872,1.0,1e-04
0.0007263137958943844,1.0,1e-04
0.001858892966993153,1.0,1e-04
0.0009430391946807504,1.0,1e-04
0.001502841361798346,1.0,1e-04
0.0014731900300830603,1.0,1e-04
0.001194559969007969,1.0,1e-04
0.0011259664315730333,1.0,1e-04
0.0005616375128738582,1.0,1e-04
0.0007341555901803076,1.0,1e-04
0.002288703341037035,1.0,1e-04
0.003209501039236784,1.0,1e-04
0.004361433442682028,1.0,1e-04
0.00406422046944499,1.0,1e-04
0.0014926601434126496,1.0,1e-04
0.0016147380229085684,1.0,1e-04
0.004643044900149107,1.0,1e-04
0.002547162352129817,1.0,1e-04
0.00455863680690527,1.0,1e-04
0.0018953174585476518,1.0,1e-04
0.001852910965681076,1.0,1e-04
0.001109516597352922,1.0,1e-04
0.0008295517764054239,1.0,1e-04
0.0006587813259102404,1.0,1e-04
0.0011509130708873272,1.0,1e-04
0.0010185294086113572,1.0,1e-04
0.0008546918397769332,1.0,1e-04
0.0026393027510493994,1.0,1e-04
0.001733575016260147,1.0,1e-04
0.004364589229226112,1.0,1e-04
0.0014149767812341452,1.0,1e-04
0.002179974690079689,1.0,1e-04
0.0024659165646880865,1.0,1e-04
0.0011505663860589266,1.0,1e-04
0.002439187141135335,1.0,1e-04
0.0012946764472872019,1.0,1e-04
0.0010124704567715526,1.0,1e-04
0.0007792319520376623,1.0,1e-04
0.0005079023540019989,1.0,1e-04
0.000641354126855731,1.0,1e-04
0.0008640641462989151,1.0,1e-04
0.000695734575856477,1.0,1e-04
0.0004263176233507693,1.0,1e-04
0.00044900900684297085,1.0,1e-04
0.0005275739822536707,1.0,1e-04
0.0008578869164921343,1.0,1e-04
0.0004415891016833484,1.0,1e-04
0.0007768027135170996,1.0,1e-04
0.0004762460303027183,1.0,1e-04
0.0015587650705128908,1.0,1e-04
0.006521088071167469,0.9974358677864075,1e-04
0.0008323874208144844,1.0,1e-04
0.0008331206627190113,1.0,1e-04
0.0004844343347940594,1.0,1e-04
0.0008926740265451372,1.0,1e-04
0.0011563758598640561,1.0,1e-04
0.0006754870410077274,1.0,1e-04
0.0004256653191987425,1.0,1e-04
0.0005294308648444712,1.0,1e-04
0.00041532324394211173,1.0,1e-04
0.00038496212800964713,1.0,1e-04
0.0005422172253020108,1.0,1e-04
0.00040844251634553075,1.0,1e-04
0.00041078246431425214,1.0,1e-04
0.000494531006552279,1.0,1e-04
0.0007131840684451163,1.0,1e-04
0.0004522950912360102,1.0,1e-04
0.00037841181620024145,1.0,1e-04
0.0003405453753657639,1.0,1e-04
0.0003251893795095384,1.0,1e-04
0.00042191939428448677,1.0,1e-04
0.0003521707549225539,1.0,1e-04
0.0003832237853202969,1.0,1e-04
0.00033328018616884947,1.0,1e-04
0.00035963658592663705,1.0,1e-04
0.0003300063544884324,1.0,1e-04
0.00038832073914818466,1.0,1e-04
0.0003502533945720643,1.0,1e-04
0.00040302277193404734,1.0,1e-04
0.00035448186099529266,1.0,1e-04
0.0005613816319964826,1.0,1e-04
0.00028350716456770897,1.0,1e-04
0.0003559761680662632,1.0,1e-04
0.0003157776081934571,1.0,1e-04
0.0003256995987612754,1.0,1e-04
0.00030941961449570954,1.0,1e-04
0.00030830249306745827,1.0,1e-04
0.00023629637144040316,1.0,1e-04
0.0002136688563041389,1.0,1e-04
0.00029113705386407673,1.0,1e-04
0.0002917862730100751,1.0,1e-04
0.0004050500865560025,1.0,1e-04
0.0006626672693528235,1.0,1e-04
0.00040620091021992266,1.0,1e-04
0.00021791737526655197,1.0,1e-04
0.0022382414899766445,1.0,1e-04
0.0007725237519480288,1.0,1e-04
0.0034585820976644754,1.0,1e-04
0.0008494901121594012,1.0,1e-04
0.0006877396954223514,1.0,1e-04
0.000955892086494714,1.0,1e-04
0.0003560402547009289,1.0,1e-04
0.0005938190151937306,1.0,1e-04
0.0004130016022827476,1.0,1e-04
0.0003386868047527969,1.0,1e-04
0.0034096355084329844,0.9974358677864075,1e-04
0.005897950381040573,0.9974358677864075,1e-04
0.0012452469673007727,1.0,1e-04
0.0020176428370177746,1.0,1e-04
0.00150490237865597,1.0,1e-04
0.001560871140100062,1.0,1e-04
0.0009256909252144396,1.0,1e-04
0.0008993403171189129,1.0,1e-04
0.0013187761651352048,1.0,1e-04
0.0010870363330468535,1.0,1e-04
0.0008660822059027851,1.0,1e-04
0.0006930911331437528,1.0,1e-04
0.0007465918315574527,1.0,1e-04
0.0007085377001203597,1.0,1e-04
0.0006497204303741455,1.0,1e-04
0.0008046345901675522,1.0,1e-04
0.0008203063043765724,1.0,1e-04
0.00045342283556237817,1.0,1e-04
0.000436971866292879,1.0,1e-04
0.00048821751261129975,1.0,1e-04
0.009903982281684875,0.9974358677864075,1e-04
0.014950231648981571,0.9948717951774597,1e-04
0.003681217087432742,1.0,1e-04
0.003245714120566845,1.0,1e-04
0.0026551540940999985,1.0,1e-04
0.0016641005640849471,1.0,1e-04
0.0014508133754134178,1.0,1e-04
0.00111431407276541,1.0,1e-04
0.0009555755532346666,1.0,1e-04
0.0012262141099199653,1.0,1e-04
0.0013427437515929341,1.0,1e-04
0.0008409500005654991,1.0,1e-04
0.0012005615280941129,1.0,1e-04
0.0007019494660198689,1.0,1e-04
0.0006544669740833342,1.0,1e-04
0.0008281616610474885,1.0,1e-04
0.0006726619321852922,1.0,1e-04
0.0010920957429334521,1.0,1e-04
0.0003756610385607928,1.0,1e-04
0.0006626336835324764,1.0,1e-04
0.002872349927201867,1.0,1e-04
0.001761095947586,1.0,1e-04
0.0009199634077958763,1.0,1e-04
0.0018945449264720082,1.0,1e-04
0.0009973235428333282,1.0,1e-04
0.0067399111576378345,0.9948717951774597,1e-04
0.0025106589309871197,1.0,1e-04
0.0019473506836220622,1.0,1e-04
0.002241512993350625,1.0,1e-04
0.0011642962926998734,1.0,1e-04
0.0011545916786417365,1.0,1e-04
0.003125994699075818,1.0,1e-04
0.0006446500774472952,1.0,1e-04
0.0010346748167648911,1.0,1e-04
0.0021567195653915405,1.0,1e-04
0.0012223250232636929,1.0,1e-04
0.0005720259505324066,1.0,1e-04
0.0008979671983979642,1.0,1e-04
0.0026561992708593607,1.0,1e-04
0.0009802186395972967,1.0,1e-04
0.0026534779462963343,1.0,1e-04
0.0012584669748321176,1.0,1e-04
0.0014528867322951555,1.0,1e-04
0.0008075896184891462,1.0,1e-04
0.0005246592918410897,1.0,1e-04
0.0004786127246916294,1.0,1e-04
0.0006287267315201461,1.0,1e-04
0.00041467195842415094,1.0,1e-04
0.00048872793558985,1.0,1e-04
0.002893623895943165,1.0,1e-04
0.000761401723138988,1.0,1e-04
0.0007473149453289807,1.0,1e-04
0.0005700397305190563,1.0,1e-04
