loss,accuracy,lr
0.9035706520080566,0.5946666598320007,0.001
0.725433349609375,0.6933333277702332,0.001
0.7037282586097717,0.6986666917800903,0.001
0.5878450274467468,0.7546666860580444,0.001
0.5811519622802734,0.7599999904632568,0.001
0.5181494355201721,0.7786666750907898,0.001
0.45822790265083313,0.8159999847412109,0.001
0.43370822072029114,0.8373333215713501,0.001
0.4311158061027527,0.8320000171661377,0.001
0.4472288489341736,0.8026666641235352,0.001
0.42920100688934326,0.8293333053588867,0.001
0.4186859428882599,0.8266666531562805,0.001
0.3658629059791565,0.8479999899864197,0.001
0.32245609164237976,0.8853333592414856,0.001
0.31130319833755493,0.8613333106040955,0.001
0.2845584452152252,0.8853333592414856,0.001
0.28683269023895264,0.874666690826416,0.001
0.24539779126644135,0.9039999842643738,0.001
0.27397242188453674,0.9013333320617676,0.001
0.3179701268672943,0.871999979019165,0.001
0.3242974579334259,0.8640000224113464,0.001
0.271708220243454,0.9013333320617676,0.001
0.22964900732040405,0.9200000166893005,0.001
0.26697057485580444,0.909333348274231,0.001
0.259917676448822,0.8960000276565552,0.001
0.24468441307544708,0.9013333320617676,0.001
0.24272485077381134,0.9013333320617676,0.001
0.22113291919231415,0.9226666688919067,0.001
0.2108324021100998,0.9226666688919067,0.001
0.21607694029808044,0.9146666526794434,0.001
0.17761141061782837,0.9466666579246521,0.001
0.16593046486377716,0.9386666417121887,0.001
0.16657787561416626,0.9333333373069763,0.001
0.13937844336032867,0.9546666741371155,0.001
0.1292874813079834,0.9653333425521851,0.001
0.14636766910552979,0.9440000057220459,0.001
0.18619073927402496,0.9306666851043701,0.001
0.1837581992149353,0.9253333210945129,0.001
0.1772855967283249,0.9386666417121887,0.001
0.16623753309249878,0.9493333101272583,0.001
0.22808966040611267,0.9200000166893005,0.001
0.18020133674144745,0.9413333535194397,0.001
0.15200555324554443,0.9359999895095825,0.001
0.19445796310901642,0.9253333210945129,0.001
0.19766657054424286,0.9226666688919067,0.001
0.1456993967294693,0.9386666417121887,0.00020000001
0.11038793623447418,0.9653333425521851,0.00020000001
0.09627050906419754,0.9733333587646484,0.00020000001
0.09586025774478912,0.9626666903495789,0.00020000001
0.09289681166410446,0.9626666903495789,0.00020000001
0.09302264451980591,0.9679999947547913,0.00020000001
0.08075564354658127,0.9760000109672546,0.00020000001
0.08781725913286209,0.9679999947547913,0.00020000001
0.09383305162191391,0.9653333425521851,0.00020000001
0.08043111115694046,0.9786666631698608,0.00020000001
0.07308372855186462,0.9733333587646484,0.00020000001
0.08200133591890335,0.9626666903495789,0.00020000001
0.07798241078853607,0.9706666469573975,0.00020000001
0.07871168851852417,0.9679999947547913,0.00020000001
0.0838683694601059,0.9626666903495789,0.00020000001
0.0704837515950203,0.9706666469573975,0.00020000001
0.07225970178842545,0.9653333425521851,0.00020000001
0.0860506072640419,0.9653333425521851,0.00020000001
0.06514676660299301,0.9786666631698608,0.00020000001
0.06685914844274521,0.9733333587646484,0.00020000001
0.08046610653400421,0.9679999947547913,0.00020000001
0.08379745483398438,0.9653333425521851,0.00020000001
0.0704767182469368,0.9733333587646484,0.00020000001
0.07230959832668304,0.9733333587646484,0.00020000001
0.07808949053287506,0.9626666903495789,0.00020000001
0.08377595245838165,0.9733333587646484,0.00020000001
0.07146047055721283,0.9760000109672546,0.00020000001
0.07763184607028961,0.9626666903495789,0.00020000001
0.06879771500825882,0.9733333587646484,0.00020000001
0.051628779619932175,0.984000027179718,1e-04
0.06436671316623688,0.9760000109672546,1e-04
0.06544862687587738,0.9733333587646484,1e-04
0.06765691936016083,0.9706666469573975,1e-04
0.06373748928308487,0.9760000109672546,1e-04
0.06541414558887482,0.9653333425521851,1e-04
0.06166180595755577,0.9786666631698608,1e-04
0.05791175365447998,0.9786666631698608,1e-04
0.06664679944515228,0.9760000109672546,1e-04
0.05776877701282501,0.9679999947547913,1e-04
0.058537557721138,0.9786666631698608,1e-04
0.055271923542022705,0.9760000109672546,1e-04
0.05864683538675308,0.9706666469573975,1e-04
0.05451717972755432,0.9760000109672546,1e-04
0.06015653535723686,0.9733333587646484,1e-04
0.06277701258659363,0.9653333425521851,1e-04
0.06673456728458405,0.9653333425521851,1e-04
0.053203973919153214,0.984000027179718,1e-04
0.06605719029903412,0.9653333425521851,1e-04
0.054328206926584244,0.9760000109672546,1e-04
0.05922269821166992,0.9760000109672546,1e-04
0.05692131072282791,0.9733333587646484,1e-04
0.053006935864686966,0.981333315372467,1e-04
0.05583313852548599,0.9706666469573975,1e-04
0.06266207993030548,0.9760000109672546,1e-04
0.05747309699654579,0.984000027179718,1e-04
0.055587489157915115,0.9733333587646484,1e-04
0.05152207612991333,0.9760000109672546,1e-04
0.05914794281125069,0.9760000109672546,1e-04
0.07418349385261536,0.9706666469573975,1e-04
0.04743238911032677,0.981333315372467,1e-04
0.06606855243444443,0.9786666631698608,1e-04
0.06560409814119339,0.9679999947547913,1e-04
0.08119462430477142,0.9706666469573975,1e-04
0.06307369470596313,0.9786666631698608,1e-04
0.06746941804885864,0.9706666469573975,1e-04
0.059385996311903,0.9760000109672546,1e-04
0.05834979936480522,0.9760000109672546,1e-04
0.06083529815077782,0.984000027179718,1e-04
0.048511382192373276,0.981333315372467,1e-04
0.05130501836538315,0.9786666631698608,1e-04
0.056796375662088394,0.9733333587646484,1e-04
0.052608005702495575,0.9760000109672546,1e-04
0.04998383671045303,0.9786666631698608,1e-04
0.046915289014577866,0.9760000109672546,1e-04
0.05672912672162056,0.9733333587646484,1e-04
0.05002470314502716,0.9786666631698608,1e-04
0.05554052069783211,0.9786666631698608,1e-04
0.04388388991355896,0.984000027179718,1e-04
0.05090457573533058,0.981333315372467,1e-04
0.0490262396633625,0.9786666631698608,1e-04
0.05417415872216225,0.9733333587646484,1e-04
0.05399211496114731,0.9760000109672546,1e-04
0.04953736811876297,0.9786666631698608,1e-04
0.06445426493883133,0.9706666469573975,1e-04
0.04946615546941757,0.9760000109672546,1e-04
0.047160834074020386,0.981333315372467,1e-04
0.0573548749089241,0.9706666469573975,1e-04
0.05692555755376816,0.9679999947547913,1e-04
0.05266730114817619,0.9760000109672546,1e-04
0.041507989168167114,0.984000027179718,1e-04
0.047887034714221954,0.9786666631698608,1e-04
0.05486896634101868,0.981333315372467,1e-04
0.05096225440502167,0.9760000109672546,1e-04
0.049751464277505875,0.9733333587646484,1e-04
0.05132278427481651,0.9706666469573975,1e-04
0.045978933572769165,0.9786666631698608,1e-04
0.04313308373093605,0.981333315372467,1e-04
0.03991139307618141,0.981333315372467,1e-04
0.050200119614601135,0.9760000109672546,1e-04
0.045510631054639816,0.981333315372467,1e-04
0.04110953211784363,0.9866666793823242,1e-04
0.049013808369636536,0.9866666793823242,1e-04
0.05401671305298805,0.9733333587646484,1e-04
0.05701287463307381,0.9760000109672546,1e-04
0.04538795351982117,0.9760000109672546,1e-04
0.047182779759168625,0.981333315372467,1e-04
0.04633856564760208,0.9786666631698608,1e-04
0.03997642174363136,0.984000027179718,1e-04
0.05031502619385719,0.9786666631698608,1e-04
0.04866674914956093,0.981333315372467,1e-04
0.06160401925444603,0.9679999947547913,1e-04
0.053866054862737656,0.9760000109672546,1e-04
0.09106902778148651,0.9679999947547913,1e-04
0.0456407368183136,0.984000027179718,1e-04
0.0789475217461586,0.9679999947547913,1e-04
0.06528212130069733,0.9653333425521851,1e-04
0.04908967763185501,0.9760000109672546,1e-04
0.046513378620147705,0.981333315372467,1e-04
0.0448673851788044,0.9786666631698608,1e-04
0.049501094967126846,0.984000027179718,1e-04
0.03961745649576187,0.981333315372467,1e-04
0.05080205947160721,0.9733333587646484,1e-04
0.04832553118467331,0.9760000109672546,1e-04
0.046073414385318756,0.981333315372467,1e-04
0.04786275699734688,0.981333315372467,1e-04
0.05823785066604614,0.984000027179718,1e-04
0.04851634055376053,0.9786666631698608,1e-04
0.04173858091235161,0.981333315372467,1e-04
0.04475866258144379,0.9786666631698608,1e-04
0.05374770238995552,0.9760000109672546,1e-04
0.06368068605661392,0.9653333425521851,1e-04
0.048543818295001984,0.981333315372467,1e-04
0.05614309757947922,0.9706666469573975,1e-04
0.043983764946460724,0.981333315372467,1e-04
0.041890136897563934,0.9786666631698608,1e-04
0.055301234126091,0.9653333425521851,1e-04
0.044135697185993195,0.981333315372467,1e-04
0.04309932515025139,0.9786666631698608,1e-04
0.04650496318936348,0.981333315372467,1e-04
0.040664177387952805,0.984000027179718,1e-04
0.04126261547207832,0.981333315372467,1e-04
0.05064421147108078,0.9706666469573975,1e-04
0.042941614985466,0.9786666631698608,1e-04
0.04837072640657425,0.9786666631698608,1e-04
0.0490395613014698,0.9760000109672546,1e-04
0.04770827665925026,0.9786666631698608,1e-04
0.04630294442176819,0.9760000109672546,1e-04
0.045433033257722855,0.9786666631698608,1e-04
0.040427085012197495,0.984000027179718,1e-04
0.03648645058274269,0.984000027179718,1e-04
0.06051020696759224,0.9786666631698608,1e-04
0.058283720165491104,0.9760000109672546,1e-04
0.056623294949531555,0.9706666469573975,1e-04
0.053781427443027496,0.9733333587646484,1e-04
0.04935820400714874,0.9733333587646484,1e-04
0.04836493358016014,0.9760000109672546,1e-04
0.04601489380002022,0.9706666469573975,1e-04
0.04828997328877449,0.981333315372467,1e-04
0.04654144123196602,0.9786666631698608,1e-04
0.042832572013139725,0.9866666793823242,1e-04
0.039317745715379715,0.9866666793823242,1e-04
0.037400975823402405,0.9919999837875366,1e-04
0.043595682829618454,0.9786666631698608,1e-04
0.04308920353651047,0.9866666793823242,1e-04
0.04208746924996376,0.9786666631698608,1e-04
0.03789690509438515,0.9866666793823242,1e-04
0.045455627143383026,0.9786666631698608,1e-04
0.042208947241306305,0.981333315372467,1e-04
0.036820318549871445,0.981333315372467,1e-04
0.03947139158844948,0.984000027179718,1e-04
0.03543560206890106,0.9866666793823242,1e-04
0.03645588085055351,0.984000027179718,1e-04
0.03589993342757225,0.984000027179718,1e-04
0.04021775722503662,0.981333315372467,1e-04
0.04310100898146629,0.981333315372467,1e-04
0.04428179934620857,0.981333315372467,1e-04
0.04582151770591736,0.9760000109672546,1e-04
0.04810251295566559,0.9786666631698608,1e-04
0.04446064680814743,0.981333315372467,1e-04
0.03860614448785782,0.981333315372467,1e-04
0.048481326550245285,0.9760000109672546,1e-04
0.04431621730327606,0.981333315372467,1e-04
0.04010831564664841,0.9893333315849304,1e-04
0.04266854003071785,0.984000027179718,1e-04
0.04466249421238899,0.981333315372467,1e-04
0.03446028381586075,0.9893333315849304,1e-04
0.03922535106539726,0.984000027179718,1e-04
0.0426630862057209,0.9786666631698608,1e-04
0.04706765338778496,0.9733333587646484,1e-04
0.04170961678028107,0.9786666631698608,1e-04
0.049843933433294296,0.9760000109672546,1e-04
0.051521360874176025,0.9760000109672546,1e-04
0.04904629662632942,0.9760000109672546,1e-04
0.03965034335851669,0.984000027179718,1e-04
0.03405756875872612,0.984000027179718,1e-04
0.0409320667386055,0.981333315372467,1e-04
0.041718799620866776,0.984000027179718,1e-04
0.040321655571460724,0.9786666631698608,1e-04
0.0575210377573967,0.981333315372467,1e-04
0.03753170743584633,0.981333315372467,1e-04
0.043615687638521194,0.9760000109672546,1e-04
0.03582271188497543,0.981333315372467,1e-04
0.04096737504005432,0.984000027179718,1e-04
0.04658099263906479,0.981333315372467,1e-04
0.046693358570337296,0.9786666631698608,1e-04
0.03636044263839722,0.984000027179718,1e-04
0.03930821642279625,0.981333315372467,1e-04
0.05554839223623276,0.9733333587646484,1e-04
0.04010374844074249,0.9866666793823242,1e-04
0.03780778869986534,0.9866666793823242,1e-04
0.04199729487299919,0.984000027179718,1e-04
0.044671423733234406,0.9786666631698608,1e-04
0.04372061789035797,0.9760000109672546,1e-04
0.043579306453466415,0.9733333587646484,1e-04
0.05157816410064697,0.9679999947547913,1e-04
0.05570758134126663,0.9679999947547913,1e-04
0.05315794423222542,0.9760000109672546,1e-04
0.03304546698927879,0.9893333315849304,1e-04
0.03715095296502113,0.9866666793823242,1e-04
0.04157368838787079,0.9786666631698608,1e-04
0.041227467358112335,0.981333315372467,1e-04
0.0456281378865242,0.9786666631698608,1e-04
0.03568606451153755,0.9866666793823242,1e-04
0.03791406750679016,0.984000027179718,1e-04
0.03367238491773605,0.9866666793823242,1e-04
0.03983930125832558,0.981333315372467,1e-04
0.03844877704977989,0.984000027179718,1e-04
0.04380542039871216,0.981333315372467,1e-04
0.043757811188697815,0.9786666631698608,1e-04
0.039439938962459564,0.9786666631698608,1e-04
0.046511728316545486,0.9733333587646484,1e-04
0.03426823019981384,0.981333315372467,1e-04
0.0312509648501873,0.9893333315849304,1e-04
0.03002842701971531,0.9866666793823242,1e-04
0.031065642833709717,0.981333315372467,1e-04
0.03728320449590683,0.9786666631698608,1e-04
0.040996331721544266,0.984000027179718,1e-04
0.04169336333870888,0.9786666631698608,1e-04
0.03179141879081726,0.9893333315849304,1e-04
0.03956245258450508,0.9866666793823242,1e-04
0.05085773766040802,0.9760000109672546,1e-04
0.03672013059258461,0.9786666631698608,1e-04
0.044878922402858734,0.984000027179718,1e-04
0.04043242707848549,0.9733333587646484,1e-04
0.03848912566900253,0.984000027179718,1e-04
0.053342804312705994,0.9786666631698608,1e-04
0.040886566042900085,0.9786666631698608,1e-04
0.0494861975312233,0.9706666469573975,1e-04
0.036359090358018875,0.984000027179718,1e-04
0.04369853809475899,0.981333315372467,1e-04
0.03487950935959816,0.981333315372467,1e-04
0.040261976420879364,0.984000027179718,1e-04
0.035114165395498276,0.9893333315849304,1e-04
0.03669031709432602,0.981333315372467,1e-04
0.036315180361270905,0.981333315372467,1e-04
0.04258377477526665,0.9760000109672546,1e-04
0.04043964296579361,0.984000027179718,1e-04
0.044719330966472626,0.984000027179718,1e-04
0.0396251417696476,0.9786666631698608,1e-04
0.04932594671845436,0.9786666631698608,1e-04
0.034014664590358734,0.9866666793823242,1e-04
0.03435731679201126,0.9866666793823242,1e-04
0.033318568021059036,0.9866666793823242,1e-04
0.03425689786672592,0.9866666793823242,1e-04
0.04064703732728958,0.9760000109672546,1e-04
0.04228872060775757,0.981333315372467,1e-04
0.04023398086428642,0.981333315372467,1e-04
0.03919736295938492,0.984000027179718,1e-04
0.039928458631038666,0.9760000109672546,1e-04
0.03416643291711807,0.9866666793823242,1e-04
0.04641623795032501,0.9733333587646484,1e-04
0.034016478806734085,0.9866666793823242,1e-04
0.037730950862169266,0.9786666631698608,1e-04
0.040194831788539886,0.984000027179718,1e-04
0.03463563695549965,0.9786666631698608,1e-04
0.030382486060261726,0.9866666793823242,1e-04
0.03738582879304886,0.9760000109672546,1e-04
0.038478270173072815,0.981333315372467,1e-04
0.028285609558224678,0.9919999837875366,1e-04
0.0411570779979229,0.9786666631698608,1e-04
0.04216068610548973,0.9866666793823242,1e-04
0.03418572619557381,0.984000027179718,1e-04
0.039265669882297516,0.981333315372467,1e-04
0.032467812299728394,0.9866666793823242,1e-04
0.035584308207035065,0.984000027179718,1e-04
0.030937621369957924,0.9866666793823242,1e-04
0.030517131090164185,0.9893333315849304,1e-04
0.04024558886885643,0.984000027179718,1e-04
0.03344477340579033,0.984000027179718,1e-04
0.035733114928007126,0.984000027179718,1e-04
0.03822392225265503,0.9786666631698608,1e-04
0.036638859659433365,0.981333315372467,1e-04
0.03302730619907379,0.984000027179718,1e-04
0.03880937024950981,0.984000027179718,1e-04
0.03806544840335846,0.9866666793823242,1e-04
0.043315619230270386,0.9786666631698608,1e-04
0.030570227652788162,0.9866666793823242,1e-04
0.03736499324440956,0.9866666793823242,1e-04
0.040613021701574326,0.981333315372467,1e-04
0.03656483814120293,0.9866666793823242,1e-04
0.04460573196411133,0.984000027179718,1e-04
0.033321037888526917,0.9866666793823242,1e-04
0.03608805686235428,0.9893333315849304,1e-04
0.051220931112766266,0.9760000109672546,1e-04
0.04632026329636574,0.981333315372467,1e-04
0.04566251486539841,0.9786666631698608,1e-04
0.03470384702086449,0.9866666793823242,1e-04
0.04274975508451462,0.981333315372467,1e-04
0.028335660696029663,0.9919999837875366,1e-04
0.03626684099435806,0.981333315372467,1e-04
0.04208888113498688,0.9733333587646484,1e-04
0.029343025758862495,0.9893333315849304,1e-04
0.030968939885497093,0.981333315372467,1e-04
0.03451715037226677,0.984000027179718,1e-04
0.028617698699235916,0.984000027179718,1e-04
0.030715299770236015,0.984000027179718,1e-04
0.036566540598869324,0.984000027179718,1e-04
0.04065916687250137,0.9786666631698608,1e-04
0.047441329807043076,0.9760000109672546,1e-04
0.03185105696320534,0.9866666793823242,1e-04
0.038768135011196136,0.984000027179718,1e-04
0.03438889980316162,0.9893333315849304,1e-04
0.0350874625146389,0.984000027179718,1e-04
0.04340832680463791,0.981333315372467,1e-04
0.03810015693306923,0.9760000109672546,1e-04
0.036730699241161346,0.9866666793823242,1e-04
0.036718569695949554,0.9866666793823242,1e-04
0.03302060067653656,0.9866666793823242,1e-04
0.029571518301963806,0.9893333315849304,1e-04
0.03319968283176422,0.981333315372467,1e-04
0.038673609495162964,0.981333315372467,1e-04
0.02394605427980423,0.9893333315849304,1e-04
0.03873585909605026,0.9786666631698608,1e-04
0.033513620495796204,0.9786666631698608,1e-04
0.02955169975757599,0.9893333315849304,1e-04
0.034987859427928925,0.9786666631698608,1e-04
0.03007301315665245,0.9893333315849304,1e-04
0.043922871351242065,0.9733333587646484,1e-04
0.03686206415295601,0.984000027179718,1e-04
0.036610446870326996,0.984000027179718,1e-04
0.030405836179852486,0.9893333315849304,1e-04
0.03384525701403618,0.9866666793823242,1e-04
0.03472927212715149,0.9893333315849304,1e-04
0.030493680387735367,0.9866666793823242,1e-04
0.037325918674468994,0.984000027179718,1e-04
0.04066631570458412,0.9786666631698608,1e-04
0.028677962720394135,0.9893333315849304,1e-04
0.03167584910988808,0.9866666793823242,1e-04
0.029802748933434486,0.9866666793823242,1e-04
0.039582736790180206,0.9786666631698608,1e-04
0.0379834808409214,0.9866666793823242,1e-04
0.03729214146733284,0.981333315372467,1e-04
0.02980984002351761,0.981333315372467,1e-04
0.027296943590044975,0.9866666793823242,1e-04
0.030628148466348648,0.9893333315849304,1e-04
0.02998488023877144,0.9919999837875366,1e-04
0.036259975284338,0.984000027179718,1e-04
0.030491646379232407,0.981333315372467,1e-04
0.02941381372511387,0.9866666793823242,1e-04
0.026186518371105194,0.9893333315849304,1e-04
0.03767016530036926,0.9786666631698608,1e-04
0.03173578530550003,0.984000027179718,1e-04
0.030681749805808067,0.9866666793823242,1e-04
0.030688608065247536,0.9893333315849304,1e-04
0.03760024905204773,0.984000027179718,1e-04
0.03352014720439911,0.981333315372467,1e-04
0.030118171125650406,0.984000027179718,1e-04
0.03615403175354004,0.984000027179718,1e-04
0.04125693440437317,0.9760000109672546,1e-04
0.04496518522500992,0.9760000109672546,1e-04
0.04638184607028961,0.9733333587646484,1e-04
0.03287113085389137,0.9866666793823242,1e-04
0.04235811159014702,0.981333315372467,1e-04
0.03155211731791496,0.984000027179718,1e-04
0.03758871555328369,0.984000027179718,1e-04
0.03688644990324974,0.981333315372467,1e-04
0.0317850224673748,0.984000027179718,1e-04
0.031948551535606384,0.9866666793823242,1e-04
0.03208545595407486,0.9893333315849304,1e-04
0.03515932336449623,0.981333315372467,1e-04
0.03504471108317375,0.9893333315849304,1e-04
0.030147921293973923,0.984000027179718,1e-04
0.038697414100170135,0.9760000109672546,1e-04
0.028022339567542076,0.9919999837875366,1e-04
0.02918080985546112,0.984000027179718,1e-04
0.03207990154623985,0.984000027179718,1e-04
0.030300475656986237,0.9893333315849304,1e-04
0.02514532022178173,0.9919999837875366,1e-04
0.03141837194561958,0.9866666793823242,1e-04
0.02681073546409607,0.9866666793823242,1e-04
0.03025050275027752,0.9866666793823242,1e-04
0.024629738181829453,0.9919999837875366,1e-04
0.024662088602781296,0.9919999837875366,1e-04
0.030832946300506592,0.984000027179718,1e-04
0.025017619132995605,0.9866666793823242,1e-04
0.029239652678370476,0.984000027179718,1e-04
0.027372589334845543,0.9893333315849304,1e-04
0.04302731156349182,0.9786666631698608,1e-04
0.03341051563620567,0.9866666793823242,1e-04
0.02543521672487259,0.9893333315849304,1e-04
0.03579955920577049,0.9786666631698608,1e-04
0.03532065451145172,0.9786666631698608,1e-04
0.03929835185408592,0.984000027179718,1e-04
0.050843995064496994,0.9760000109672546,1e-04
0.036521248519420624,0.981333315372467,1e-04
0.030946211889386177,0.9893333315849304,1e-04
0.048435334116220474,0.9786666631698608,1e-04
0.0366012305021286,0.9866666793823242,1e-04
0.036822717636823654,0.984000027179718,1e-04
0.040920861065387726,0.9866666793823242,1e-04
0.029815515503287315,0.984000027179718,1e-04
0.03904440999031067,0.9786666631698608,1e-04
0.04300440475344658,0.9786666631698608,1e-04
0.039153218269348145,0.9786666631698608,1e-04
0.04896753281354904,0.981333315372467,1e-04
0.02920619770884514,0.9893333315849304,1e-04
0.03466175124049187,0.9786666631698608,1e-04
0.02895989455282688,0.984000027179718,1e-04
0.0340372659265995,0.9866666793823242,1e-04
0.039573512971401215,0.981333315372467,1e-04
0.02964942343533039,0.981333315372467,1e-04
0.03981596976518631,0.981333315372467,1e-04
0.030283445492386818,0.9866666793823242,1e-04
0.02712581306695938,0.9919999837875366,1e-04
0.03890271112322807,0.981333315372467,1e-04
0.02825242094695568,0.9866666793823242,1e-04
0.03523584082722664,0.9786666631698608,1e-04
0.03353055566549301,0.981333315372467,1e-04
0.03185774385929108,0.9866666793823242,1e-04
0.026128387078642845,0.9919999837875366,1e-04
0.02534506469964981,0.9946666955947876,1e-04
0.02627287246286869,0.9866666793823242,1e-04
0.031130177900195122,0.984000027179718,1e-04
0.03531718626618385,0.981333315372467,1e-04
0.03964453563094139,0.9866666793823242,1e-04
0.032555099576711655,0.9786666631698608,1e-04
0.03304015472531319,0.9893333315849304,1e-04
0.027754714712500572,0.9893333315849304,1e-04
0.025431640446186066,0.984000027179718,1e-04
0.03595566749572754,0.981333315372467,1e-04
0.03826039284467697,0.9866666793823242,1e-04
0.03600338101387024,0.984000027179718,1e-04
0.031007878482341766,0.984000027179718,1e-04
0.03373046964406967,0.9786666631698608,1e-04
0.02964852936565876,0.984000027179718,1e-04
0.02356898970901966,0.9866666793823242,1e-04
0.04064519330859184,0.9760000109672546,1e-04
0.023638835176825523,0.9893333315849304,1e-04
0.0282218549400568,0.984000027179718,1e-04
0.027842987328767776,0.9866666793823242,1e-04
0.021883441135287285,0.9866666793823242,1e-04
0.026250621303915977,0.9893333315849304,1e-04
0.02339022047817707,0.9893333315849304,1e-04
0.02718767523765564,0.984000027179718,1e-04
0.0301631111651659,0.9866666793823242,1e-04
0.031546637415885925,0.9866666793823242,1e-04
0.023670556023716927,0.984000027179718,1e-04
0.0318794772028923,0.984000027179718,1e-04
0.025525351986289024,0.9946666955947876,1e-04
0.038901202380657196,0.984000027179718,1e-04
0.030741043388843536,0.984000027179718,1e-04
0.02658957429230213,0.984000027179718,1e-04
0.03022407554090023,0.9893333315849304,1e-04
0.023777546361088753,0.9893333315849304,1e-04
0.023668011650443077,0.9866666793823242,1e-04
0.034074414521455765,0.9866666793823242,1e-04
0.03817855194211006,0.9786666631698608,1e-04
0.03392661735415459,0.984000027179718,1e-04
0.02781037986278534,0.9893333315849304,1e-04
0.03481719270348549,0.9786666631698608,1e-04
0.02495383657515049,0.984000027179718,1e-04
0.03019692189991474,0.984000027179718,1e-04
0.029040008783340454,0.9866666793823242,1e-04
0.027558133006095886,0.981333315372467,1e-04
0.02911188453435898,0.981333315372467,1e-04
0.03264160826802254,0.984000027179718,1e-04
0.0268483255058527,0.9866666793823242,1e-04
0.029010843485593796,0.9893333315849304,1e-04
0.029019927605986595,0.981333315372467,1e-04
0.038101986050605774,0.9786666631698608,1e-04
0.024179892614483833,0.9893333315849304,1e-04
0.027595555409789085,0.984000027179718,1e-04
0.02214185893535614,0.9946666955947876,1e-04
0.032317791134119034,0.981333315372467,1e-04
0.03398090973496437,0.9866666793823242,1e-04
0.02672998607158661,0.984000027179718,1e-04
0.03318993002176285,0.9893333315849304,1e-04
0.027232177555561066,0.9893333315849304,1e-04
0.026317449286580086,0.9893333315849304,1e-04
0.04405184090137482,0.9760000109672546,1e-04
0.03036067634820938,0.9866666793823242,1e-04
0.02407284826040268,0.9866666793823242,1e-04
0.03470343351364136,0.984000027179718,1e-04
0.03345784917473793,0.9866666793823242,1e-04
0.032132457941770554,0.9866666793823242,1e-04
0.050605274736881256,0.9733333587646484,1e-04
0.045875243842601776,0.981333315372467,1e-04
0.03416585549712181,0.981333315372467,1e-04
0.038779668509960175,0.984000027179718,1e-04
0.034506287425756454,0.9866666793823242,1e-04
0.035068947821855545,0.9760000109672546,1e-04
0.02580568753182888,0.9893333315849304,1e-04
0.03273380175232887,0.9866666793823242,1e-04
0.025309240445494652,0.9919999837875366,1e-04
0.029393915086984634,0.984000027179718,1e-04
0.03430067375302315,0.9786666631698608,1e-04
0.024126332253217697,0.9919999837875366,1e-04
0.0338117741048336,0.981333315372467,1e-04
0.035639066249132156,0.984000027179718,1e-04
0.0278936717659235,0.984000027179718,1e-04
0.029257265850901604,0.984000027179718,1e-04
0.025148173794150352,0.9866666793823242,1e-04
0.024320023134350777,0.9893333315849304,1e-04
0.033547092229127884,0.9786666631698608,1e-04
0.03584924712777138,0.981333315372467,1e-04
0.03395817056298256,0.9866666793823242,1e-04
0.031923577189445496,0.984000027179718,1e-04
0.029593313112854958,0.981333315372467,1e-04
0.03542354702949524,0.9866666793823242,1e-04
0.029876673594117165,0.981333315372467,1e-04
0.030410023406147957,0.9893333315849304,1e-04
0.03247387707233429,0.984000027179718,1e-04
0.033114831894636154,0.984000027179718,1e-04
0.031508855521678925,0.984000027179718,1e-04
0.027592096477746964,0.9893333315849304,1e-04
0.03455861285328865,0.981333315372467,1e-04
0.029369741678237915,0.984000027179718,1e-04
0.030070729553699493,0.984000027179718,1e-04
0.04645589739084244,0.9733333587646484,1e-04
0.022968996316194534,0.9919999837875366,1e-04
0.047863252460956573,0.9733333587646484,1e-04
0.02955891378223896,0.981333315372467,1e-04
0.02953268215060234,0.9866666793823242,1e-04
0.03952812775969505,0.984000027179718,1e-04
0.035591598600149155,0.9866666793823242,1e-04
0.0279293954372406,0.9866666793823242,1e-04
0.030166229233145714,0.9893333315849304,1e-04
0.029179634526371956,0.984000027179718,1e-04
0.03352103754878044,0.984000027179718,1e-04
0.03504848852753639,0.984000027179718,1e-04
0.025760803371667862,0.9866666793823242,1e-04
0.02903587371110916,0.9866666793823242,1e-04
0.02466600202023983,0.9866666793823242,1e-04
0.02698845975100994,0.981333315372467,1e-04
0.02587595023214817,0.984000027179718,1e-04
0.019031774252653122,0.9919999837875366,1e-04
0.03732619062066078,0.9786666631698608,1e-04
0.040610454976558685,0.984000027179718,1e-04
0.027644800022244453,0.9893333315849304,1e-04
0.033428337424993515,0.981333315372467,1e-04
0.04426191374659538,0.981333315372467,1e-04
0.03282054513692856,0.9866666793823242,1e-04
0.05976980924606323,0.9679999947547913,1e-04
0.04999852553009987,0.981333315372467,1e-04
0.04113222658634186,0.981333315372467,1e-04
0.03853699564933777,0.981333315372467,1e-04
0.04262738674879074,0.9866666793823242,1e-04
0.031049398705363274,0.9893333315849304,1e-04
0.033298593014478683,0.9866666793823242,1e-04
0.023973381146788597,0.9919999837875366,1e-04
0.02741963416337967,0.9893333315849304,1e-04
0.02691328339278698,0.9893333315849304,1e-04
0.03404531255364418,0.9786666631698608,1e-04
0.034922242164611816,0.984000027179718,1e-04
0.024461880326271057,0.9893333315849304,1e-04
0.03073037415742874,0.9866666793823242,1e-04
0.024585513398051262,0.9893333315849304,1e-04
0.030736686661839485,0.984000027179718,1e-04
0.02910403534770012,0.9866666793823242,1e-04
0.03131641447544098,0.981333315372467,1e-04
0.024189971387386322,0.9893333315849304,1e-04
0.03183024749159813,0.9866666793823242,1e-04
0.030592186376452446,0.9866666793823242,1e-04
0.03147798776626587,0.984000027179718,1e-04
0.03589009866118431,0.9760000109672546,1e-04
0.030653899535536766,0.9866666793823242,1e-04
0.0297318696975708,0.9893333315849304,1e-04
0.026346853002905846,0.9919999837875366,1e-04
0.028172694146633148,0.984000027179718,1e-04
0.03134073317050934,0.981333315372467,1e-04
0.023653872311115265,0.9919999837875366,1e-04
0.022995933890342712,0.9919999837875366,1e-04
0.03047107718884945,0.9893333315849304,1e-04
0.026855768635869026,0.9866666793823242,1e-04
0.0254058837890625,0.9866666793823242,1e-04
0.02364000678062439,0.9893333315849304,1e-04
0.03474077954888344,0.9866666793823242,1e-04
0.029526814818382263,0.9866666793823242,1e-04
0.029164250940084457,0.9866666793823242,1e-04
0.0299419816583395,0.9866666793823242,1e-04
0.05150562524795532,0.9733333587646484,1e-04
0.03464784845709801,0.981333315372467,1e-04
0.05078304558992386,0.9786666631698608,1e-04
0.027779405936598778,0.9893333315849304,1e-04
0.03174503520131111,0.981333315372467,1e-04
0.034083619713783264,0.981333315372467,1e-04
0.024845723062753677,0.9866666793823242,1e-04
0.022447042167186737,0.9973333477973938,1e-04
0.02482173591852188,0.9919999837875366,1e-04
0.02306634746491909,0.9893333315849304,1e-04
0.02377261593937874,0.9919999837875366,1e-04
0.027235491201281548,0.9866666793823242,1e-04
0.028377166017889977,0.9866666793823242,1e-04
0.03063557855784893,0.984000027179718,1e-04
0.02475362829864025,0.981333315372467,1e-04
0.02869315631687641,0.9866666793823242,1e-04
0.03026566095650196,0.984000027179718,1e-04
0.026936223730444908,0.9866666793823242,1e-04
0.02800738997757435,0.9893333315849304,1e-04
0.0334337092936039,0.9893333315849304,1e-04
0.02948683127760887,0.9893333315849304,1e-04
0.023852236568927765,0.9893333315849304,1e-04
0.0210859477519989,0.9946666955947876,1e-04
0.02484101615846157,0.9866666793823242,1e-04
0.030672691762447357,0.981333315372467,1e-04
0.028495145961642265,0.9866666793823242,1e-04
0.029874250292778015,0.9866666793823242,1e-04
0.03347509726881981,0.9786666631698608,1e-04
0.032428890466690063,0.9893333315849304,1e-04
0.036851175129413605,0.984000027179718,1e-04
0.037456806749105453,0.981333315372467,1e-04
0.029287489131093025,0.9893333315849304,1e-04
0.027655726298689842,0.9893333315849304,1e-04
0.030369438230991364,0.9919999837875366,1e-04
0.028339499607682228,0.9866666793823242,1e-04
0.02933482453227043,0.9866666793823242,1e-04
0.029470087960362434,0.981333315372467,1e-04
0.03279506787657738,0.9866666793823242,1e-04
0.02786579355597496,0.984000027179718,1e-04
0.02643776871263981,0.9866666793823242,1e-04
0.02873191051185131,0.984000027179718,1e-04
0.023676982149481773,0.984000027179718,1e-04
0.024514958262443542,0.984000027179718,1e-04
0.024053238332271576,0.9919999837875366,1e-04
0.02376519702374935,0.9866666793823242,1e-04
0.0324600487947464,0.984000027179718,1e-04
0.022094419226050377,0.9919999837875366,1e-04
0.031266480684280396,0.984000027179718,1e-04
0.032498687505722046,0.9893333315849304,1e-04
0.03922161087393761,0.981333315372467,1e-04
0.03129136189818382,0.9866666793823242,1e-04
0.030426478013396263,0.981333315372467,1e-04
0.028200749307870865,0.9893333315849304,1e-04
0.02007606066763401,0.9919999837875366,1e-04
0.021926406770944595,0.9893333315849304,1e-04
0.027023721486330032,0.9893333315849304,1e-04
0.03044346533715725,0.9866666793823242,1e-04
0.027435990050435066,0.9866666793823242,1e-04
0.024319790303707123,0.9893333315849304,1e-04
0.027982836589217186,0.984000027179718,1e-04
0.03377145901322365,0.9866666793823242,1e-04
0.03290244936943054,0.981333315372467,1e-04
0.029409436509013176,0.984000027179718,1e-04
0.02272747829556465,0.9919999837875366,1e-04
0.02323191612958908,0.9893333315849304,1e-04
0.03660184144973755,0.981333315372467,1e-04
0.025103215128183365,0.9866666793823242,1e-04
0.028428956866264343,0.984000027179718,1e-04
0.021746942773461342,0.9919999837875366,1e-04
0.027748756110668182,0.9866666793823242,1e-04
0.023709233850240707,0.9893333315849304,1e-04
0.027529217302799225,0.9866666793823242,1e-04
0.022334029898047447,0.9893333315849304,1e-04
0.018853461369872093,0.9946666955947876,1e-04
0.019758393988013268,0.9893333315849304,1e-04
0.023596694692969322,0.9893333315849304,1e-04
0.02643602527678013,0.984000027179718,1e-04
0.02600904554128647,0.9866666793823242,1e-04
0.019515877589583397,0.9919999837875366,1e-04
0.021877150982618332,0.9919999837875366,1e-04
0.03422055393457413,0.981333315372467,1e-04
0.024264594539999962,0.9893333315849304,1e-04
0.03004356101155281,0.9786666631698608,1e-04
0.025847582146525383,0.981333315372467,1e-04
0.022451767697930336,0.9919999837875366,1e-04
0.023200709372758865,0.9866666793823242,1e-04
0.03269597515463829,0.9866666793823242,1e-04
0.028627755120396614,0.9893333315849304,1e-04
0.03228004649281502,0.981333315372467,1e-04
0.02152671106159687,0.9946666955947876,1e-04
0.026279525831341743,0.984000027179718,1e-04
0.02493823692202568,0.9866666793823242,1e-04
0.020306559279561043,0.9893333315849304,1e-04
0.022418569773435593,0.9893333315849304,1e-04
0.02334674820303917,0.9866666793823242,1e-04
0.0345938466489315,0.9786666631698608,1e-04
0.02173958159983158,0.9866666793823242,1e-04
0.02976636216044426,0.981333315372467,1e-04
0.023847881704568863,0.9866666793823242,1e-04
0.027688782662153244,0.9893333315849304,1e-04
0.021582122892141342,0.9866666793823242,1e-04
0.03006828762590885,0.981333315372467,1e-04
0.0245211161673069,0.981333315372467,1e-04
0.0245397686958313,0.9893333315849304,1e-04
0.03476760536432266,0.984000027179718,1e-04
0.03193337470293045,0.984000027179718,1e-04
0.028454085811972618,0.9866666793823242,1e-04
0.04021038860082626,0.984000027179718,1e-04
0.039803605526685715,0.984000027179718,1e-04
0.046301066875457764,0.9786666631698608,1e-04
0.03948025777935982,0.9786666631698608,1e-04
0.023436199873685837,0.9919999837875366,1e-04
0.03224225714802742,0.981333315372467,1e-04
0.02781624346971512,0.9893333315849304,1e-04
0.03565697371959686,0.981333315372467,1e-04
0.0409703403711319,0.9786666631698608,1e-04
0.03219747543334961,0.984000027179718,1e-04
0.037258196622133255,0.9786666631698608,1e-04
0.03530048951506615,0.984000027179718,1e-04
0.021848266944289207,0.9919999837875366,1e-04
0.02743486873805523,0.984000027179718,1e-04
0.02735765092074871,0.9893333315849304,1e-04
0.02529197931289673,0.9893333315849304,1e-04
0.022138437256217003,0.9946666955947876,1e-04
0.021771522238850594,0.9919999837875366,1e-04
0.02911098301410675,0.9893333315849304,1e-04
0.03727249428629875,0.9786666631698608,1e-04
0.0345940962433815,0.981333315372467,1e-04
0.02732163667678833,0.9866666793823242,1e-04
0.030783696100115776,0.984000027179718,1e-04
0.02825433574616909,0.9866666793823242,1e-04
0.022797290235757828,0.9893333315849304,1e-04
0.02661418728530407,0.9866666793823242,1e-04
0.022317787632346153,0.9893333315849304,1e-04
0.023000122979283333,0.9866666793823242,1e-04
0.023252926766872406,0.9919999837875366,1e-04
0.025184674188494682,0.9919999837875366,1e-04
0.023933209478855133,0.9893333315849304,1e-04
0.026871591806411743,0.9866666793823242,1e-04
0.032686710357666016,0.9866666793823242,1e-04
0.02748856134712696,0.981333315372467,1e-04
0.02640785649418831,0.984000027179718,1e-04
0.023884868249297142,0.9919999837875366,1e-04
0.02199307084083557,0.9866666793823242,1e-04
0.02339128404855728,0.9893333315849304,1e-04
0.026340125128626823,0.9866666793823242,1e-04
0.020155800506472588,0.9919999837875366,1e-04
0.02086499147117138,0.9946666955947876,1e-04
0.025486472994089127,0.9893333315849304,1e-04
0.02651963382959366,0.9866666793823242,1e-04
0.03293696045875549,0.984000027179718,1e-04
0.032565537840127945,0.9760000109672546,1e-04
0.022805755957961082,0.9866666793823242,1e-04
0.02732526697218418,0.9893333315849304,1e-04
0.02011694200336933,0.9866666793823242,1e-04
0.02449849620461464,0.9919999837875366,1e-04
0.020891716703772545,0.9973333477973938,1e-04
0.0265161395072937,0.984000027179718,1e-04
0.022406430914998055,0.9866666793823242,1e-04
0.021395398303866386,0.9919999837875366,1e-04
0.024179702624678612,0.9866666793823242,1e-04
0.020306557416915894,0.9919999837875366,1e-04
0.029082925990223885,0.9866666793823242,1e-04
0.03897339478135109,0.981333315372467,1e-04
0.03193829953670502,0.981333315372467,1e-04
0.026954472064971924,0.9866666793823242,1e-04
0.040612611919641495,0.9760000109672546,1e-04
0.029842963442206383,0.984000027179718,1e-04
0.030611690133810043,0.984000027179718,1e-04
0.02518894523382187,0.984000027179718,1e-04
0.02277611568570137,0.9893333315849304,1e-04
0.02323933131992817,0.9946666955947876,1e-04
0.026140322908759117,0.984000027179718,1e-04
0.02232641912996769,0.9866666793823242,1e-04
0.026400461792945862,0.984000027179718,1e-04
0.02342330850660801,0.9919999837875366,1e-04
0.03637541085481644,0.9786666631698608,1e-04
0.02499612420797348,0.9893333315849304,1e-04
0.022664232179522514,0.9866666793823242,1e-04
0.02067418582737446,0.9919999837875366,1e-04
0.023960469290614128,0.9866666793823242,1e-04
0.021943997591733932,0.9893333315849304,1e-04
0.023382801562547684,0.9866666793823242,1e-04
0.03222610428929329,0.9866666793823242,1e-04
0.041015904396772385,0.981333315372467,1e-04
0.0321674719452858,0.9866666793823242,1e-04
0.033429864794015884,0.984000027179718,1e-04
0.03231000900268555,0.981333315372467,1e-04
0.028881732374429703,0.984000027179718,1e-04
0.04596315696835518,0.9706666469573975,1e-04
0.026529408991336823,0.984000027179718,1e-04
0.029642103239893913,0.981333315372467,1e-04
0.032328952103853226,0.9786666631698608,1e-04
0.025320719927549362,0.9919999837875366,1e-04
0.025738172233104706,0.9866666793823242,1e-04
0.02825484238564968,0.9786666631698608,1e-04
0.029638849198818207,0.981333315372467,1e-04
0.027585837990045547,0.984000027179718,1e-04
0.02514234371483326,0.9893333315849304,1e-04
0.025250717997550964,0.9893333315849304,1e-04
0.02251887507736683,0.9919999837875366,1e-04
0.02310880832374096,0.9866666793823242,1e-04
0.021610844880342484,0.9893333315849304,1e-04
0.025340568274259567,0.984000027179718,1e-04
0.02478237822651863,0.9866666793823242,1e-04
0.0352620966732502,0.9866666793823242,1e-04
0.026935091242194176,0.9866666793823242,1e-04
0.026303425431251526,0.9866666793823242,1e-04
0.02391311712563038,0.9919999837875366,1e-04
0.03090287744998932,0.9866666793823242,1e-04
0.02359488420188427,0.9866666793823242,1e-04
0.02383931539952755,0.9866666793823242,1e-04
0.023571889847517014,0.9893333315849304,1e-04
0.027298711240291595,0.981333315372467,1e-04
0.01981082186102867,0.9893333315849304,1e-04
0.025777867063879967,0.981333315372467,1e-04
0.022463159635663033,0.9919999837875366,1e-04
0.022110221907496452,0.984000027179718,1e-04
0.03830978274345398,0.981333315372467,1e-04
0.025996826589107513,0.9866666793823242,1e-04
0.02674102783203125,0.9866666793823242,1e-04
0.02707543410360813,0.9866666793823242,1e-04
0.025434739887714386,0.984000027179718,1e-04
0.02436477690935135,0.9893333315849304,1e-04
0.022872213274240494,0.9866666793823242,1e-04
0.023600293323397636,0.9866666793823242,1e-04
0.02200097218155861,0.9866666793823242,1e-04
0.02185308374464512,0.9893333315849304,1e-04
0.01750406250357628,0.9946666955947876,1e-04
0.024891255423426628,0.984000027179718,1e-04
0.023907480761408806,0.9866666793823242,1e-04
0.025565417483448982,0.9866666793823242,1e-04
0.02424922212958336,0.9893333315849304,1e-04
0.02344580553472042,0.9919999837875366,1e-04
0.028845973312854767,0.9866666793823242,1e-04
0.026473592966794968,0.9893333315849304,1e-04
0.02295413799583912,0.9919999837875366,1e-04
0.023828629404306412,0.984000027179718,1e-04
0.021232938393950462,0.9919999837875366,1e-04
0.02953997813165188,0.984000027179718,1e-04
0.02861415036022663,0.9893333315849304,1e-04
0.02190047688782215,0.9866666793823242,1e-04
0.03550625219941139,0.9760000109672546,1e-04
0.029540199786424637,0.984000027179718,1e-04
0.027124295011162758,0.9866666793823242,1e-04
0.026680832728743553,0.9866666793823242,1e-04
0.025147251784801483,0.9866666793823242,1e-04
0.02291976846754551,0.9893333315849304,1e-04
0.02593480423092842,0.9866666793823242,1e-04
0.031618282198905945,0.984000027179718,1e-04
0.034467753022909164,0.9866666793823242,1e-04
0.031483326107263565,0.984000027179718,1e-04
0.031541984528303146,0.981333315372467,1e-04
0.03586136922240257,0.981333315372467,1e-04
0.023354114964604378,0.9893333315849304,1e-04
0.025242548435926437,0.984000027179718,1e-04
0.020371215417981148,0.9866666793823242,1e-04
0.025019193068146706,0.9893333315849304,1e-04
0.021301893517374992,0.9893333315849304,1e-04
0.025390151888132095,0.9866666793823242,1e-04
0.020042775198817253,0.9946666955947876,1e-04
0.021649645641446114,0.9893333315849304,1e-04
0.019366318359971046,0.9893333315849304,1e-04
0.028906134888529778,0.9866666793823242,1e-04
0.023100944235920906,0.9893333315849304,1e-04
0.027444934472441673,0.9866666793823242,1e-04
0.02062804251909256,0.9866666793823242,1e-04
0.025622444227337837,0.984000027179718,1e-04
0.027451977133750916,0.984000027179718,1e-04
0.018867097795009613,0.9893333315849304,1e-04
0.021786551922559738,0.9893333315849304,1e-04
0.023555686697363853,0.9866666793823242,1e-04
0.019222693517804146,0.9919999837875366,1e-04
0.02366766892373562,0.9893333315849304,1e-04
0.020352346822619438,0.9893333315849304,1e-04
0.02758195251226425,0.9866666793823242,1e-04
0.022002799436450005,0.9893333315849304,1e-04
0.023787271231412888,0.984000027179718,1e-04
0.02684980444610119,0.9893333315849304,1e-04
0.02672950178384781,0.984000027179718,1e-04
0.02569754049181938,0.9866666793823242,1e-04
0.03759373724460602,0.9866666793823242,1e-04
0.025279678404331207,0.9893333315849304,1e-04
0.02674286998808384,0.984000027179718,1e-04
0.02680208906531334,0.9919999837875366,1e-04
0.022047942504286766,0.9866666793823242,1e-04
0.027860265225172043,0.9866666793823242,1e-04
0.027218496426939964,0.9893333315849304,1e-04
0.03174301236867905,0.984000027179718,1e-04
0.02674897573888302,0.9866666793823242,1e-04
0.024059919640421867,0.9893333315849304,1e-04
0.030967824161052704,0.9786666631698608,1e-04
0.030988579615950584,0.9866666793823242,1e-04
0.024080554023385048,0.9866666793823242,1e-04
0.022294804453849792,0.9893333315849304,1e-04
0.026433095335960388,0.9866666793823242,1e-04
0.023149868473410606,0.9866666793823242,1e-04
0.024098001420497894,0.984000027179718,1e-04
0.024376777932047844,0.9893333315849304,1e-04
0.02381814830005169,0.9866666793823242,1e-04
0.022334901615977287,0.9866666793823242,1e-04
0.02089398168027401,0.9919999837875366,1e-04
0.023041460663080215,0.9893333315849304,1e-04
0.01793629676103592,0.9919999837875366,1e-04
0.02652571350336075,0.9866666793823242,1e-04
0.021517852321267128,0.9946666955947876,1e-04
0.023572852835059166,0.9866666793823242,1e-04
0.024290509521961212,0.9919999837875366,1e-04
0.02409624680876732,0.984000027179718,1e-04
0.02006925269961357,0.9919999837875366,1e-04
0.02507069706916809,0.9893333315849304,1e-04
0.020599255338311195,0.9946666955947876,1e-04
0.027810117229819298,0.9866666793823242,1e-04
0.02402648888528347,0.9866666793823242,1e-04
0.02636907994747162,0.9893333315849304,1e-04
0.029787350445985794,0.984000027179718,1e-04
0.022877486422657967,0.9893333315849304,1e-04
0.022305455058813095,0.9893333315849304,1e-04
0.02150636725127697,0.9866666793823242,1e-04
0.022102057933807373,0.9893333315849304,1e-04
0.02552574686706066,0.9866666793823242,1e-04
0.026978205889463425,0.9866666793823242,1e-04
0.028245486319065094,0.981333315372467,1e-04
0.018916524946689606,0.9919999837875366,1e-04
0.022221622988581657,0.9866666793823242,1e-04
0.02604389190673828,0.9866666793823242,1e-04
0.019478628411889076,0.9919999837875366,1e-04
0.01986394077539444,0.9893333315849304,1e-04
0.022251462563872337,0.984000027179718,1e-04
0.0227888785302639,0.9866666793823242,1e-04
0.027424994856119156,0.9866666793823242,1e-04
0.02303336001932621,0.9893333315849304,1e-04
0.029355695471167564,0.9893333315849304,1e-04
0.021177012473344803,0.9919999837875366,1e-04
0.02288942039012909,0.9866666793823242,1e-04
0.02153491973876953,0.984000027179718,1e-04
0.02042960189282894,0.9973333477973938,1e-04
0.016652315855026245,0.9919999837875366,1e-04
0.01732557639479637,0.9919999837875366,1e-04
0.031660668551921844,0.984000027179718,1e-04
0.032581623643636703,0.9893333315849304,1e-04
0.026812106370925903,0.984000027179718,1e-04
0.032128218561410904,0.9893333315849304,1e-04
0.030755355954170227,0.984000027179718,1e-04
0.036033909767866135,0.981333315372467,1e-04
0.03312797471880913,0.9866666793823242,1e-04
0.02401256002485752,0.9919999837875366,1e-04
0.024023009464144707,0.9893333315849304,1e-04
0.020549576729536057,0.9893333315849304,1e-04
0.022523898631334305,0.984000027179718,1e-04
0.020444516092538834,0.9893333315849304,1e-04
0.021480130031704903,0.9893333315849304,1e-04
0.019176652655005455,0.9946666955947876,1e-04
0.020435992628335953,0.9919999837875366,1e-04
0.023493057116866112,0.981333315372467,1e-04
0.02226727083325386,0.9866666793823242,1e-04
0.024667469784617424,0.9866666793823242,1e-04
0.026638992130756378,0.9866666793823242,1e-04
0.024234537035226822,0.9893333315849304,1e-04
0.019298335537314415,0.9893333315849304,1e-04
0.02759760059416294,0.981333315372467,1e-04
0.033829379826784134,0.984000027179718,1e-04
0.0240562055259943,0.9893333315849304,1e-04
0.02875809744000435,0.984000027179718,1e-04
0.02557608298957348,0.9866666793823242,1e-04
0.02346494048833847,0.9893333315849304,1e-04
0.028414703905582428,0.9866666793823242,1e-04
0.024938829243183136,0.981333315372467,1e-04
0.026033693924546242,0.9866666793823242,1e-04
0.02538401074707508,0.9893333315849304,1e-04
0.020946960896253586,0.9893333315849304,1e-04
0.02077886275947094,0.9893333315849304,1e-04
0.021916083991527557,0.9866666793823242,1e-04
0.023018233478069305,0.9893333315849304,1e-04
0.01785774901509285,0.9919999837875366,1e-04
0.025063389912247658,0.984000027179718,1e-04
0.02249584160745144,0.9893333315849304,1e-04
0.022380005568265915,0.9866666793823242,1e-04
0.02119225449860096,0.9893333315849304,1e-04
0.020276911556720734,0.9893333315849304,1e-04
0.024979794397950172,0.981333315372467,1e-04
0.02213343046605587,0.9866666793823242,1e-04
0.025775456801056862,0.9893333315849304,1e-04
0.026580043137073517,0.984000027179718,1e-04
0.020573172718286514,0.9919999837875366,1e-04
0.03125358745455742,0.984000027179718,1e-04
0.02781107649207115,0.9866666793823242,1e-04
0.024943100288510323,0.9866666793823242,1e-04
0.02894655428826809,0.984000027179718,1e-04
0.023025229573249817,0.9893333315849304,1e-04
0.02533833123743534,0.9866666793823242,1e-04
0.025895075872540474,0.9866666793823242,1e-04
0.024786435067653656,0.984000027179718,1e-04
0.027929585427045822,0.9893333315849304,1e-04
0.020759664475917816,0.9919999837875366,1e-04
0.028241673484444618,0.984000027179718,1e-04
0.018959123641252518,0.9893333315849304,1e-04
0.024327000603079796,0.9893333315849304,1e-04
0.028185786679387093,0.984000027179718,1e-04
0.023852499201893806,0.9866666793823242,1e-04
0.020926469936966896,0.9866666793823242,1e-04
0.028270555660128593,0.9893333315849304,1e-04
0.018343841657042503,0.9946666955947876,1e-04
0.02733505517244339,0.9919999837875366,1e-04
0.026925457641482353,0.9893333315849304,1e-04
0.027827376499772072,0.9786666631698608,1e-04
0.022281242534518242,0.9866666793823242,1e-04
0.0185634084045887,0.9893333315849304,1e-04
0.02228725515305996,0.984000027179718,1e-04
0.021631326526403427,0.984000027179718,1e-04
0.019587643444538116,0.9919999837875366,1e-04
0.02025500312447548,0.9893333315849304,1e-04
0.02056717686355114,0.9893333315849304,1e-04
0.02297241985797882,0.9893333315849304,1e-04
0.026886610314249992,0.981333315372467,1e-04
0.022870082408189774,0.9893333315849304,1e-04
0.022383322939276695,0.984000027179718,1e-04
0.02359047532081604,0.9893333315849304,1e-04
0.027218664065003395,0.984000027179718,1e-04
0.025511199608445168,0.9866666793823242,1e-04
0.020235605537891388,0.9946666955947876,1e-04
0.021818462759256363,0.9866666793823242,1e-04
0.025320740416646004,0.9919999837875366,1e-04
0.021846095100045204,0.9893333315849304,1e-04
0.029448000714182854,0.9866666793823242,1e-04
0.021075228229165077,0.9893333315849304,1e-04
0.021443046629428864,0.9866666793823242,1e-04
0.020864391699433327,0.9866666793823242,1e-04
0.02105959877371788,0.9893333315849304,1e-04
0.01984945870935917,0.9893333315849304,1e-04
0.022606946527957916,0.984000027179718,1e-04
0.02683037519454956,0.984000027179718,1e-04
0.031872425228357315,0.984000027179718,1e-04
0.03892488777637482,0.981333315372467,1e-04
0.030861228704452515,0.9866666793823242,1e-04
0.0327722504734993,0.984000027179718,1e-04
0.03238179534673691,0.9866666793823242,1e-04
0.02541547641158104,0.984000027179718,1e-04
0.03241211548447609,0.9866666793823242,1e-04
0.026027806103229523,0.9866666793823242,1e-04
0.02495483309030533,0.984000027179718,1e-04
0.024088826030492783,0.984000027179718,1e-04
0.026842372491955757,0.984000027179718,1e-04
0.0229309294372797,0.984000027179718,1e-04
0.02441035769879818,0.9866666793823242,1e-04
0.024569617584347725,0.984000027179718,1e-04
0.02365492470562458,0.9866666793823242,1e-04
0.022804515436291695,0.9866666793823242,1e-04
0.0227811299264431,0.9866666793823242,1e-04
0.018921786919236183,0.9893333315849304,1e-04
0.01937282085418701,0.9893333315849304,1e-04
0.018713880330324173,0.9919999837875366,1e-04
0.024214649572968483,0.9866666793823242,1e-04
0.019000712782144547,0.9919999837875366,1e-04
0.02014595828950405,0.9893333315849304,1e-04
0.02305637113749981,0.9893333315849304,1e-04
0.022400280460715294,0.9893333315849304,1e-04
0.02173973247408867,0.9866666793823242,1e-04
0.017112597823143005,0.9919999837875366,1e-04
0.026892315596342087,0.9866666793823242,1e-04
0.019792664796113968,0.9893333315849304,1e-04
0.02687126211822033,0.9866666793823242,1e-04
0.024347122758626938,0.9866666793823242,1e-04
0.02085070125758648,0.9866666793823242,1e-04
0.022047134116292,0.981333315372467,1e-04
0.023604977875947952,0.984000027179718,1e-04
0.033581819385290146,0.9786666631698608,1e-04
0.021206913515925407,0.9919999837875366,1e-04
0.02552230842411518,0.984000027179718,1e-04
0.022327609360218048,0.9893333315849304,1e-04
0.018482085317373276,0.9946666955947876,1e-04
0.03411877527832985,0.981333315372467,1e-04
0.029184656217694283,0.981333315372467,1e-04
0.02848336100578308,0.9866666793823242,1e-04
0.05213122069835663,0.9786666631698608,1e-04
0.04330241307616234,0.9760000109672546,1e-04
0.0312186386436224,0.984000027179718,1e-04
0.03141811490058899,0.9786666631698608,1e-04
0.02544967643916607,0.9866666793823242,1e-04
0.022746482864022255,0.9893333315849304,1e-04
0.027932357043027878,0.9866666793823242,1e-04
0.027999326586723328,0.981333315372467,1e-04
0.024328328669071198,0.9893333315849304,1e-04
0.027339106425642967,0.984000027179718,1e-04
0.022364770993590355,0.9866666793823242,1e-04
0.02288183569908142,0.9866666793823242,1e-04
0.019460363313555717,0.9893333315849304,1e-04
0.025246761739253998,0.984000027179718,1e-04
0.021044151857495308,0.9919999837875366,1e-04
0.022606948390603065,0.9946666955947876,1e-04
0.023818038403987885,0.9866666793823242,1e-04
0.018333250656723976,0.9919999837875366,1e-04
0.026225373148918152,0.9866666793823242,1e-04
0.021404271945357323,0.9919999837875366,1e-04
0.020746061578392982,0.9893333315849304,1e-04
0.024400103837251663,0.984000027179718,1e-04
0.022484296932816505,0.9866666793823242,1e-04
0.022429972887039185,0.9919999837875366,1e-04
0.022092942148447037,0.9893333315849304,1e-04
0.021941110491752625,0.9866666793823242,1e-04
0.017033150419592857,0.9946666955947876,1e-04
0.030283795669674873,0.9786666631698608,1e-04
0.023703159764409065,0.9866666793823242,1e-04
0.028041284531354904,0.9866666793823242,1e-04
0.02309281937777996,0.9866666793823242,1e-04
0.028331080451607704,0.9866666793823242,1e-04
0.023083750158548355,0.9866666793823242,1e-04
0.02694689854979515,0.981333315372467,1e-04
0.020652098581194878,0.9893333315849304,1e-04
0.02561628259718418,0.9866666793823242,1e-04
0.03290428966283798,0.984000027179718,1e-04
0.020075956359505653,0.9919999837875366,1e-04
0.031166600063443184,0.9866666793823242,1e-04
0.02436169981956482,0.984000027179718,1e-04
0.03119518607854843,0.981333315372467,1e-04
0.017337359488010406,0.9946666955947876,1e-04
0.03136429563164711,0.984000027179718,1e-04
0.02242821268737316,0.9866666793823242,1e-04
0.024655919522047043,0.984000027179718,1e-04
0.023909909650683403,0.9866666793823242,1e-04
0.02304072119295597,0.9866666793823242,1e-04
0.020439745858311653,0.9919999837875366,1e-04
0.023542704060673714,0.984000027179718,1e-04
0.014826979488134384,0.9973333477973938,1e-04
0.03151760250329971,0.984000027179718,1e-04
0.019784361124038696,0.9919999837875366,1e-04
0.02545383758842945,0.984000027179718,1e-04
0.020974017679691315,0.9866666793823242,1e-04
0.0205386932939291,0.9893333315849304,1e-04
0.02187376841902733,0.9866666793823242,1e-04
0.023174140602350235,0.9866666793823242,1e-04
0.0303997490555048,0.981333315372467,1e-04
0.020861338824033737,0.9946666955947876,1e-04
0.023255810141563416,0.9946666955947876,1e-04
0.02473079413175583,0.981333315372467,1e-04
0.02400028705596924,0.9866666793823242,1e-04
0.02273027040064335,0.9866666793823242,1e-04
0.023244792595505714,0.9866666793823242,1e-04
0.02008773945271969,0.9893333315849304,1e-04
0.02596074342727661,0.981333315372467,1e-04
0.027480579912662506,0.9866666793823242,1e-04
0.02587508223950863,0.984000027179718,1e-04
0.022501133382320404,0.9866666793823242,1e-04
0.028613870963454247,0.9866666793823242,1e-04
0.02678717114031315,0.9866666793823242,1e-04
0.02642183005809784,0.9893333315849304,1e-04
0.020791007205843925,0.9893333315849304,1e-04
0.022627467289566994,0.9866666793823242,1e-04
0.018564682453870773,0.9866666793823242,1e-04
0.02355595864355564,0.9893333315849304,1e-04
0.020950419828295708,0.9866666793823242,1e-04
0.022906113415956497,0.981333315372467,1e-04
0.02087191306054592,0.9919999837875366,1e-04
0.023158498108386993,0.9919999837875366,1e-04
0.02352677471935749,0.9893333315849304,1e-04
0.02342754602432251,0.984000027179718,1e-04
0.022078780457377434,0.9893333315849304,1e-04
0.024426773190498352,0.9893333315849304,1e-04
0.02053290605545044,0.9919999837875366,1e-04
0.036290403455495834,0.981333315372467,1e-04
0.0241478830575943,0.9866666793823242,1e-04
0.03095298446714878,0.9919999837875366,1e-04
0.03615937381982803,0.984000027179718,1e-04
0.021922573447227478,0.9893333315849304,1e-04
0.02823212742805481,0.9866666793823242,1e-04
0.02596442587673664,0.9866666793823242,1e-04
0.03441261872649193,0.981333315372467,1e-04
0.029225293546915054,0.9866666793823242,1e-04
0.03678211569786072,0.9893333315849304,1e-04
0.03645807504653931,0.9866666793823242,1e-04
0.044424574822187424,0.9733333587646484,1e-04
0.033988118171691895,0.9866666793823242,1e-04
0.03158436715602875,0.9893333315849304,1e-04
0.021210428327322006,0.9893333315849304,1e-04
0.022216664627194405,0.9893333315849304,1e-04
0.03893629088997841,0.981333315372467,1e-04
0.0228591226041317,0.9866666793823242,1e-04
0.03030574880540371,0.9866666793823242,1e-04
0.02334972843527794,0.9919999837875366,1e-04
0.026151081547141075,0.9866666793823242,1e-04
0.021745366975665092,0.9893333315849304,1e-04
0.02593814581632614,0.9866666793823242,1e-04
0.0218924842774868,0.9866666793823242,1e-04
0.023958921432495117,0.9866666793823242,1e-04
0.024131713435053825,0.9866666793823242,1e-04
0.02170737460255623,0.9893333315849304,1e-04
0.02037760242819786,0.9919999837875366,1e-04
0.022315846756100655,0.9893333315849304,1e-04
0.026907872408628464,0.9866666793823242,1e-04
0.029547760263085365,0.9786666631698608,1e-04
0.024588823318481445,0.984000027179718,1e-04
0.022401250898838043,0.9866666793823242,1e-04
0.024731140583753586,0.984000027179718,1e-04
0.025668108835816383,0.9893333315849304,1e-04
0.021768946200609207,0.9893333315849304,1e-04
0.02013200893998146,0.9919999837875366,1e-04
0.02229893021285534,0.9866666793823242,1e-04
0.016865883022546768,0.9919999837875366,1e-04
0.020453069359064102,0.9893333315849304,1e-04
0.030513234436511993,0.9893333315849304,1e-04
0.018688740208745003,0.9893333315849304,1e-04
0.025785675272345543,0.9893333315849304,1e-04
0.0239323228597641,0.9893333315849304,1e-04
0.024203132838010788,0.984000027179718,1e-04
0.021513352170586586,0.9893333315849304,1e-04
0.025506319478154182,0.981333315372467,1e-04
0.02031068131327629,0.9919999837875366,1e-04
0.02190702222287655,0.9919999837875366,1e-04
0.02989836595952511,0.9893333315849304,1e-04
0.030476326122879982,0.981333315372467,1e-04
0.02372586354613304,0.984000027179718,1e-04
0.023229243233799934,0.984000027179718,1e-04
0.02528032660484314,0.9866666793823242,1e-04
0.02306739240884781,0.9946666955947876,1e-04
0.02145231142640114,0.9893333315849304,1e-04
0.021165451034903526,0.984000027179718,1e-04
0.02225426398217678,0.9893333315849304,1e-04
0.026986928656697273,0.9866666793823242,1e-04
0.01778092421591282,0.9919999837875366,1e-04
0.02276935800909996,0.9893333315849304,1e-04
0.02149110846221447,0.9866666793823242,1e-04
0.02951938845217228,0.984000027179718,1e-04
0.02374228835105896,0.9919999837875366,1e-04
0.028629867359995842,0.9893333315849304,1e-04
0.020211631432175636,0.9919999837875366,1e-04
0.035595085471868515,0.981333315372467,1e-04
0.02642843686044216,0.9893333315849304,1e-04
0.029690833762288094,0.981333315372467,1e-04
0.023793183267116547,0.9866666793823242,1e-04
0.0274223480373621,0.981333315372467,1e-04
0.023750323802232742,0.9866666793823242,1e-04
0.02273954078555107,0.9893333315849304,1e-04
0.022881368175148964,0.9893333315849304,1e-04
0.02126760594546795,0.9919999837875366,1e-04
0.021615488454699516,0.9919999837875366,1e-04
0.024652328342199326,0.9866666793823242,1e-04
0.022549519315361977,0.9893333315849304,1e-04
0.0249173641204834,0.9866666793823242,1e-04
0.02059953846037388,0.9893333315849304,1e-04
0.020503345876932144,0.9893333315849304,1e-04
0.022875607013702393,0.9866666793823242,1e-04
0.022130832076072693,0.9893333315849304,1e-04
0.022465355694293976,0.9893333315849304,1e-04
0.020940547809004784,0.9893333315849304,1e-04
0.02006583847105503,0.9919999837875366,1e-04
0.023001540452241898,0.9866666793823242,1e-04
0.02096274308860302,0.9893333315849304,1e-04
0.01975301094353199,0.9919999837875366,1e-04
0.022322090342640877,0.9866666793823242,1e-04
0.01970929652452469,0.9919999837875366,1e-04
0.02518485300242901,0.9893333315849304,1e-04
0.026369649916887283,0.984000027179718,1e-04
0.021505465731024742,0.984000027179718,1e-04
0.027467144653201103,0.9866666793823242,1e-04
0.02168138697743416,0.9893333315849304,1e-04
0.01993902400135994,0.9866666793823242,1e-04
0.025075430050492287,0.9866666793823242,1e-04
0.0194602832198143,0.9893333315849304,1e-04
0.03087928704917431,0.9866666793823242,1e-04
0.02753881923854351,0.9866666793823242,1e-04
0.032670408487319946,0.984000027179718,1e-04
0.023439394310116768,0.9866666793823242,1e-04
0.021161818876862526,0.9919999837875366,1e-04
0.03142309933900833,0.9866666793823242,1e-04
0.02407115139067173,0.9893333315849304,1e-04
0.020575061440467834,0.9893333315849304,1e-04
0.021426958963274956,0.9893333315849304,1e-04
0.021382804960012436,0.9893333315849304,1e-04
0.02340507321059704,0.9866666793823242,1e-04
0.026058508083224297,0.984000027179718,1e-04
0.020297886803746223,0.9919999837875366,1e-04
0.023450838401913643,0.984000027179718,1e-04
0.021404901519417763,0.9893333315849304,1e-04
0.02224705182015896,0.9893333315849304,1e-04
0.02378983050584793,0.9893333315849304,1e-04
0.02159302867949009,0.9866666793823242,1e-04
0.020747141912579536,0.9893333315849304,1e-04
0.020153744146227837,0.9919999837875366,1e-04
0.020575817674398422,0.9893333315849304,1e-04
0.023214248940348625,0.9893333315849304,1e-04
0.020832495763897896,0.9893333315849304,1e-04
0.0168036837130785,0.9946666955947876,1e-04
0.023166710510849953,0.9866666793823242,1e-04
0.03192586824297905,0.9893333315849304,1e-04
0.018005510792136192,0.9946666955947876,1e-04
0.032645102590322495,0.981333315372467,1e-04
0.02220339886844158,0.984000027179718,1e-04
0.024173613637685776,0.984000027179718,1e-04
0.03463943302631378,0.981333315372467,1e-04
0.03619874641299248,0.984000027179718,1e-04
0.03159714117646217,0.9893333315849304,1e-04
0.02494194358587265,0.9866666793823242,1e-04
0.029888426885008812,0.9893333315849304,1e-04
0.02518407255411148,0.9893333315849304,1e-04
0.030745889991521835,0.9893333315849304,1e-04
0.03212783858180046,0.984000027179718,1e-04
0.043811049312353134,0.9786666631698608,1e-04
0.057237692177295685,0.9786666631698608,1e-04
0.033715952187776566,0.981333315372467,1e-04
0.03002786822617054,0.9866666793823242,1e-04
0.03375987708568573,0.981333315372467,1e-04
0.034181199967861176,0.981333315372467,1e-04
0.030289359390735626,0.984000027179718,1e-04
0.03018793649971485,0.9866666793823242,1e-04
0.02788781188428402,0.9866666793823242,1e-04
0.02940971963107586,0.9866666793823242,1e-04
0.02461806684732437,0.9866666793823242,1e-04
0.020810160785913467,0.9919999837875366,1e-04
0.02245585061609745,0.9893333315849304,1e-04
0.02151944674551487,0.9893333315849304,1e-04
0.02429279126226902,0.9893333315849304,1e-04
0.024847978726029396,0.9866666793823242,1e-04
0.019256725907325745,0.9893333315849304,1e-04
0.02391582727432251,0.9866666793823242,1e-04
0.02444014512002468,0.9893333315849304,1e-04
0.02156909368932247,0.9893333315849304,1e-04
0.018555758520960808,0.9946666955947876,1e-04
0.021300481632351875,0.9893333315849304,1e-04
0.019298935309052467,0.9919999837875366,1e-04
0.01835261844098568,0.9893333315849304,1e-04
0.020810561254620552,0.9866666793823242,1e-04
0.023507902398705482,0.9893333315849304,1e-04
0.02459041401743889,0.9866666793823242,1e-04
0.02318095974624157,0.984000027179718,1e-04
0.025288175791502,0.9866666793823242,1e-04
0.01784566044807434,0.9946666955947876,1e-04
0.02285877987742424,0.9893333315849304,1e-04
0.018274441361427307,0.9866666793823242,1e-04
0.02125275507569313,0.9893333315849304,1e-04
0.02270866185426712,0.9919999837875366,1e-04
0.024795059114694595,0.984000027179718,1e-04
0.022199103608727455,0.9919999837875366,1e-04
0.021610859781503677,0.9866666793823242,1e-04
0.029244067147374153,0.984000027179718,1e-04
0.020144065842032433,0.9893333315849304,1e-04
0.02814900130033493,0.9893333315849304,1e-04
0.018944265320897102,0.9893333315849304,1e-04
0.04864007234573364,0.981333315372467,1e-04
0.034628726541996,0.984000027179718,1e-04
0.03558691218495369,0.9760000109672546,1e-04
0.025521965697407722,0.9866666793823242,1e-04
0.028007380664348602,0.984000027179718,1e-04
0.03338812664151192,0.981333315372467,1e-04
0.021706808358430862,0.984000027179718,1e-04
0.021610334515571594,0.9919999837875366,1e-04
0.022383613511919975,0.9866666793823242,1e-04
0.025401493534445763,0.981333315372467,1e-04
0.019260352477431297,0.9893333315849304,1e-04
0.023594584316015244,0.9919999837875366,1e-04
0.02642270177602768,0.9893333315849304,1e-04
0.021469486877322197,0.9866666793823242,1e-04
0.025810500606894493,0.9866666793823242,1e-04
0.023164382204413414,0.9866666793823242,1e-04
0.023213287815451622,0.9893333315849304,1e-04
0.022687340155243874,0.984000027179718,1e-04
0.02146967127919197,0.9893333315849304,1e-04
0.015669001266360283,0.9946666955947876,1e-04
0.027696700766682625,0.984000027179718,1e-04
0.020989201962947845,0.9919999837875366,1e-04
0.04217563197016716,0.981333315372467,1e-04
0.029366662725806236,0.984000027179718,1e-04
0.027993036434054375,0.9893333315849304,1e-04
0.029764460399746895,0.981333315372467,1e-04
0.027282916009426117,0.984000027179718,1e-04
0.032860659062862396,0.9866666793823242,1e-04
0.020882200449705124,0.9893333315849304,1e-04
0.03238513320684433,0.981333315372467,1e-04
0.021970804780721664,0.9893333315849304,1e-04
0.02144910767674446,0.9893333315849304,1e-04
0.020048420876264572,0.9946666955947876,1e-04
0.021511156111955643,0.9893333315849304,1e-04
0.018709281459450722,0.9919999837875366,1e-04
0.01857580430805683,0.9946666955947876,1e-04
0.025293651968240738,0.9893333315849304,1e-04
0.021021777763962746,0.981333315372467,1e-04
0.020496314391493797,0.9866666793823242,1e-04
0.01906859129667282,0.9893333315849304,1e-04
0.028294067829847336,0.984000027179718,1e-04
0.0263043399900198,0.9893333315849304,1e-04
0.024288540706038475,0.984000027179718,1e-04
0.02269519865512848,0.9919999837875366,1e-04
0.027585869655013084,0.9786666631698608,1e-04
0.02405436895787716,0.9893333315849304,1e-04
0.022782599553465843,0.984000027179718,1e-04
0.02548125758767128,0.9893333315849304,1e-04
0.02109386771917343,0.9866666793823242,1e-04
0.020213108509778976,0.9919999837875366,1e-04
0.024127895012497902,0.9893333315849304,1e-04
0.023140065371990204,0.981333315372467,1e-04
0.019156288355588913,0.9919999837875366,1e-04
0.019443266093730927,0.9893333315849304,1e-04
0.022397203370928764,0.9893333315849304,1e-04
0.018414190039038658,0.9919999837875366,1e-04
0.019438164308667183,0.9893333315849304,1e-04
0.01948586478829384,0.9919999837875366,1e-04
0.022837171331048012,0.984000027179718,1e-04
0.020430913195014,0.9893333315849304,1e-04
0.02181476168334484,0.984000027179718,1e-04
0.01715131662786007,0.9919999837875366,1e-04
0.01953122392296791,0.9893333315849304,1e-04
0.024602800607681274,0.9866666793823242,1e-04
0.018905650824308395,0.9919999837875366,1e-04
0.019902994856238365,0.9893333315849304,1e-04
0.021381795406341553,0.9893333315849304,1e-04
0.020218422636389732,0.9893333315849304,1e-04
0.019801901653409004,0.9893333315849304,1e-04
0.019085736945271492,0.9893333315849304,1e-04
0.025263911113142967,0.984000027179718,1e-04
0.018088126555085182,0.9893333315849304,1e-04
0.024740949273109436,0.9893333315849304,1e-04
0.02069687470793724,0.9919999837875366,1e-04
0.022641001269221306,0.984000027179718,1e-04
0.02014770545065403,0.9893333315849304,1e-04
0.023098943755030632,0.9893333315849304,1e-04
0.019239861518144608,0.9946666955947876,1e-04
0.02113885059952736,0.9866666793823242,1e-04
0.023149818181991577,0.9893333315849304,1e-04
0.023330453783273697,0.9866666793823242,1e-04
0.026442797854542732,0.984000027179718,1e-04
0.029033558443188667,0.9786666631698608,1e-04
0.020260043442249298,0.9946666955947876,1e-04
0.020465422421693802,0.9866666793823242,1e-04
0.02222362533211708,0.9893333315849304,1e-04
0.019105063751339912,0.9866666793823242,1e-04
0.019229041412472725,0.9893333315849304,1e-04
0.019397497177124023,0.9919999837875366,1e-04
0.01895870640873909,0.9893333315849304,1e-04
0.017358627170324326,0.9919999837875366,1e-04
0.018970049917697906,0.9919999837875366,1e-04
0.024662747979164124,0.9893333315849304,1e-04
0.019481806084513664,0.9919999837875366,1e-04
0.021159930154681206,0.9866666793823242,1e-04
0.02005009911954403,0.984000027179718,1e-04
0.02092014253139496,0.9893333315849304,1e-04
0.017147013917565346,0.9919999837875366,1e-04
0.022186417132616043,0.9866666793823242,1e-04
0.020098643377423286,0.9866666793823242,1e-04
0.020343298092484474,0.9866666793823242,1e-04
0.020769331604242325,0.9893333315849304,1e-04
0.018605714663863182,0.9893333315849304,1e-04
0.01935514062643051,0.9893333315849304,1e-04
0.02502615377306938,0.9866666793823242,1e-04
0.020554710179567337,0.9893333315849304,1e-04
0.02183472365140915,0.9919999837875366,1e-04
0.02253570780158043,0.9866666793823242,1e-04
0.02499508112668991,0.9919999837875366,1e-04
0.02135569229722023,0.9946666955947876,1e-04
0.021957071498036385,0.9866666793823242,1e-04
0.02253265306353569,0.984000027179718,1e-04
0.019870087504386902,0.9893333315849304,1e-04
0.021560678258538246,0.9866666793823242,1e-04
0.02102755941450596,0.9893333315849304,1e-04
0.019135450944304466,0.9893333315849304,1e-04
0.018081190064549446,0.9919999837875366,1e-04
0.021144477650523186,0.9893333315849304,1e-04
0.017637358978390694,0.9919999837875366,1e-04
0.022474894300103188,0.9893333315849304,1e-04
0.025465134531259537,0.9893333315849304,1e-04
0.02130168490111828,0.9893333315849304,1e-04
0.020033620297908783,0.9866666793823242,1e-04
0.02397448942065239,0.9866666793823242,1e-04
0.021632445976138115,0.9893333315849304,1e-04
0.020423758774995804,0.9893333315849304,1e-04
0.016921859234571457,0.9919999837875366,1e-04
0.02062901109457016,0.9919999837875366,1e-04
