loss,accuracy,lr
0.9140791296958923,0.6150000095367432,0.001
0.641274631023407,0.8050000071525574,0.001
0.5669652223587036,0.8075000047683716,0.001
0.5771784782409668,0.7450000047683716,0.001
0.5282308459281921,0.8299999833106995,0.001
0.4906701147556305,0.8374999761581421,0.001
0.4494897425174713,0.8399999737739563,0.001
0.41489624977111816,0.8550000190734863,0.001
0.4092765152454376,0.8374999761581421,0.001
0.40757760405540466,0.8650000095367432,0.001
0.37877094745635986,0.8450000286102295,0.001
0.39139020442962646,0.8224999904632568,0.001
0.3961402475833893,0.8349999785423279,0.001
0.3522389233112335,0.8600000143051147,0.001
0.3451775014400482,0.8575000166893005,0.001
0.3307746648788452,0.8550000190734863,0.001
0.346770316362381,0.862500011920929,0.001
0.32602015137672424,0.8675000071525574,0.001
0.3350391089916229,0.8650000095367432,0.001
0.3367455303668976,0.862500011920929,0.001
0.3309062123298645,0.862500011920929,0.001
0.31862202286720276,0.8774999976158142,0.001
0.3465639054775238,0.8475000262260437,0.001
0.3743620216846466,0.8500000238418579,0.001
0.3929395377635956,0.8299999833106995,0.001
0.3524235486984253,0.8575000166893005,0.001
0.3604357838630676,0.862500011920929,0.001
0.34387627243995667,0.8700000047683716,0.001
0.3554467260837555,0.862500011920929,0.001
0.344254732131958,0.8374999761581421,0.001
0.3265136778354645,0.8525000214576721,0.001
0.3269859552383423,0.8650000095367432,0.001
0.31440630555152893,0.8650000095367432,0.00020000001
0.30982983112335205,0.8799999952316284,0.00020000001
0.309494286775589,0.8799999952316284,0.00020000001
0.30458834767341614,0.875,0.00020000001
0.302786648273468,0.8575000166893005,0.00020000001
0.29983893036842346,0.875,0.00020000001
0.2922196090221405,0.875,0.00020000001
0.3009486496448517,0.8675000071525574,0.00020000001
0.3079577386379242,0.8675000071525574,0.00020000001
0.30726176500320435,0.8774999976158142,0.00020000001
0.3019777238368988,0.8799999952316284,0.00020000001
0.3266129791736603,0.8774999976158142,0.00020000001
0.31972938776016235,0.8774999976158142,0.00020000001
0.31829532980918884,0.8650000095367432,0.00020000001
0.294140100479126,0.8774999976158142,0.00020000001
0.3231568932533264,0.8774999976158142,0.00020000001
0.3159011900424957,0.8725000023841858,0.00020000001
0.30301815271377563,0.8725000023841858,1e-04
0.3148397207260132,0.8824999928474426,1e-04
0.3065076768398285,0.875,1e-04
0.29428040981292725,0.887499988079071,1e-04
0.3014179468154907,0.8725000023841858,1e-04
0.29111894965171814,0.887499988079071,1e-04
0.29141318798065186,0.8700000047683716,1e-04
0.2954825460910797,0.8774999976158142,1e-04
0.28778740763664246,0.8725000023841858,1e-04
0.2907741963863373,0.8824999928474426,1e-04
0.2985174357891083,0.8725000023841858,1e-04
0.2872829735279083,0.8675000071525574,1e-04
0.2914460301399231,0.8650000095367432,1e-04
0.29149916768074036,0.862500011920929,1e-04
0.2878655195236206,0.8725000023841858,1e-04
0.284532368183136,0.8799999952316284,1e-04
0.28625696897506714,0.8849999904632568,1e-04
0.2897391617298126,0.8725000023841858,1e-04
0.29254665970802307,0.8774999976158142,1e-04
0.28282901644706726,0.8824999928474426,1e-04
0.28844642639160156,0.8799999952316284,1e-04
0.28647884726524353,0.8799999952316284,1e-04
0.28639212250709534,0.875,1e-04
0.284413605928421,0.8774999976158142,1e-04
0.2833617031574249,0.8725000023841858,1e-04
0.2819897532463074,0.875,1e-04
0.2855241894721985,0.8824999928474426,1e-04
0.2870413661003113,0.887499988079071,1e-04
0.295029878616333,0.875,1e-04
0.2848174571990967,0.887499988079071,1e-04
0.2750859558582306,0.8774999976158142,1e-04
0.2794521450996399,0.8849999904632568,1e-04
0.28718993067741394,0.8899999856948853,1e-04
0.28037139773368835,0.875,1e-04
0.2863518297672272,0.8774999976158142,1e-04
0.27872687578201294,0.8849999904632568,1e-04
0.28882160782814026,0.8774999976158142,1e-04
0.28296908736228943,0.887499988079071,1e-04
0.28256118297576904,0.8824999928474426,1e-04
0.2859804928302765,0.8799999952316284,1e-04
0.2742183208465576,0.8774999976158142,1e-04
0.27696990966796875,0.875,1e-04
0.2716732919216156,0.8824999928474426,1e-04
0.2778841257095337,0.8849999904632568,1e-04
0.27356892824172974,0.8799999952316284,1e-04
0.2793421745300293,0.8799999952316284,1e-04
0.2737859785556793,0.8799999952316284,1e-04
0.2785642743110657,0.8774999976158142,1e-04
0.2736586034297943,0.8824999928474426,1e-04
0.28269055485725403,0.875,1e-04
0.2817603051662445,0.8799999952316284,1e-04
0.2763660252094269,0.8849999904632568,1e-04
0.273495078086853,0.887499988079071,1e-04
0.27945786714553833,0.8799999952316284,1e-04
0.27422085404396057,0.8799999952316284,1e-04
0.27057984471321106,0.887499988079071,1e-04
0.2673869729042053,0.8924999833106995,1e-04
0.28117427229881287,0.8924999833106995,1e-04
0.27082669734954834,0.8849999904632568,1e-04
0.27505773305892944,0.8899999856948853,1e-04
0.28273871541023254,0.887499988079071,1e-04
0.27108803391456604,0.887499988079071,1e-04
0.2592124044895172,0.8899999856948853,1e-04
0.2826763391494751,0.8799999952316284,1e-04
0.27282261848449707,0.887499988079071,1e-04
0.2704711854457855,0.8849999904632568,1e-04
0.27750083804130554,0.8774999976158142,1e-04
0.27916786074638367,0.8924999833106995,1e-04
0.27313968539237976,0.8849999904632568,1e-04
0.2734457850456238,0.8774999976158142,1e-04
0.26357632875442505,0.8949999809265137,1e-04
0.28182393312454224,0.8824999928474426,1e-04
0.2755146324634552,0.887499988079071,1e-04
0.2667931616306305,0.8824999928474426,1e-04
0.2679213285446167,0.8899999856948853,1e-04
0.271480530500412,0.8849999904632568,1e-04
0.26948413252830505,0.8924999833106995,1e-04
0.2632896900177002,0.8799999952316284,1e-04
0.2634749710559845,0.8924999833106995,1e-04
0.2702178657054901,0.887499988079071,1e-04
0.26869893074035645,0.887499988079071,1e-04
0.253450483083725,0.887499988079071,1e-04
0.2680911123752594,0.8774999976158142,1e-04
0.25917425751686096,0.887499988079071,1e-04
0.26987746357917786,0.8799999952316284,1e-04
0.2645268142223358,0.8824999928474426,1e-04
0.26666030287742615,0.887499988079071,1e-04
0.267100065946579,0.8849999904632568,1e-04
0.26108086109161377,0.8924999833106995,1e-04
0.25864917039871216,0.8924999833106995,1e-04
0.2687146067619324,0.8949999809265137,1e-04
0.27289995551109314,0.8999999761581421,1e-04
0.2606697082519531,0.8799999952316284,1e-04
0.2692164480686188,0.8824999928474426,1e-04
0.27647486329078674,0.8849999904632568,1e-04
0.27573996782302856,0.8824999928474426,1e-04
0.2847102880477905,0.8849999904632568,1e-04
0.2767452299594879,0.8899999856948853,1e-04
0.27060845494270325,0.887499988079071,1e-04
0.2646869421005249,0.8924999833106995,1e-04
0.27129435539245605,0.8849999904632568,1e-04
0.26612505316734314,0.8899999856948853,1e-04
0.25857794284820557,0.8849999904632568,1e-04
0.2652996778488159,0.8824999928474426,1e-04
0.2752036154270172,0.8849999904632568,1e-04
0.26662304997444153,0.8949999809265137,1e-04
0.2626374661922455,0.9024999737739563,1e-04
0.25634482502937317,0.8849999904632568,1e-04
0.26015421748161316,0.8849999904632568,1e-04
0.2551462650299072,0.8974999785423279,1e-04
0.26225119829177856,0.887499988079071,1e-04
0.2525358200073242,0.8949999809265137,1e-04
0.2655685245990753,0.8849999904632568,1e-04
0.2608376443386078,0.9024999737739563,1e-04
0.26117172837257385,0.8899999856948853,1e-04
0.2543164789676666,0.8899999856948853,1e-04
0.2542726993560791,0.887499988079071,1e-04
0.25828349590301514,0.8949999809265137,1e-04
0.2517964541912079,0.8949999809265137,1e-04
0.251522421836853,0.8974999785423279,1e-04
0.2589300274848938,0.8899999856948853,1e-04
0.24417544901371002,0.8949999809265137,1e-04
0.24146980047225952,0.8999999761581421,1e-04
0.2540411651134491,0.8949999809265137,1e-04
0.24818359315395355,0.8974999785423279,1e-04
0.2620808482170105,0.8949999809265137,1e-04
0.2541511654853821,0.8849999904632568,1e-04
0.24923887848854065,0.8949999809265137,1e-04
0.2580658793449402,0.8849999904632568,1e-04
0.25552698969841003,0.8924999833106995,1e-04
0.24917086958885193,0.9049999713897705,1e-04
0.2595837414264679,0.9024999737739563,1e-04
0.2652377486228943,0.8924999833106995,1e-04
0.2521452009677887,0.8999999761581421,1e-04
0.2529260516166687,0.8949999809265137,1e-04
0.24086765944957733,0.8949999809265137,1e-04
0.26385486125946045,0.8899999856948853,1e-04
0.2643313407897949,0.8824999928474426,1e-04
0.2582687437534332,0.8824999928474426,1e-04
0.25656017661094666,0.8924999833106995,1e-04
0.2476951628923416,0.8899999856948853,1e-04
0.25088387727737427,0.9024999737739563,1e-04
0.24521328508853912,0.8999999761581421,1e-04
0.24806256592273712,0.8999999761581421,1e-04
0.2503368854522705,0.8974999785423279,1e-04
0.24059072136878967,0.8949999809265137,1e-04
0.24229522049427032,0.8949999809265137,1e-04
0.23922312259674072,0.9049999713897705,1e-04
0.2524573802947998,0.8949999809265137,1e-04
0.24121086299419403,0.9049999713897705,1e-04
0.253508061170578,0.8899999856948853,1e-04
0.2403222620487213,0.8999999761581421,1e-04
0.25317755341529846,0.8774999976158142,1e-04
0.2631217837333679,0.8949999809265137,1e-04
0.2518000900745392,0.8924999833106995,1e-04
0.23601025342941284,0.9075000286102295,1e-04
0.24834688007831573,0.8999999761581421,1e-04
0.2520930767059326,0.8949999809265137,1e-04
0.2534004747867584,0.9100000262260437,1e-04
0.2430235743522644,0.9100000262260437,1e-04
0.25865745544433594,0.8924999833106995,1e-04
0.2449914813041687,0.9049999713897705,1e-04
0.24528749287128448,0.9100000262260437,1e-04
0.25597789883613586,0.8949999809265137,1e-04
0.2498333901166916,0.8949999809265137,1e-04
0.23945388197898865,0.9049999713897705,1e-04
0.23557868599891663,0.9024999737739563,1e-04
0.24114473164081573,0.8974999785423279,1e-04
0.240569606423378,0.8949999809265137,1e-04
0.23579557240009308,0.9049999713897705,1e-04
0.24058717489242554,0.9075000286102295,1e-04
0.24103832244873047,0.9150000214576721,1e-04
0.23184823989868164,0.8999999761581421,1e-04
0.2355959713459015,0.9100000262260437,1e-04
0.23470129072666168,0.9075000286102295,1e-04
0.23342128098011017,0.9049999713897705,1e-04
0.23110832273960114,0.9100000262260437,1e-04
0.23492546379566193,0.9024999737739563,1e-04
0.23245838284492493,0.9024999737739563,1e-04
0.22784976661205292,0.9075000286102295,1e-04
0.22787728905677795,0.9100000262260437,1e-04
0.23274999856948853,0.9049999713897705,1e-04
0.2314557433128357,0.9024999737739563,1e-04
0.22142930328845978,0.9125000238418579,1e-04
0.22570404410362244,0.9100000262260437,1e-04
0.21949931979179382,0.9075000286102295,1e-04
0.2202470600605011,0.9049999713897705,1e-04
0.22123505175113678,0.9024999737739563,1e-04
0.22637824714183807,0.9075000286102295,1e-04
0.24288669228553772,0.9024999737739563,1e-04
0.22713518142700195,0.9049999713897705,1e-04
0.23738259077072144,0.9024999737739563,1e-04
0.24859122931957245,0.9024999737739563,1e-04
0.2460196167230606,0.8974999785423279,1e-04
0.2266281247138977,0.9100000262260437,1e-04
0.21868765354156494,0.9150000214576721,1e-04
0.22450010478496552,0.9100000262260437,1e-04
0.24231284856796265,0.9125000238418579,1e-04
0.24669621884822845,0.8949999809265137,1e-04
0.2401377111673355,0.9024999737739563,1e-04
0.231954425573349,0.9024999737739563,1e-04
0.22889864444732666,0.9100000262260437,1e-04
0.2470323145389557,0.8999999761581421,1e-04
0.23099122941493988,0.9024999737739563,1e-04
0.22912202775478363,0.9049999713897705,1e-04
0.22468909621238708,0.9150000214576721,1e-04
0.22252611815929413,0.9024999737739563,1e-04
0.22459524869918823,0.8999999761581421,1e-04
0.21702420711517334,0.9100000262260437,1e-04
0.21581558883190155,0.9150000214576721,1e-04
0.2155718207359314,0.9075000286102295,1e-04
0.21257460117340088,0.9150000214576721,1e-04
0.21080827713012695,0.9175000190734863,1e-04
0.20622164011001587,0.9150000214576721,1e-04
0.21686822175979614,0.9125000238418579,1e-04
0.22227458655834198,0.9200000166893005,1e-04
0.2073088139295578,0.9275000095367432,1e-04
0.20757202804088593,0.9275000095367432,1e-04
0.2179918736219406,0.9075000286102295,1e-04
0.22441455721855164,0.8974999785423279,1e-04
0.22663713991641998,0.9125000238418579,1e-04
0.23721924424171448,0.9075000286102295,1e-04
0.22698165476322174,0.9125000238418579,1e-04
0.21879324316978455,0.9200000166893005,1e-04
0.21782875061035156,0.9100000262260437,1e-04
0.2114429920911789,0.9325000047683716,1e-04
0.21401125192642212,0.9150000214576721,1e-04
0.21879833936691284,0.9150000214576721,1e-04
0.21130448579788208,0.9075000286102295,1e-04
0.21588249504566193,0.9150000214576721,1e-04
0.2037685066461563,0.9275000095367432,1e-04
0.21017184853553772,0.9175000190734863,1e-04
0.20449835062026978,0.9175000190734863,1e-04
0.199369415640831,0.9200000166893005,1e-04
0.20068004727363586,0.925000011920929,1e-04
0.20310744643211365,0.9225000143051147,1e-04
0.20389612019062042,0.9100000262260437,1e-04
0.20697185397148132,0.9200000166893005,1e-04
0.19259747862815857,0.9275000095367432,1e-04
0.19657719135284424,0.9275000095367432,1e-04
0.19113998115062714,0.9300000071525574,1e-04
0.19524545967578888,0.9275000095367432,1e-04
0.2018873542547226,0.9300000071525574,1e-04
0.20233263075351715,0.925000011920929,1e-04
0.18771162629127502,0.9300000071525574,1e-04
0.2186337113380432,0.9175000190734863,1e-04
0.2087981402873993,0.9225000143051147,1e-04
0.207672581076622,0.925000011920929,1e-04
0.22227521240711212,0.9125000238418579,1e-04
0.20672984421253204,0.9150000214576721,1e-04
0.2082429826259613,0.9150000214576721,1e-04
0.2118515521287918,0.9125000238418579,1e-04
0.21348972618579865,0.9075000286102295,1e-04
0.21011848747730255,0.9275000095367432,1e-04
0.1926443874835968,0.9300000071525574,1e-04
0.19905149936676025,0.925000011920929,1e-04
0.20358800888061523,0.9225000143051147,1e-04
0.19671817123889923,0.9275000095367432,1e-04
0.1951620876789093,0.925000011920929,1e-04
0.20648334920406342,0.9200000166893005,1e-04
0.18861806392669678,0.9350000023841858,1e-04
0.20763002336025238,0.9024999737739563,1e-04
0.1935839056968689,0.9325000047683716,1e-04
0.2053217887878418,0.9125000238418579,1e-04
0.1872594803571701,0.9300000071525574,1e-04
0.1856420487165451,0.9275000095367432,1e-04
0.19043900072574615,0.9300000071525574,1e-04
0.18672840297222137,0.9275000095367432,1e-04
0.19056697189807892,0.9200000166893005,1e-04
0.1822851151227951,0.9399999976158142,1e-04
0.19762592017650604,0.9225000143051147,1e-04
0.2023339718580246,0.9175000190734863,1e-04
0.21183866262435913,0.9100000262260437,1e-04
0.21184095740318298,0.9175000190734863,1e-04
0.19517143070697784,0.9225000143051147,1e-04
0.19759123027324677,0.9150000214576721,1e-04
0.19261685013771057,0.9300000071525574,1e-04
0.19368873536586761,0.9350000023841858,1e-04
0.18969091773033142,0.9325000047683716,1e-04
0.1909598857164383,0.9125000238418579,1e-04
0.18433648347854614,0.9300000071525574,1e-04
0.18723826110363007,0.9225000143051147,1e-04
0.17926883697509766,0.9375,1e-04
0.1728965938091278,0.9275000095367432,1e-04
0.17974193394184113,0.9350000023841858,1e-04
0.19384883344173431,0.9200000166893005,1e-04
0.19501803815364838,0.9300000071525574,1e-04
0.1975162923336029,0.9225000143051147,1e-04
0.19322805106639862,0.9175000190734863,1e-04
0.18395328521728516,0.9350000023841858,1e-04
0.17545142769813538,0.9474999904632568,1e-04
0.17638200521469116,0.9424999952316284,1e-04
0.1715838462114334,0.9474999904632568,1e-04
0.1853148639202118,0.9399999976158142,1e-04
0.1822502464056015,0.9375,1e-04
0.16965103149414062,0.9474999904632568,1e-04
0.16421329975128174,0.9449999928474426,1e-04
0.16708791255950928,0.9424999952316284,1e-04
0.16816717386245728,0.9424999952316284,1e-04
0.17362187802791595,0.9399999976158142,1e-04
0.18499326705932617,0.9325000047683716,1e-04
0.17484040558338165,0.9350000023841858,1e-04
0.17060448229312897,0.9350000023841858,1e-04
0.173012375831604,0.9300000071525574,1e-04
0.17713962495326996,0.9300000071525574,1e-04
0.18496103584766388,0.9275000095367432,1e-04
0.1764965057373047,0.9325000047683716,1e-04
0.17946390807628632,0.9225000143051147,1e-04
0.1709551364183426,0.9350000023841858,1e-04
0.19613710045814514,0.9424999952316284,1e-04
0.18484564125537872,0.9449999928474426,1e-04
0.19667714834213257,0.9300000071525574,1e-04
0.20938940346240997,0.9200000166893005,1e-04
0.22014690935611725,0.9100000262260437,1e-04
0.19128990173339844,0.925000011920929,1e-04
0.17920337617397308,0.9350000023841858,1e-04
0.18332938849925995,0.9350000023841858,1e-04
0.17613767087459564,0.9449999928474426,1e-04
0.171375572681427,0.9300000071525574,1e-04
0.1830427199602127,0.9200000166893005,1e-04
0.1642124503850937,0.9474999904632568,1e-04
0.16060298681259155,0.9350000023841858,1e-04
0.16949966549873352,0.9325000047683716,1e-04
0.16416122019290924,0.9449999928474426,1e-04
0.15722225606441498,0.9424999952316284,1e-04
0.1590249389410019,0.9549999833106995,1e-04
0.15110895037651062,0.9549999833106995,1e-04
0.14868073165416718,0.9524999856948853,1e-04
0.15294569730758667,0.9424999952316284,1e-04
0.1537289023399353,0.9399999976158142,1e-04
0.14457014203071594,0.9524999856948853,1e-04
0.1467445194721222,0.9549999833106995,1e-04
0.1464412361383438,0.9574999809265137,1e-04
0.15322107076644897,0.949999988079071,1e-04
0.14163465797901154,0.9549999833106995,1e-04
0.15019874274730682,0.9524999856948853,1e-04
0.1349363774061203,0.9599999785423279,1e-04
0.14318729937076569,0.9549999833106995,1e-04
0.14802490174770355,0.9524999856948853,1e-04
0.14658956229686737,0.949999988079071,1e-04
0.14863094687461853,0.9449999928474426,1e-04
0.14881165325641632,0.949999988079071,1e-04
0.15374267101287842,0.949999988079071,1e-04
0.13958275318145752,0.9624999761581421,1e-04
0.14134380221366882,0.9549999833106995,1e-04
0.15056170523166656,0.9524999856948853,1e-04
0.1433255821466446,0.9524999856948853,1e-04
0.13815222680568695,0.9524999856948853,1e-04
0.17145778238773346,0.9424999952316284,1e-04
0.1512330174446106,0.9449999928474426,1e-04
0.17038950324058533,0.9424999952316284,1e-04
0.15206897258758545,0.9474999904632568,1e-04
0.1678113043308258,0.9474999904632568,1e-04
0.1615549623966217,0.9474999904632568,1e-04
0.16161832213401794,0.9424999952316284,1e-04
0.16407474875450134,0.9449999928474426,1e-04
0.1761118322610855,0.9424999952316284,1e-04
0.1839001625776291,0.9399999976158142,1e-04
0.1562853902578354,0.9624999761581421,1e-04
0.16283470392227173,0.9424999952316284,1e-04
0.143804132938385,0.9549999833106995,1e-04
0.13837715983390808,0.949999988079071,1e-04
0.13950711488723755,0.9599999785423279,1e-04
0.12758949398994446,0.9624999761581421,1e-04
0.14540857076644897,0.949999988079071,1e-04
0.13287368416786194,0.9599999785423279,1e-04
0.13080239295959473,0.9599999785423279,1e-04
0.13131402432918549,0.9624999761581421,1e-04
0.13777436316013336,0.9524999856948853,1e-04
0.13684962689876556,0.9549999833106995,1e-04
0.15301045775413513,0.9474999904632568,1e-04
0.15221047401428223,0.9325000047683716,1e-04
0.159600168466568,0.9375,1e-04
0.14111897349357605,0.9549999833106995,1e-04
0.13613323867321014,0.9649999737739563,1e-04
0.13651783764362335,0.9574999809265137,1e-04
0.11896763741970062,0.9674999713897705,1e-04
0.12679938971996307,0.9574999809265137,1e-04
0.11358316242694855,0.9725000262260437,1e-04
0.11828245967626572,0.9674999713897705,1e-04
0.11875204741954803,0.9674999713897705,1e-04
0.12404916435480118,0.9599999785423279,1e-04
0.12713593244552612,0.9700000286102295,1e-04
0.14320199191570282,0.9474999904632568,1e-04
0.11552698910236359,0.9725000262260437,1e-04
0.13652023673057556,0.9599999785423279,1e-04
0.12081630527973175,0.9674999713897705,1e-04
0.13629533350467682,0.949999988079071,1e-04
0.13067765533924103,0.9574999809265137,1e-04
0.14063633978366852,0.949999988079071,1e-04
0.14253191649913788,0.949999988079071,1e-04
0.15755774080753326,0.9624999761581421,1e-04
0.1460999846458435,0.9474999904632568,1e-04
0.15304628014564514,0.9399999976158142,1e-04
0.14440135657787323,0.9549999833106995,1e-04
0.13053175806999207,0.9524999856948853,1e-04
0.14318880438804626,0.9524999856948853,1e-04
0.13502900302410126,0.9474999904632568,1e-04
0.17761482298374176,0.9399999976158142,1e-04
0.1496122181415558,0.949999988079071,1e-04
0.13503944873809814,0.9574999809265137,1e-04
0.13596348464488983,0.9574999809265137,1e-04
0.11731729656457901,0.9649999737739563,1e-04
0.11677293479442596,0.9674999713897705,1e-04
0.10935407876968384,0.9674999713897705,1e-04
0.11036740243434906,0.9725000262260437,1e-04
0.1304600089788437,0.9674999713897705,1e-04
0.12168069928884506,0.9649999737739563,1e-04
0.12157777696847916,0.9750000238418579,1e-04
0.11432838439941406,0.9624999761581421,1e-04
0.11886587738990784,0.9574999809265137,1e-04
0.11850950121879578,0.9674999713897705,1e-04
0.1345357447862625,0.9599999785423279,1e-04
0.13434681296348572,0.9549999833106995,1e-04
0.12626288831233978,0.9574999809265137,1e-04
0.12060333043336868,0.9674999713897705,1e-04
0.12818558514118195,0.9624999761581421,1e-04
0.10808071494102478,0.9674999713897705,1e-04
0.12786835432052612,0.9599999785423279,1e-04
0.1361624002456665,0.9624999761581421,1e-04
0.12235561013221741,0.9674999713897705,1e-04
0.1287814974784851,0.9549999833106995,1e-04
0.1191461831331253,0.9674999713897705,1e-04
0.14511334896087646,0.9524999856948853,1e-04
0.14319008588790894,0.949999988079071,1e-04
0.1618194431066513,0.9275000095367432,1e-04
0.14755931496620178,0.9649999737739563,1e-04
0.13012348115444183,0.949999988079071,1e-04
0.1226811483502388,0.9574999809265137,1e-04
0.17302590608596802,0.9200000166893005,1e-04
0.13356056809425354,0.9624999761581421,1e-04
0.14359384775161743,0.949999988079071,1e-04
0.135616734623909,0.9449999928474426,1e-04
0.13023599982261658,0.9574999809265137,1e-04
0.15411695837974548,0.9424999952316284,1e-04
0.13499309122562408,0.9624999761581421,1e-04
0.1211484894156456,0.9649999737739563,1e-04
0.12318754196166992,0.9599999785423279,1e-04
0.11060049384832382,0.9750000238418579,1e-04
0.10336432605981827,0.9649999737739563,1e-04
0.11343424767255783,0.9624999761581421,1e-04
0.13021457195281982,0.9649999737739563,1e-04
0.11816628277301788,0.9649999737739563,1e-04
0.1265975683927536,0.9700000286102295,1e-04
0.1283283680677414,0.9624999761581421,1e-04
0.09726936370134354,0.9750000238418579,1e-04
0.10247406363487244,0.9775000214576721,1e-04
0.09554879367351532,0.9800000190734863,1e-04
0.10727456212043762,0.9599999785423279,1e-04
0.10569576919078827,0.9599999785423279,1e-04
0.10856454819440842,0.9649999737739563,1e-04
0.10258089751005173,0.9649999737739563,1e-04
0.12018726021051407,0.9649999737739563,1e-04
0.09806234389543533,0.9775000214576721,1e-04
0.0980798602104187,0.9700000286102295,1e-04
0.0938190445303917,0.9725000262260437,1e-04
0.08975120633840561,0.9825000166893005,1e-04
0.11170272529125214,0.9624999761581421,1e-04
0.09993106126785278,0.9674999713897705,1e-04
0.09464508295059204,0.9725000262260437,1e-04
0.09352649003267288,0.9725000262260437,1e-04
0.10303082317113876,0.9800000190734863,1e-04
0.09813061356544495,0.9750000238418579,1e-04
0.10053256899118423,0.9700000286102295,1e-04
0.11072340607643127,0.9775000214576721,1e-04
0.08870725333690643,0.9825000166893005,1e-04
0.0866648405790329,0.9750000238418579,1e-04
0.08294440060853958,0.9825000166893005,1e-04
0.0811062604188919,0.9825000166893005,1e-04
0.08616414666175842,0.9800000190734863,1e-04
0.09595939517021179,0.9725000262260437,1e-04
0.1023050844669342,0.9649999737739563,1e-04
0.10917330533266068,0.9649999737739563,1e-04
0.1080550104379654,0.9825000166893005,1e-04
0.08693958073854446,0.9750000238418579,1e-04
0.09150314331054688,0.9700000286102295,1e-04
0.08245895057916641,0.9775000214576721,1e-04
0.08444469422101974,0.9775000214576721,1e-04
0.07595651596784592,0.9800000190734863,1e-04
0.07965091615915298,0.9775000214576721,1e-04
0.10441207140684128,0.9599999785423279,1e-04
0.09120402485132217,0.9750000238418579,1e-04
0.08400055766105652,0.9700000286102295,1e-04
0.10582433640956879,0.9674999713897705,1e-04
0.11773020774126053,0.9624999761581421,1e-04
0.11240304261445999,0.9674999713897705,1e-04
0.09564752876758575,0.9674999713897705,1e-04
0.09254629164934158,0.9700000286102295,1e-04
0.10541751235723495,0.9599999785423279,1e-04
0.08118987083435059,0.9775000214576721,1e-04
0.09402428567409515,0.9800000190734863,1e-04
0.0912724956870079,0.9674999713897705,1e-04
0.08400280028581619,0.9700000286102295,1e-04
0.07984624058008194,0.9825000166893005,1e-04
0.07959161698818207,0.9850000143051147,1e-04
0.15730620920658112,0.9524999856948853,1e-04
0.1746804118156433,0.949999988079071,1e-04
0.13840770721435547,0.9474999904632568,1e-04
0.16136784851551056,0.9524999856948853,1e-04
0.1968635618686676,0.9325000047683716,1e-04
0.1904311627149582,0.9325000047683716,1e-04
0.1726151406764984,0.9424999952316284,1e-04
0.16928613185882568,0.9424999952316284,1e-04
0.15432541072368622,0.9474999904632568,1e-04
0.13228465616703033,0.9574999809265137,1e-04
0.12305749952793121,0.9674999713897705,1e-04
0.12111718952655792,0.9599999785423279,1e-04
0.10798665136098862,0.9674999713897705,1e-04
0.12085901945829391,0.9524999856948853,1e-04
0.08995552361011505,0.9775000214576721,1e-04
0.1104622483253479,0.9624999761581421,1e-04
0.09752899408340454,0.9700000286102295,1e-04
0.07952675968408585,0.9800000190734863,1e-04
0.09791186451911926,0.9775000214576721,1e-04
0.12180131673812866,0.9624999761581421,1e-04
0.09595230966806412,0.9750000238418579,1e-04
0.10202975571155548,0.9750000238418579,1e-04
0.1010071337223053,0.9649999737739563,1e-04
0.12712717056274414,0.9599999785423279,1e-04
0.11062493920326233,0.9549999833106995,1e-04
0.1036565974354744,0.9700000286102295,1e-04
0.11063173413276672,0.9674999713897705,1e-04
0.08329139649868011,0.9725000262260437,1e-04
0.08662459999322891,0.9775000214576721,1e-04
0.0893893912434578,0.9725000262260437,1e-04
0.07307422161102295,0.9825000166893005,1e-04
0.0747629702091217,0.9725000262260437,1e-04
0.08288533240556717,0.9725000262260437,1e-04
0.08718167245388031,0.9800000190734863,1e-04
0.10270504653453827,0.9700000286102295,1e-04
0.07057438045740128,0.9775000214576721,1e-04
0.09444297105073929,0.9674999713897705,1e-04
0.06437045335769653,0.9800000190734863,1e-04
0.0745055228471756,0.9750000238418579,1e-04
0.06343192607164383,0.9850000143051147,1e-04
0.05924351140856743,0.9850000143051147,1e-04
0.056164808571338654,0.9850000143051147,1e-04
0.06392206996679306,0.9825000166893005,1e-04
0.0569961741566658,0.9825000166893005,1e-04
0.0760231763124466,0.9775000214576721,1e-04
0.09263662248849869,0.9599999785423279,1e-04
0.08685187995433807,0.9700000286102295,1e-04
0.0924503356218338,0.9775000214576721,1e-04
0.08436655253171921,0.9775000214576721,1e-04
0.09711259603500366,0.9624999761581421,1e-04
0.08949705958366394,0.9775000214576721,1e-04
0.08794119209051132,0.9750000238418579,1e-04
0.0716267079114914,0.9850000143051147,1e-04
0.07825043797492981,0.9850000143051147,1e-04
0.07412799447774887,0.9800000190734863,1e-04
0.06787029653787613,0.9800000190734863,1e-04
0.07452461123466492,0.9825000166893005,1e-04
0.08161337673664093,0.9725000262260437,1e-04
0.06483322381973267,0.9825000166893005,1e-04
0.05572576820850372,0.987500011920929,1e-04
0.07108188420534134,0.9750000238418579,1e-04
0.06959718465805054,0.9850000143051147,1e-04
0.061963267624378204,0.9900000095367432,1e-04
0.06889934837818146,0.9825000166893005,1e-04
0.061158839613199234,0.9925000071525574,1e-04
0.06259103119373322,0.9800000190734863,1e-04
0.0660632774233818,0.9800000190734863,1e-04
0.15432462096214294,0.9574999809265137,1e-04
0.19610045850276947,0.9399999976158142,1e-04
0.1582796275615692,0.9474999904632568,1e-04
0.1488514542579651,0.9474999904632568,1e-04
0.11120754480361938,0.9599999785423279,1e-04
0.0995868593454361,0.9725000262260437,1e-04
0.08531635999679565,0.9750000238418579,1e-04
0.13227859139442444,0.9524999856948853,1e-04
0.09315922111272812,0.9725000262260437,1e-04
0.10944580286741257,0.9649999737739563,1e-04
0.10555098205804825,0.9624999761581421,1e-04
0.15908068418502808,0.9424999952316284,1e-04
0.1343352496623993,0.9424999952316284,1e-04
0.11138775199651718,0.9624999761581421,1e-04
0.09132096916437149,0.9775000214576721,1e-04
0.09565520286560059,0.9574999809265137,1e-04
0.08014804124832153,0.9700000286102295,1e-04
0.0869368389248848,0.9750000238418579,1e-04
0.11686727404594421,0.9574999809265137,1e-04
0.1040428951382637,0.9624999761581421,1e-04
0.11729404330253601,0.9524999856948853,1e-04
0.10578621178865433,0.9599999785423279,1e-04
0.08009704947471619,0.9775000214576721,1e-04
0.08834314346313477,0.9700000286102295,1e-04
0.06280654668807983,0.987500011920929,1e-04
0.08516501635313034,0.9800000190734863,1e-04
0.08344453573226929,0.9725000262260437,1e-04
0.07240306586027145,0.9825000166893005,1e-04
0.061149414628744125,0.9825000166893005,1e-04
0.059293877333402634,0.9800000190734863,1e-04
0.051350630819797516,0.987500011920929,1e-04
0.05111924558877945,0.987500011920929,1e-04
0.046070944517850876,0.987500011920929,1e-04
0.05004773288965225,0.987500011920929,1e-04
0.05417315661907196,0.9850000143051147,1e-04
0.05418461933732033,0.987500011920929,1e-04
0.05937882885336876,0.9950000047683716,1e-04
0.04604282230138779,0.987500011920929,1e-04
0.05943458899855614,0.9800000190734863,1e-04
0.048117801547050476,0.9900000095367432,1e-04
0.054448362439870834,0.9850000143051147,1e-04
0.042279310524463654,0.9900000095367432,1e-04
0.04553527012467384,0.9975000023841858,1e-04
0.03891371190547943,0.9950000047683716,1e-04
0.04805031791329384,0.9850000143051147,1e-04
0.04272802174091339,0.987500011920929,1e-04
0.04123968258500099,0.9900000095367432,1e-04
0.038187578320503235,0.9925000071525574,1e-04
0.03803296387195587,0.9925000071525574,1e-04
0.04418523237109184,0.9950000047683716,1e-04
0.04523475095629692,0.9825000166893005,1e-04
0.04761458560824394,0.9825000166893005,1e-04
0.04116067290306091,0.9950000047683716,1e-04
0.03515245020389557,0.9925000071525574,1e-04
0.040214575827121735,0.9950000047683716,1e-04
0.03403705358505249,0.9900000095367432,1e-04
0.03830120712518692,0.9975000023841858,1e-04
0.038962382823228836,0.9975000023841858,1e-04
0.03941531851887703,0.9925000071525574,1e-04
0.040601696819067,0.9925000071525574,1e-04
0.05153816193342209,0.9800000190734863,1e-04
0.03844469040632248,0.9975000023841858,1e-04
0.03207690641283989,0.9925000071525574,1e-04
0.033176127821207047,0.9925000071525574,1e-04
0.02863188274204731,0.9975000023841858,1e-04
0.031064355745911598,0.9950000047683716,1e-04
0.0658743679523468,0.987500011920929,1e-04
0.08097144216299057,0.9775000214576721,1e-04
0.051720719784498215,0.9825000166893005,1e-04
0.058434028178453445,0.9900000095367432,1e-04
0.06902016699314117,0.9800000190734863,1e-04
0.04724219813942909,0.9950000047683716,1e-04
0.05669889971613884,0.9800000190734863,1e-04
0.08792494982481003,0.9750000238418579,1e-04
0.08428563177585602,0.9725000262260437,1e-04
0.07056622952222824,0.9750000238418579,1e-04
0.12536992132663727,0.9300000071525574,1e-04
0.10573258996009827,0.9649999737739563,1e-04
0.10270660370588303,0.9674999713897705,1e-04
0.10351334512233734,0.9674999713897705,1e-04
0.0993007943034172,0.9725000262260437,1e-04
0.09564999490976334,0.9750000238418579,1e-04
0.08008384704589844,0.9775000214576721,1e-04
0.09303811937570572,0.9700000286102295,1e-04
0.09904994815587997,0.9700000286102295,1e-04
0.07835109531879425,0.9725000262260437,1e-04
0.10975509881973267,0.9599999785423279,1e-04
0.10255831480026245,0.9624999761581421,1e-04
0.08022096753120422,0.9725000262260437,1e-04
0.06992711126804352,0.9900000095367432,1e-04
0.06669512391090393,0.9850000143051147,1e-04
0.06201588734984398,0.9825000166893005,1e-04
0.06614987552165985,0.9725000262260437,1e-04
0.0689740777015686,0.9750000238418579,1e-04
0.08362529426813126,0.9825000166893005,1e-04
0.08097134530544281,0.9649999737739563,1e-04
0.06563461571931839,0.9775000214576721,1e-04
0.08116564154624939,0.9649999737739563,1e-04
0.06581973284482956,0.9775000214576721,1e-04
0.06313513219356537,0.9925000071525574,1e-04
0.0473809614777565,0.9900000095367432,1e-04
0.06213201582431793,0.9750000238418579,1e-04
0.10677112638950348,0.9624999761581421,1e-04
0.08394193649291992,0.9624999761581421,1e-04
0.07784347236156464,0.9725000262260437,1e-04
0.06463611871004105,0.9800000190734863,1e-04
0.04687470942735672,0.9900000095367432,1e-04
0.056781377643346786,0.9925000071525574,1e-04
0.04268095642328262,0.9900000095367432,1e-04
0.04209492728114128,0.9925000071525574,1e-04
0.04446563869714737,0.987500011920929,1e-04
0.04233545809984207,0.9925000071525574,1e-04
0.04444725811481476,0.9950000047683716,1e-04
0.036880671977996826,0.9925000071525574,1e-04
0.04363343119621277,0.9850000143051147,1e-04
0.040454693138599396,0.987500011920929,1e-04
0.03178614005446434,0.987500011920929,1e-04
0.03389996662735939,0.9900000095367432,1e-04
0.03634248301386833,0.9925000071525574,1e-04
0.03218495473265648,0.9975000023841858,1e-04
0.04371814802289009,0.9925000071525574,1e-04
0.05135355889797211,0.9825000166893005,1e-04
0.04341958835721016,0.9950000047683716,1e-04
0.04344828054308891,0.987500011920929,1e-04
0.06655104458332062,0.9850000143051147,1e-04
0.07608912140130997,0.9700000286102295,1e-04
0.05897051468491554,0.9850000143051147,1e-04
0.062310367822647095,0.9800000190734863,1e-04
0.10551556944847107,0.9474999904632568,1e-04
0.15432195365428925,0.9399999976158142,1e-04
0.13358953595161438,0.9674999713897705,1e-04
0.10284192860126495,0.9574999809265137,1e-04
0.07122136652469635,0.9700000286102295,1e-04
0.0747949481010437,0.9800000190734863,1e-04
0.048414263874292374,0.987500011920929,1e-04
0.04685945436358452,0.987500011920929,1e-04
0.04666488245129585,0.9925000071525574,1e-04
0.06647906452417374,0.9900000095367432,1e-04
0.09428271651268005,0.9725000262260437,1e-04
0.05489923432469368,0.987500011920929,1e-04
0.07628367096185684,0.9850000143051147,1e-04
0.0821150690317154,0.9674999713897705,1e-04
0.07431500405073166,0.9775000214576721,1e-04
0.060023557394742966,0.9850000143051147,1e-04
0.06507903337478638,0.9825000166893005,1e-04
0.07439839094877243,0.9925000071525574,1e-04
0.08112481236457825,0.9649999737739563,1e-04
0.07690614461898804,0.9725000262260437,1e-04
0.055337902158498764,0.9850000143051147,1e-04
0.0800059512257576,0.9674999713897705,1e-04
0.06333248317241669,0.9800000190734863,1e-04
0.05801054835319519,0.987500011920929,1e-04
0.06058439239859581,0.9900000095367432,1e-04
0.058512840420007706,0.9800000190734863,1e-04
0.055907975882291794,0.9925000071525574,1e-04
0.03774775564670563,0.9925000071525574,1e-04
0.05471523851156235,0.9850000143051147,1e-04
0.05012628436088562,0.987500011920929,1e-04
0.05834826081991196,0.9775000214576721,1e-04
0.07098203152418137,0.9750000238418579,1e-04
0.04226810857653618,0.9900000095367432,1e-04
0.05360991507768631,1.0,1e-04
0.03754667565226555,0.9950000047683716,1e-04
0.055182043462991714,0.9825000166893005,1e-04
0.041850510984659195,0.987500011920929,1e-04
0.03835441544651985,0.9975000023841858,1e-04
0.03157668560743332,0.9950000047683716,1e-04
0.032607387751340866,0.9950000047683716,1e-04
0.08567964285612106,0.9674999713897705,1e-04
0.05696161836385727,0.987500011920929,1e-04
0.055995140224695206,0.9850000143051147,1e-04
0.048590488731861115,0.9950000047683716,1e-04
0.038886647671461105,0.9925000071525574,1e-04
0.05604534223675728,0.9850000143051147,1e-04
0.03858097642660141,0.9900000095367432,1e-04
0.041912902146577835,0.9900000095367432,1e-04
0.043038561940193176,0.987500011920929,1e-04
0.02868090383708477,0.9950000047683716,1e-04
0.026547051966190338,0.9950000047683716,1e-04
0.029033992439508438,1.0,1e-04
0.025029057636857033,0.9950000047683716,1e-04
0.03416230529546738,0.987500011920929,1e-04
0.060981933027505875,0.9825000166893005,1e-04
0.059387098997831345,0.9825000166893005,1e-04
0.061160456389188766,0.9750000238418579,1e-04
0.03360564261674881,0.9950000047683716,1e-04
0.025439346209168434,0.9950000047683716,1e-04
0.028102733194828033,0.9950000047683716,1e-04
0.02306906133890152,0.9950000047683716,1e-04
0.024138765409588814,0.9975000023841858,1e-04
0.023959144949913025,0.9975000023841858,1e-04
0.02518225461244583,0.9975000023841858,1e-04
0.030838722363114357,1.0,1e-04
0.02610352821648121,0.9975000023841858,1e-04
0.025380978360772133,0.9900000095367432,1e-04
0.024822261184453964,1.0,1e-04
0.02857126295566559,0.9975000023841858,1e-04
0.026232458651065826,0.987500011920929,1e-04
0.03205786645412445,0.9975000023841858,1e-04
0.033083125948905945,1.0,1e-04
0.04788932949304581,0.9850000143051147,1e-04
0.028370561078190804,0.9950000047683716,1e-04
0.05471692234277725,0.9925000071525574,1e-04
0.034941889345645905,0.987500011920929,1e-04
0.03553377091884613,0.987500011920929,1e-04
0.04860307648777962,0.9975000023841858,1e-04
0.02927074208855629,0.9900000095367432,1e-04
0.041538305580616,0.9900000095367432,1e-04
0.03309302031993866,0.9975000023841858,1e-04
0.02437252551317215,0.9975000023841858,1e-04
0.031354524195194244,0.9925000071525574,1e-04
0.024379918351769447,0.9975000023841858,1e-04
0.026405904442071915,1.0,1e-04
0.037024516612291336,0.9900000095367432,1e-04
0.03021335043013096,0.987500011920929,1e-04
0.01860939711332321,1.0,1e-04
0.017435424029827118,0.9975000023841858,1e-04
0.02652638964354992,0.9925000071525574,1e-04
0.041945867240428925,0.9950000047683716,1e-04
0.048911236226558685,0.9850000143051147,1e-04
0.09878275543451309,0.9474999904632568,1e-04
0.0382760688662529,0.9950000047683716,1e-04
0.04690336063504219,0.9825000166893005,1e-04
0.034131377935409546,0.9925000071525574,1e-04
0.035430651158094406,0.9850000143051147,1e-04
0.052850142121315,0.9950000047683716,1e-04
0.03991183638572693,0.9925000071525574,1e-04
0.05982150882482529,0.9800000190734863,1e-04
0.034314826130867004,0.9950000047683716,1e-04
0.0392933152616024,0.9950000047683716,1e-04
0.04537707939743996,0.9850000143051147,1e-04
0.028023041784763336,0.9900000095367432,1e-04
0.038933370262384415,0.9900000095367432,1e-04
0.050396062433719635,0.9925000071525574,1e-04
0.04193990305066109,0.987500011920929,1e-04
0.047996293753385544,0.9850000143051147,1e-04
0.0373343788087368,0.9950000047683716,1e-04
0.03306213766336441,1.0,1e-04
0.041081007570028305,0.987500011920929,1e-04
0.05885256826877594,0.9850000143051147,1e-04
0.048510823398828506,0.9775000214576721,1e-04
0.043057870119810104,0.9975000023841858,1e-04
0.0600985623896122,0.987500011920929,1e-04
0.06774565577507019,0.9775000214576721,1e-04
0.07014689594507217,0.9825000166893005,1e-04
0.08352034538984299,0.9800000190734863,1e-04
0.07460823655128479,0.9750000238418579,1e-04
0.05171715095639229,0.987500011920929,1e-04
0.048458732664585114,0.9900000095367432,1e-04
0.053870752453804016,0.9950000047683716,1e-04
0.043716687709093094,0.9900000095367432,1e-04
0.030715178698301315,0.9925000071525574,1e-04
0.03126377984881401,0.9925000071525574,1e-04
0.03094513900578022,0.9925000071525574,1e-04
0.02774498611688614,0.9950000047683716,1e-04
0.02203529328107834,1.0,1e-04
0.022926881909370422,0.9925000071525574,1e-04
0.021928679198026657,0.9975000023841858,1e-04
0.01904360204935074,1.0,1e-04
0.027894606813788414,0.9925000071525574,1e-04
0.020561600103974342,1.0,1e-04
0.016696661710739136,1.0,1e-04
0.01635071076452732,1.0,1e-04
0.0226457342505455,0.9925000071525574,1e-04
0.022166160866618156,0.9925000071525574,1e-04
0.026919031515717506,1.0,1e-04
0.04185605049133301,0.9925000071525574,1e-04
0.037558771669864655,0.987500011920929,1e-04
0.02567802183330059,0.9925000071525574,1e-04
0.03953545540571213,0.9825000166893005,1e-04
0.029010631144046783,1.0,1e-04
0.02169725112617016,0.9950000047683716,1e-04
0.020673248916864395,1.0,1e-04
0.019884515553712845,0.9950000047683716,1e-04
0.017261451110243797,0.9975000023841858,1e-04
0.01385535579174757,1.0,1e-04
0.015803491696715355,1.0,1e-04
0.016515636816620827,1.0,1e-04
0.02082502655684948,0.9925000071525574,1e-04
0.02062949165701866,0.9975000023841858,1e-04
0.039514850825071335,0.9925000071525574,1e-04
0.034436535090208054,1.0,1e-04
0.07871274650096893,0.9674999713897705,1e-04
0.07521218061447144,0.9700000286102295,1e-04
0.06685560196638107,0.9775000214576721,1e-04
0.0579364076256752,0.9800000190734863,1e-04
0.05025395378470421,0.9950000047683716,1e-04
0.036254506558179855,0.9925000071525574,1e-04
0.04272666946053505,0.9850000143051147,1e-04
0.03551127761602402,0.987500011920929,1e-04
0.07702675461769104,0.9750000238418579,1e-04
0.04260290786623955,0.9900000095367432,1e-04
0.045488107949495316,0.987500011920929,1e-04
0.026919379830360413,1.0,1e-04
0.0233793705701828,1.0,1e-04
0.021980147808790207,0.9925000071525574,1e-04
0.0240787360817194,0.9900000095367432,1e-04
0.03060358203947544,0.9975000023841858,1e-04
0.054581716656684875,0.9975000023841858,1e-04
0.050519734621047974,0.9850000143051147,1e-04
0.032794661819934845,0.9900000095367432,1e-04
0.036752767860889435,1.0,1e-04
0.02403326705098152,0.9950000047683716,1e-04
0.04408339411020279,0.9850000143051147,1e-04
0.027940403670072556,1.0,1e-04
0.044014543294906616,0.9925000071525574,1e-04
0.018704932183027267,1.0,1e-04
0.023166052997112274,1.0,1e-04
0.02967454493045807,0.9925000071525574,1e-04
0.021229896694421768,0.9925000071525574,1e-04
0.015614455565810204,1.0,1e-04
0.016182422637939453,0.9950000047683716,1e-04
0.013485543429851532,1.0,1e-04
0.013440319336950779,1.0,1e-04
0.012970094569027424,1.0,1e-04
0.018084082752466202,0.9950000047683716,1e-04
0.013168900273740292,1.0,1e-04
0.015544562600553036,1.0,1e-04
0.022329140454530716,0.987500011920929,1e-04
0.021147819235920906,0.9975000023841858,1e-04
0.014635368250310421,0.9975000023841858,1e-04
0.01505984179675579,1.0,1e-04
0.017225442454218864,0.9975000023841858,1e-04
0.02596939168870449,0.9925000071525574,1e-04
0.015155493281781673,1.0,1e-04
0.019750509411096573,0.9925000071525574,1e-04
0.011684478260576725,1.0,1e-04
0.010867496952414513,1.0,1e-04
0.011361106298863888,1.0,1e-04
0.01042246911674738,1.0,1e-04
0.010322141461074352,1.0,1e-04
0.009785698726773262,1.0,1e-04
0.011601388454437256,1.0,1e-04
0.010358558036386967,1.0,1e-04
0.009049084968864918,1.0,1e-04
0.008130794391036034,1.0,1e-04
0.010387534275650978,1.0,1e-04
0.009480000473558903,1.0,1e-04
0.014136034995317459,0.9975000023841858,1e-04
0.038155291229486465,0.9850000143051147,1e-04
0.05310685932636261,0.9825000166893005,1e-04
0.036465130746364594,0.9925000071525574,1e-04
0.050125427544116974,0.9825000166893005,1e-04
0.04702579602599144,0.9775000214576721,1e-04
0.02981545962393284,1.0,1e-04
0.032984085381031036,0.9950000047683716,1e-04
0.06175382435321808,0.9850000143051147,1e-04
0.09571368247270584,0.9624999761581421,1e-04
0.07552728056907654,0.9775000214576721,1e-04
0.07809380441904068,0.9700000286102295,1e-04
0.03933759778738022,0.9925000071525574,1e-04
0.04407387226819992,0.9800000190734863,1e-04
0.04635293409228325,0.9900000095367432,1e-04
0.043523870408535004,0.9900000095367432,1e-04
0.0339120514690876,0.9975000023841858,1e-04
0.022514335811138153,1.0,1e-04
0.024187717586755753,1.0,1e-04
0.025566870346665382,0.9975000023841858,1e-04
0.062162309885025024,0.9800000190734863,1e-04
0.04869372770190239,0.9800000190734863,1e-04
0.04901912063360214,0.9825000166893005,1e-04
0.026951219886541367,0.9975000023841858,1e-04
0.026380792260169983,0.987500011920929,1e-04
0.03768555074930191,0.9925000071525574,1e-04
0.01797664910554886,1.0,1e-04
0.029659796506166458,0.987500011920929,1e-04
0.019240664318203926,0.9950000047683716,1e-04
0.02269422449171543,0.9925000071525574,1e-04
0.03676198795437813,1.0,1e-04
0.01682548224925995,0.9975000023841858,1e-04
0.028326088562607765,0.9900000095367432,1e-04
0.01273046713322401,1.0,1e-04
0.015463653020560741,1.0,1e-04
0.009641383774578571,0.9975000023841858,1e-04
0.00909120962023735,1.0,1e-04
0.008760917000472546,1.0,1e-04
0.011491307988762856,1.0,1e-04
0.01112308632582426,1.0,1e-04
0.008202163502573967,1.0,1e-04
0.007768970914185047,1.0,1e-04
0.009212817065417767,1.0,1e-04
0.008345343172550201,1.0,1e-04
0.017390822991728783,0.9975000023841858,1e-04
0.0203663632273674,1.0,1e-04
0.07956619560718536,0.9725000262260437,1e-04
0.020664669573307037,0.9975000023841858,1e-04
0.018966682255268097,0.9950000047683716,1e-04
0.024373358115553856,0.9925000071525574,1e-04
0.019978376105427742,0.9925000071525574,1e-04
0.02343747392296791,0.9950000047683716,1e-04
0.025258012115955353,0.9950000047683716,1e-04
0.027045855298638344,0.9850000143051147,1e-04
0.08113499730825424,0.9725000262260437,1e-04
0.07888209074735641,0.9700000286102295,1e-04
0.027062546461820602,0.9925000071525574,1e-04
0.025688322260975838,0.9950000047683716,1e-04
0.01831868849694729,0.9950000047683716,1e-04
0.015098121017217636,0.9975000023841858,1e-04
0.013996388763189316,1.0,1e-04
0.013326575979590416,0.9950000047683716,1e-04
0.009488260373473167,1.0,1e-04
0.00883669313043356,1.0,1e-04
0.009432333521544933,1.0,1e-04
0.012835516594350338,1.0,1e-04
0.012502692639827728,1.0,1e-04
0.016470737755298615,0.9950000047683716,1e-04
0.012356762774288654,1.0,1e-04
0.012564294040203094,1.0,1e-04
0.016088560223579407,0.9925000071525574,1e-04
0.023152263835072517,0.9925000071525574,1e-04
0.013995515182614326,1.0,1e-04
0.02046065777540207,0.9925000071525574,1e-04
0.012000035494565964,1.0,1e-04
0.01354551687836647,1.0,1e-04
0.0115609560161829,0.9975000023841858,1e-04
0.011776378378272057,1.0,1e-04
0.011124149896204472,0.9975000023841858,1e-04
0.023340262472629547,0.9950000047683716,1e-04
0.04555666074156761,0.9775000214576721,1e-04
0.04970807209610939,0.9825000166893005,1e-04
0.03274614363908768,0.9925000071525574,1e-04
0.049348134547472,0.9800000190734863,1e-04
0.024494273588061333,1.0,1e-04
0.018111752346158028,1.0,1e-04
0.021241024136543274,1.0,1e-04
0.016023671254515648,1.0,1e-04
0.02396484464406967,0.9950000047683716,1e-04
0.02644984796643257,0.9975000023841858,1e-04
0.02193525806069374,0.9925000071525574,1e-04
0.036573633551597595,0.9950000047683716,1e-04
0.04238806292414665,0.987500011920929,1e-04
0.06677466630935669,0.9900000095367432,1e-04
0.02931082434952259,1.0,1e-04
0.026054587215185165,0.9950000047683716,1e-04
0.01807446964085102,0.9975000023841858,1e-04
0.016072440892457962,1.0,1e-04
0.017968129366636276,0.9975000023841858,1e-04
0.021651530638337135,1.0,1e-04
0.01312208455055952,1.0,1e-04
0.016363469883799553,0.9950000047683716,1e-04
0.018182553350925446,0.9950000047683716,1e-04
0.019212443381547928,1.0,1e-04
0.02646121010184288,0.9975000023841858,1e-04
0.026183946058154106,0.9925000071525574,1e-04
0.019094783812761307,1.0,1e-04
0.012267407029867172,0.9975000023841858,1e-04
0.012758731842041016,1.0,1e-04
0.01644117385149002,0.9975000023841858,1e-04
0.023288456723093987,0.9975000023841858,1e-04
0.036595359444618225,0.9900000095367432,1e-04
0.020577944815158844,1.0,1e-04
0.02257542870938778,0.9950000047683716,1e-04
0.06432449072599411,0.9750000238418579,1e-04
0.03957561403512955,0.9850000143051147,1e-04
0.03984435275197029,0.9900000095367432,1e-04
0.021255044266581535,1.0,1e-04
0.023823890835046768,0.9950000047683716,1e-04
0.034083642065525055,0.9925000071525574,1e-04
0.02297236956655979,0.9975000023841858,1e-04
0.01763438992202282,0.9950000047683716,1e-04
0.03367843106389046,0.9900000095367432,1e-04
0.01460894476622343,1.0,1e-04
0.04108922556042671,0.9850000143051147,1e-04
0.023322992026805878,1.0,1e-04
0.014515331946313381,0.9975000023841858,1e-04
0.013796971179544926,1.0,1e-04
0.014611960388720036,0.9975000023841858,1e-04
0.014967614784836769,0.9925000071525574,1e-04
0.018893912434577942,0.9975000023841858,1e-04
0.02423902042210102,1.0,1e-04
0.039285529404878616,0.987500011920929,1e-04
0.023827385157346725,1.0,1e-04
0.022248538210988045,0.987500011920929,1e-04
0.03146625682711601,0.9900000095367432,1e-04
0.027797210961580276,0.9950000047683716,1e-04
0.025179564952850342,0.9975000023841858,1e-04
0.021012701094150543,0.9975000023841858,1e-04
0.02184000425040722,0.9950000047683716,1e-04
0.009807451628148556,1.0,1e-04
0.012348873540759087,1.0,1e-04
0.01851378194987774,0.9975000023841858,1e-04
0.006424763705581427,1.0,1e-04
0.011161799542605877,0.9950000047683716,1e-04
0.00656259898096323,1.0,1e-04
0.009071455337107182,1.0,1e-04
0.008368795737624168,1.0,1e-04
0.025937005877494812,0.987500011920929,1e-04
0.012068331241607666,1.0,1e-04
0.00865101907402277,1.0,1e-04
0.01152781117707491,0.9975000023841858,1e-04
0.035734839737415314,0.9925000071525574,1e-04
0.048181962221860886,0.9850000143051147,1e-04
0.026045814156532288,0.9925000071525574,1e-04
0.03481990098953247,0.9925000071525574,1e-04
0.021640203893184662,1.0,1e-04
0.01969076320528984,0.9975000023841858,1e-04
0.050393957644701004,0.9825000166893005,1e-04
0.03111187182366848,0.9950000047683716,1e-04
0.04002094268798828,0.987500011920929,1e-04
0.048490528017282486,0.9850000143051147,1e-04
0.03965361416339874,0.9850000143051147,1e-04
0.02554640732705593,1.0,1e-04
0.037227507680654526,0.987500011920929,1e-04
0.03630853816866875,0.9900000095367432,1e-04
0.025142207741737366,0.9975000023841858,1e-04
0.029797548428177834,0.9975000023841858,1e-04
0.028345098719000816,0.9950000047683716,1e-04
0.024651911109685898,0.9950000047683716,1e-04
0.019903922453522682,0.9975000023841858,1e-04
0.01940932497382164,0.9975000023841858,1e-04
0.01318408828228712,1.0,1e-04
0.012384935282170773,0.9975000023841858,1e-04
0.009854558855295181,1.0,1e-04
0.0074523743242025375,1.0,1e-04
0.00769079802557826,1.0,1e-04
0.008487099781632423,0.9975000023841858,1e-04
0.018517978489398956,1.0,1e-04
0.013848504051566124,1.0,1e-04
0.024523267522454262,0.9900000095367432,1e-04
0.02398458495736122,0.9925000071525574,1e-04
0.011206252500414848,0.9950000047683716,1e-04
0.046457838267087936,0.9850000143051147,1e-04
0.023228347301483154,0.9975000023841858,1e-04
0.025553684681653976,0.9925000071525574,1e-04
0.03387529402971268,0.9850000143051147,1e-04
0.05564006417989731,0.9800000190734863,1e-04
0.06615819782018661,0.9800000190734863,1e-04
0.04282202571630478,0.9850000143051147,1e-04
0.03070564568042755,0.9950000047683716,1e-04
0.10611438751220703,0.9474999904632568,1e-04
0.026836615055799484,0.9900000095367432,1e-04
0.05339871346950531,0.987500011920929,1e-04
0.04157562553882599,0.9900000095367432,1e-04
0.05819075554609299,0.9775000214576721,1e-04
0.042407140135765076,0.9850000143051147,1e-04
0.03669576346874237,0.987500011920929,1e-04
0.028832191601395607,0.987500011920929,1e-04
0.023460816591978073,1.0,1e-04
0.018735505640506744,0.9975000023841858,1e-04
0.0096110375598073,1.0,1e-04
0.010884517803788185,1.0,1e-04
0.009403344243764877,1.0,1e-04
0.007105526980012655,1.0,1e-04
0.013052583672106266,0.9975000023841858,1e-04
0.012426330707967281,0.9975000023841858,1e-04
0.024425677955150604,0.9925000071525574,1e-04
0.022485630586743355,0.9975000023841858,1e-04
0.03535926714539528,0.9950000047683716,1e-04
0.03886456415057182,0.9850000143051147,1e-04
0.02986002527177334,0.9925000071525574,1e-04
0.02985388971865177,1.0,1e-04
0.01138294953852892,1.0,1e-04
0.016569016501307487,0.9975000023841858,1e-04
0.01771773025393486,0.9950000047683716,1e-04
0.03563351929187775,0.9975000023841858,1e-04
0.015894776210188866,0.9950000047683716,1e-04
0.03714101389050484,0.987500011920929,1e-04
0.03079819120466709,0.9950000047683716,1e-04
0.04453723132610321,0.987500011920929,1e-04
0.08010465651750565,0.9800000190734863,1e-04
0.04146157205104828,0.9850000143051147,1e-04
0.05471107363700867,0.9825000166893005,1e-04
0.05522053688764572,0.9750000238418579,1e-04
0.035764530301094055,0.9900000095367432,1e-04
0.030286870896816254,1.0,1e-04
0.02823958545923233,0.9975000023841858,1e-04
0.033698879182338715,0.9900000095367432,1e-04
0.02635044790804386,0.9925000071525574,1e-04
0.08255013823509216,0.9649999737739563,1e-04
0.046472806483507156,0.9925000071525574,1e-04
0.04827107861638069,0.9850000143051147,1e-04
0.03862767294049263,0.9850000143051147,1e-04
0.02030058577656746,1.0,1e-04
0.030952544882893562,0.987500011920929,1e-04
0.015354611910879612,0.9975000023841858,1e-04
0.01134362444281578,1.0,1e-04
0.010400604456663132,1.0,1e-04
0.00851509440690279,1.0,1e-04
0.011333644390106201,0.9975000023841858,1e-04
0.03233928605914116,0.9925000071525574,1e-04
0.029015671461820602,0.9925000071525574,1e-04
0.039763592183589935,0.987500011920929,1e-04
0.07931100577116013,0.9750000238418579,1e-04
0.03873009607195854,0.9850000143051147,1e-04
0.06384056806564331,0.9750000238418579,1e-04
0.02953513152897358,0.9950000047683716,1e-04
0.053128600120544434,0.9750000238418579,1e-04
0.04441346228122711,0.9850000143051147,1e-04
0.017482660710811615,1.0,1e-04
0.023969240486621857,0.9950000047683716,1e-04
0.015439650043845177,1.0,1e-04
0.01853148452937603,1.0,1e-04
0.02576657570898533,0.987500011920929,1e-04
0.014096038416028023,1.0,1e-04
0.039100367575883865,0.9850000143051147,1e-04
0.01113603450357914,1.0,1e-04
0.05214740335941315,0.9800000190734863,1e-04
0.017781652510166168,0.9975000023841858,1e-04
0.013740732334554195,0.9950000047683716,1e-04
0.044576384127140045,0.9900000095367432,1e-04
0.1235935240983963,0.9599999785423279,1e-04
0.05185074359178543,0.9925000071525574,1e-04
0.026854369789361954,0.9950000047683716,1e-04
0.048203762620687485,0.9825000166893005,1e-04
0.0212077833712101,1.0,1e-04
0.015264499932527542,1.0,1e-04
0.023809529840946198,0.9925000071525574,1e-04
0.017395861446857452,0.9975000023841858,1e-04
0.014743396081030369,0.9975000023841858,1e-04
0.008172256872057915,1.0,1e-04
0.008342844434082508,1.0,1e-04
0.011790713295340538,1.0,1e-04
0.012503829784691334,1.0,1e-04
0.016575926914811134,0.9975000023841858,1e-04
0.03095071017742157,0.9850000143051147,1e-04
0.024528734385967255,0.987500011920929,1e-04
0.03178353235125542,0.9950000047683716,1e-04
0.026636721566319466,0.9925000071525574,1e-04
0.0320398323237896,0.9825000166893005,1e-04
0.010265571996569633,0.9975000023841858,1e-04
0.0253079105168581,0.9975000023841858,1e-04
0.02085808292031288,0.9950000047683716,1e-04
0.016830874606966972,1.0,1e-04
0.019190041348338127,0.9925000071525574,1e-04
0.010688169859349728,1.0,1e-04
0.012897252105176449,1.0,1e-04
0.009331160224974155,1.0,1e-04
0.012260721065104008,1.0,1e-04
0.011588459834456444,1.0,1e-04
0.01863480731844902,0.9975000023841858,1e-04
0.01449921727180481,1.0,1e-04
0.014499119482934475,0.9975000023841858,1e-04
0.03334902226924896,0.987500011920929,1e-04
0.012998292222619057,1.0,1e-04
0.012081173248589039,0.9975000023841858,1e-04
0.012453448958694935,1.0,1e-04
0.023136530071496964,0.9950000047683716,1e-04
0.022831398993730545,0.9900000095367432,1e-04
0.01677653007209301,0.9950000047683716,1e-04
0.008367539383471012,1.0,1e-04
0.010533124208450317,0.9975000023841858,1e-04
0.02092086710035801,0.9975000023841858,1e-04
0.011977817863225937,1.0,1e-04
0.010502871125936508,0.9975000023841858,1e-04
0.006133995018899441,1.0,1e-04
0.005085625220090151,1.0,1e-04
0.005846294108778238,1.0,1e-04
0.007915325462818146,1.0,1e-04
0.005672664847224951,1.0,1e-04
0.003730291733518243,1.0,1e-04
0.005738486535847187,1.0,1e-04
0.005585551727563143,1.0,1e-04
0.004472141154110432,1.0,1e-04
0.003703674767166376,1.0,1e-04
0.002808474935591221,1.0,1e-04
0.004820688161998987,1.0,1e-04
0.0034463563933968544,1.0,1e-04
0.00542017538100481,1.0,1e-04
0.005743598565459251,1.0,1e-04
0.00411487091332674,1.0,1e-04
0.004732375033199787,1.0,1e-04
0.01034424640238285,0.9950000047683716,1e-04
0.07850215584039688,0.9725000262260437,1e-04
0.07193371653556824,0.9750000238418579,1e-04
0.09421567618846893,0.9750000238418579,1e-04
0.054025713354349136,0.9800000190734863,1e-04
0.07310549914836884,0.9900000095367432,1e-04
0.05062617361545563,0.9775000214576721,1e-04
0.03611081838607788,0.9900000095367432,1e-04
0.022419437766075134,1.0,1e-04
0.013464756309986115,0.9975000023841858,1e-04
0.03119482472538948,0.987500011920929,1e-04
0.009265824221074581,1.0,1e-04
0.009211779572069645,1.0,1e-04
0.00909331813454628,1.0,1e-04
0.006626212503761053,1.0,1e-04
0.005493970587849617,1.0,1e-04
0.01030699722468853,0.9975000023841858,1e-04
0.010149028152227402,1.0,1e-04
0.021781254559755325,0.9925000071525574,1e-04
0.015233173035085201,1.0,1e-04
0.017411859706044197,0.9950000047683716,1e-04
0.02127181738615036,0.9950000047683716,1e-04
0.04654737934470177,0.9825000166893005,1e-04
0.01768006756901741,1.0,1e-04
0.024056876078248024,0.9950000047683716,1e-04
0.015462497249245644,1.0,1e-04
0.020702065899968147,0.9975000023841858,1e-04
0.015348310582339764,0.9950000047683716,1e-04
0.0180891752243042,0.9950000047683716,1e-04
0.02606619894504547,0.9925000071525574,1e-04
0.04605017602443695,0.9825000166893005,1e-04
0.04237481206655502,0.9900000095367432,1e-04
0.05109410360455513,0.9850000143051147,1e-04
0.15786074101924896,0.9375,1e-04
0.06389395892620087,0.9725000262260437,1e-04
0.1164420023560524,0.9474999904632568,1e-04
0.048703841865062714,0.9825000166893005,1e-04
0.03957467898726463,0.9900000095367432,1e-04
0.0417192280292511,0.987500011920929,1e-04
0.052871666848659515,0.987500011920929,1e-04
0.03538863733410835,0.9900000095367432,1e-04
0.05864391848444939,0.9750000238418579,1e-04
0.03134183958172798,0.9925000071525574,1e-04
0.03884565457701683,0.9900000095367432,1e-04
0.03018997609615326,0.9975000023841858,1e-04
0.015360445715487003,1.0,1e-04
0.022172261029481888,0.9925000071525574,1e-04
0.012795226648449898,1.0,1e-04
0.009815632365643978,1.0,1e-04
0.010716954246163368,0.9975000023841858,1e-04
0.011444752104580402,1.0,1e-04
0.013802208937704563,0.9975000023841858,1e-04
0.012646054849028587,0.9975000023841858,1e-04
0.012830937281250954,0.9950000047683716,1e-04
0.012784939259290695,0.9975000023841858,1e-04
0.03471531718969345,0.9925000071525574,1e-04
0.01921769045293331,0.9975000023841858,1e-04
0.029048902913928032,0.9900000095367432,1e-04
0.010321374982595444,0.9975000023841858,1e-04
0.009581434540450573,1.0,1e-04
0.010203245095908642,1.0,1e-04
0.01160499919205904,1.0,1e-04
0.010264266282320023,1.0,1e-04
0.014499634504318237,0.9975000023841858,1e-04
0.010365605354309082,1.0,1e-04
0.017463386058807373,0.9950000047683716,1e-04
0.0075799282640218735,1.0,1e-04
0.015585747547447681,0.9950000047683716,1e-04
0.00625262688845396,1.0,1e-04
0.01816600002348423,1.0,1e-04
0.006066422909498215,1.0,1e-04
0.0059026326052844524,1.0,1e-04
0.007917940616607666,1.0,1e-04
0.003928248770534992,1.0,1e-04
0.0033537184353917837,1.0,1e-04
0.003458150662481785,1.0,1e-04
0.0039047878235578537,1.0,1e-04
0.0035830235574394464,1.0,1e-04
0.003163309069350362,1.0,1e-04
0.004105802625417709,1.0,1e-04
0.0034190162550657988,1.0,1e-04
0.0035539288073778152,1.0,1e-04
0.0033156934659928083,1.0,1e-04
0.003739340929314494,1.0,1e-04
0.002925669541582465,1.0,1e-04
0.0027753356844186783,1.0,1e-04
0.0032054006587713957,1.0,1e-04
0.0035091019235551357,1.0,1e-04
0.0027595697902143,1.0,1e-04
0.002666737651452422,1.0,1e-04
0.0031177597120404243,1.0,1e-04
0.002764566568657756,1.0,1e-04
0.0024626897647976875,1.0,1e-04
0.0032787593081593513,1.0,1e-04
0.004052045755088329,1.0,1e-04
0.002864452311769128,1.0,1e-04
0.0033847379963845015,1.0,1e-04
0.002621319377794862,1.0,1e-04
0.0030858791433274746,1.0,1e-04
0.0029349583201110363,1.0,1e-04
0.002444049110636115,1.0,1e-04
0.0032582837156951427,1.0,1e-04
0.009871705435216427,0.9975000023841858,1e-04
0.043698474764823914,0.9850000143051147,1e-04
0.013097107410430908,0.9975000023841858,1e-04
0.029428595677018166,0.9850000143051147,1e-04
0.035648297518491745,0.9950000047683716,1e-04
0.05351582169532776,0.9775000214576721,1e-04
0.041598130017519,0.987500011920929,1e-04
0.029640978202223778,0.9900000095367432,1e-04
0.02486347407102585,0.9925000071525574,1e-04
0.020122883841395378,0.9950000047683716,1e-04
0.01745147816836834,0.9975000023841858,1e-04
0.017415238544344902,0.9950000047683716,1e-04
0.02333255298435688,0.9975000023841858,1e-04
0.0145293353125453,1.0,1e-04
0.01266602985560894,1.0,1e-04
0.013378427363932133,0.9975000023841858,1e-04
0.011265047825872898,1.0,1e-04
0.006036385428160429,1.0,1e-04
0.007169523276388645,1.0,1e-04
0.0056776609271764755,1.0,1e-04
0.004659730941057205,1.0,1e-04
0.0059634242206811905,1.0,1e-04
0.013689704239368439,0.9975000023841858,1e-04
0.006815455388277769,1.0,1e-04
0.0053360979072749615,1.0,1e-04
0.015005085617303848,0.9950000047683716,1e-04
0.0063948179595172405,1.0,1e-04
0.0080197062343359,1.0,1e-04
0.005173810757696629,1.0,1e-04
0.007230442948639393,1.0,1e-04
0.004119501914829016,1.0,1e-04
0.004186876583844423,1.0,1e-04
0.005548675544559956,1.0,1e-04
0.003288993611931801,1.0,1e-04
0.0062757390551269054,1.0,1e-04
0.004002792295068502,1.0,1e-04
0.003069448983296752,1.0,1e-04
0.0027652489952743053,1.0,1e-04
0.003252880647778511,1.0,1e-04
0.0023926421999931335,1.0,1e-04
0.003151829820126295,1.0,1e-04
0.003405101830139756,1.0,1e-04
0.00663572084158659,1.0,1e-04
0.01615363359451294,0.9975000023841858,1e-04
0.015277957543730736,0.9975000023841858,1e-04
0.010031717829406261,1.0,1e-04
0.004644609522074461,1.0,1e-04
0.007292323280125856,1.0,1e-04
0.008081072941422462,1.0,1e-04
0.010090448893606663,1.0,1e-04
0.01871739700436592,0.9975000023841858,1e-04
0.01293904334306717,0.9950000047683716,1e-04
0.01025490090250969,0.9950000047683716,1e-04
0.003617282025516033,1.0,1e-04
0.0054106456227600574,1.0,1e-04
0.005338976159691811,1.0,1e-04
0.0029963108245283365,1.0,1e-04
0.005313469097018242,1.0,1e-04
0.006297681946307421,1.0,1e-04
0.005381508264690638,1.0,1e-04
0.007653725799173117,1.0,1e-04
0.02542967163026333,0.9900000095367432,1e-04
0.011581960134208202,0.9975000023841858,1e-04
0.013660506345331669,0.9975000023841858,1e-04
0.016998719424009323,0.9925000071525574,1e-04
0.02003646083176136,0.9900000095367432,1e-04
0.006853681057691574,1.0,1e-04
0.011932865716516972,0.9975000023841858,1e-04
0.019802836701273918,0.9925000071525574,1e-04
0.055903758853673935,0.987500011920929,1e-04
0.014590151607990265,0.9975000023841858,1e-04
0.053996361792087555,0.9900000095367432,1e-04
0.020038845017552376,0.9975000023841858,1e-04
0.012838724069297314,0.9975000023841858,1e-04
0.044230274856090546,0.987500011920929,1e-04
0.041861601173877716,0.9825000166893005,1e-04
0.05893201753497124,0.9800000190734863,1e-04
0.03655100613832474,0.9900000095367432,1e-04
0.034758310765028,0.9925000071525574,1e-04
0.02045268565416336,1.0,1e-04
0.02284722775220871,0.9975000023841858,1e-04
0.013614251278340816,0.9950000047683716,1e-04
0.007349532097578049,1.0,1e-04
0.004843714646995068,1.0,1e-04
0.005983047652989626,1.0,1e-04
0.005337746348232031,1.0,1e-04
0.005245870444923639,1.0,1e-04
0.004969475790858269,1.0,1e-04
0.004493523854762316,1.0,1e-04
0.0038633376825600863,1.0,1e-04
0.004965484142303467,1.0,1e-04
0.006338144652545452,0.9975000023841858,1e-04
0.01705738715827465,0.9925000071525574,1e-04
0.0053984601981937885,1.0,1e-04
0.005535271018743515,1.0,1e-04
0.005700864363461733,1.0,1e-04
0.007594185881316662,1.0,1e-04
0.005818586330860853,1.0,1e-04
0.008338342420756817,1.0,1e-04
0.00918688252568245,1.0,1e-04
0.03817152604460716,0.9850000143051147,1e-04
0.05083881691098213,0.9825000166893005,1e-04
0.04413492977619171,0.9700000286102295,1e-04
0.02507651038467884,0.9975000023841858,1e-04
0.0200908612459898,0.9950000047683716,1e-04
0.04028601571917534,0.9825000166893005,1e-04
0.015683136880397797,1.0,1e-04
0.018422748893499374,0.9950000047683716,1e-04
0.020206857472658157,0.9925000071525574,1e-04
0.01529504731297493,1.0,1e-04
0.00797781441360712,1.0,1e-04
0.011298797093331814,0.9975000023841858,1e-04
0.017315518110990524,1.0,1e-04
0.029111087322235107,0.9950000047683716,1e-04
0.00655482430011034,1.0,1e-04
0.009138066321611404,1.0,1e-04
0.00505695678293705,1.0,1e-04
0.004558759741485119,1.0,1e-04
0.0044156755320727825,1.0,1e-04
0.008412059396505356,1.0,1e-04
0.005928684491664171,1.0,1e-04
0.0033979802392423153,1.0,1e-04
0.005806425586342812,1.0,1e-04
0.0030074801761657,1.0,1e-04
0.0035049617290496826,1.0,1e-04
0.0028122926596552134,1.0,1e-04
