loss,accuracy,lr
1.0100288391113281,0.52173912525177,0.001
0.6239350438117981,0.52173912525177,0.001
0.440802663564682,0.8260869383811951,0.001
0.32291263341903687,0.8260869383811951,0.001
0.22590357065200806,1.0,0.001
0.14276567101478577,1.0,0.001
0.09272579848766327,1.0,0.001
0.06845331937074661,1.0,0.001
0.05315987393260002,1.0,0.001
0.043451279401779175,1.0,0.001
0.03646717593073845,1.0,0.001
0.03029360994696617,1.0,0.001
0.02580426074564457,1.0,0.001
0.02249051257967949,1.0,0.001
0.019222183153033257,1.0,0.001
0.016424598172307014,1.0,0.001
0.014213025569915771,1.0,0.001
0.012486984953284264,1.0,0.001
0.01107438001781702,1.0,0.001
0.009948167018592358,1.0,0.001
0.009053393267095089,1.0,0.001
0.00826555211097002,1.0,0.001
0.007548435125499964,1.0,0.001
0.006895043421536684,1.0,0.001
0.006319504696875811,1.0,0.001
0.00583014776930213,1.0,0.001
0.005404706113040447,1.0,0.001
0.0050237225368618965,1.0,0.001
0.0046874466352164745,1.0,0.001
0.004402149468660355,1.0,0.001
0.004151945933699608,1.0,0.001
0.003924822900444269,1.0,0.001
0.003718678606674075,1.0,0.001
0.003531985217705369,1.0,0.001
0.003359999042004347,1.0,0.001
0.0032020676881074905,1.0,0.001
0.0030575008131563663,1.0,0.001
0.002926361048594117,1.0,0.001
0.002806425094604492,1.0,0.001
0.0026956151705235243,1.0,0.001
0.0025919880717992783,1.0,0.001
0.00249452400021255,1.0,0.001
0.002402642974629998,1.0,0.001
0.0023156225215643644,1.0,0.001
0.0022342412266880274,1.0,0.001
0.0021586529910564423,1.0,0.001
0.0020886221900582314,1.0,0.001
0.002023582812398672,1.0,0.001
0.0019626787398010492,1.0,0.001
0.0019050244009122252,1.0,0.001
0.0018502672901377082,1.0,0.001
0.0017985625891014934,1.0,0.001
0.0017502510454505682,1.0,0.001
0.0017049870220944285,1.0,0.001
0.0016623723786324263,1.0,0.001
0.0016219227109104395,1.0,0.001
0.0015834723599255085,1.0,0.001
0.0015470741782337427,1.0,0.001
0.0015124595956876874,1.0,0.001
0.0014794423477724195,1.0,0.001
0.0014477126533165574,1.0,0.001
0.00141736282967031,1.0,0.001
0.0013886677334085107,1.0,0.001
0.0013616784708574414,1.0,0.001
0.0013360332231968641,1.0,0.001
0.0013116339687258005,1.0,0.001
0.0012881705770269036,1.0,0.001
0.0012655758764594793,1.0,0.001
0.0012438965495675802,1.0,0.001
0.001223091152496636,1.0,0.001
0.0012030722573399544,1.0,0.001
0.0011837566271424294,1.0,0.001
0.0011650518281385303,1.0,0.001
0.0011469109449535608,1.0,0.001
0.0011292978888377547,1.0,0.001
0.0011121969437226653,1.0,0.001
0.0010956599144265056,1.0,0.001
0.0010796815622597933,1.0,0.001
0.001064153271727264,1.0,0.001
0.0010490540880709887,1.0,0.001
0.0010343737667426467,1.0,0.001
0.0010200556134805083,1.0,0.001
0.0010060683125630021,1.0,0.001
0.0009924119804054499,1.0,0.001
0.000979076256044209,1.0,0.001
0.0009659837232902646,1.0,0.001
0.0009531961986795068,1.0,0.001
0.0009408019832335413,1.0,0.001
0.0009287181310355663,1.0,0.001
0.0009169396944344044,1.0,0.001
0.0009054717374965549,1.0,0.001
0.0008942884160205722,1.0,0.001
0.0008833845495246351,1.0,0.001
0.0008727085078135133,1.0,0.001
0.0008622496970929205,1.0,0.001
0.000851997931022197,1.0,0.001
0.0008419685764238238,1.0,0.001
0.0008321203640662134,1.0,0.001
0.0008224480552598834,1.0,0.001
0.0008129775524139404,1.0,0.001
0.0008036881336010993,1.0,0.001
0.0007945435936562717,1.0,0.001
0.0007855492294766009,1.0,0.001
0.0007766944472678006,1.0,0.001
0.0007680209237150848,1.0,0.00020000001
0.0007662965799681842,1.0,0.00020000001
0.0007646084413863719,1.0,0.00020000001
0.0007629151805303991,1.0,0.00020000001
0.0007612166809849441,1.0,0.00020000001
0.000759549206122756,1.0,0.00020000001
0.0007578921504318714,1.0,0.00020000001
0.0007562350365333259,1.0,0.00020000001
0.0007545985863544047,1.0,0.00020000001
0.0007529674330726266,1.0,0.00020000001
0.000751341343857348,1.0,0.00020000001
0.0007497412152588367,1.0,1e-04
0.0007489488925784826,1.0,1e-04
0.0007481204229407012,1.0,1e-04
0.0007473228615708649,1.0,1e-04
0.0007465202361345291,1.0,1e-04
0.000745712430216372,1.0,1e-04
0.000744920049328357,1.0,1e-04
0.0007441071211360395,1.0,1e-04
0.0007433147984556854,1.0,1e-04
0.000742517237085849,1.0,1e-04
0.0007417301530949771,1.0,1e-04
0.0007409119862131774,1.0,1e-04
0.0007401144248433411,1.0,1e-04
0.0007393117994070053,1.0,1e-04
0.0007385091739706695,1.0,1e-04
0.0007376961293630302,1.0,1e-04
0.0007369089871644974,1.0,1e-04
0.0007361115422099829,1.0,1e-04
0.0007352777174673975,1.0,1e-04
0.0007344906334765255,1.0,1e-04
0.000733693188522011,1.0,1e-04
0.0007328800857067108,1.0,1e-04
0.0007320722797885537,1.0,1e-04
0.0007312695379368961,1.0,1e-04
0.0007304461905732751,1.0,1e-04
0.0007296435651369393,1.0,1e-04
0.0007288408232852817,1.0,1e-04
0.0007280174759216607,1.0,1e-04
0.0007272199145518243,1.0,1e-04
0.000726391444914043,1.0,1e-04
0.000725599005818367,1.0,1e-04
0.0007247808389365673,1.0,1e-04
0.0007239677361212671,1.0,1e-04
0.0007231495692394674,1.0,1e-04
0.0007223364664241672,1.0,1e-04
0.0007215131190605462,1.0,1e-04
0.0007207052549347281,1.0,1e-04
0.0007198662497103214,1.0,1e-04
0.0007190376636572182,1.0,1e-04
0.0007182194385677576,1.0,1e-04
0.0007174063357524574,1.0,1e-04
0.0007165881688706577,1.0,1e-04
0.000715770001988858,1.0,1e-04
0.0007149361772462726,1.0,1e-04
0.0007141024107113481,1.0,1e-04
0.00071329454658553,1.0,1e-04
0.0007124452386051416,1.0,1e-04
0.0007116321357898414,1.0,1e-04
0.0007107932469807565,1.0,1e-04
0.0007099698996171355,1.0,1e-04
0.0007091257139109075,1.0,1e-04
0.0007083126110956073,1.0,1e-04
0.0007074788445606828,1.0,1e-04
0.0007066606194712222,1.0,1e-04
0.0007058371556922793,1.0,1e-04
0.0007050033309496939,1.0,1e-04
0.0007041748031042516,1.0,1e-04
0.0007033565198071301,1.0,1e-04
0.0007025226950645447,1.0,1e-04
0.0007016889867372811,1.0,1e-04
0.0007008552202023566,1.0,1e-04
0.0007000265759415925,1.0,1e-04
0.000699192751199007,1.0,1e-04
0.0006983642233535647,1.0,1e-04
0.0006975303986109793,1.0,1e-04
0.000696701870765537,1.0,1e-04
0.0006958680460229516,1.0,1e-04
0.0006950342212803662,1.0,1e-04
0.0006942055770196021,1.0,1e-04
0.0006933872937224805,1.0,1e-04
0.0006925587658770382,1.0,1e-04
0.000691693858243525,1.0,1e-04
0.0006908756331540644,1.0,1e-04
0.0006900470471009612,1.0,1e-04
0.0006892080418765545,1.0,1e-04
0.0006883586756885052,1.0,1e-04
0.000687545572873205,1.0,1e-04
0.0006867118063382804,1.0,1e-04
0.0006858728593215346,1.0,1e-04
0.0006850390345789492,1.0,1e-04
0.0006842155708000064,1.0,1e-04
0.000683366262819618,1.0,1e-04
0.0006825376185588539,1.0,1e-04
0.0006817090325057507,1.0,1e-04
0.0006808700272813439,1.0,1e-04
0.0006800413248129189,1.0,1e-04
0.0006792075582779944,1.0,1e-04
0.0006783789140172303,1.0,1e-04
0.0006775347283110023,1.0,1e-04
0.0006767112645320594,1.0,1e-04
0.0006758567760698497,1.0,1e-04
0.0006750280736014247,1.0,1e-04
0.0006741943070665002,1.0,1e-04
0.0006733553018420935,1.0,1e-04
0.0006725266575813293,1.0,1e-04
0.00067167729139328,1.0,1e-04
0.0006708486471325159,1.0,1e-04
0.0006699993391521275,1.0,1e-04
0.0006691758171655238,1.0,1e-04
0.000668336811941117,1.0,1e-04
0.0006675133481621742,1.0,1e-04
0.0006666743429377675,1.0,1e-04
0.0006658249767497182,1.0,1e-04
0.0006650066934525967,1.0,1e-04
0.0006641573272645473,1.0,1e-04
0.0006633286830037832,1.0,1e-04
0.0006624844972975552,1.0,1e-04
0.0006616506725549698,1.0,1e-04
0.000660827208776027,1.0,1e-04
0.0006599622429348528,1.0,1e-04
0.0006591336568817496,1.0,1e-04
0.0006583049544133246,1.0,1e-04
0.0006574763101525605,1.0,1e-04
0.0006566217634826899,1.0,1e-04
0.0006557827000506222,1.0,1e-04
0.0006549385725520551,1.0,1e-04
0.0006541046896018088,1.0,1e-04
0.0006532502011395991,1.0,1e-04
0.000652421498671174,1.0,1e-04
0.0006515721324831247,1.0,1e-04
0.0006507434882223606,1.0,1e-04
0.0006498941220343113,1.0,1e-04
0.0006490654195658863,1.0,1e-04
0.0006482315948233008,1.0,1e-04
0.0006473873509094119,1.0,1e-04
0.0006465379847213626,1.0,1e-04
0.0006456989794969559,1.0,1e-04
0.0006448495551012456,1.0,1e-04
0.0006440157303586602,1.0,1e-04
0.0006431922083720565,1.0,1e-04
0.0006423324812203646,1.0,1e-04
0.0006415037787519395,1.0,1e-04
0.0006406543543562293,1.0,1e-04
0.0006398205296136439,1.0,1e-04
0.0006389763439074159,1.0,1e-04
0.0006381425191648304,1.0,1e-04
0.0006373086362145841,1.0,1e-04
0.0006364643923006952,1.0,1e-04
0.0006356357480399311,1.0,1e-04
0.0006347863236442208,1.0,1e-04
0.0006339524989016354,1.0,1e-04
0.0006331289769150317,1.0,1e-04
0.0006322796107269824,1.0,1e-04
0.0006314301281236112,1.0,1e-04
0.0006306014838628471,1.0,1e-04
0.0006297831423580647,1.0,1e-04
0.0006289389566518366,1.0,1e-04
0.000628099893219769,1.0,1e-04
0.0006272660102695227,1.0,1e-04
0.0006264321273192763,1.0,1e-04
0.0006255931220948696,1.0,1e-04
0.0006247644196264446,1.0,1e-04
0.0006239408976398408,1.0,1e-04
0.0006230966537259519,1.0,1e-04
0.0006222576485015452,1.0,1e-04
0.0006214237655512989,1.0,1e-04
0.0006205847021192312,1.0,1e-04
0.0006197559996508062,1.0,1e-04
0.0006189480773173273,1.0,1e-04
0.0006180882337503135,1.0,1e-04
0.0006172647117637098,1.0,1e-04
0.0006164308870211244,1.0,1e-04
0.000615597004070878,1.0,1e-04
0.0006147734820842743,1.0,1e-04
0.0006139447796158493,1.0,1e-04
0.0006131005357019603,1.0,1e-04
0.0006122770137153566,1.0,1e-04
0.0006114587304182351,1.0,1e-04
0.0006106299697421491,1.0,1e-04
0.000609816808719188,1.0,1e-04
0.0006089829257689416,1.0,1e-04
0.000608143862336874,1.0,1e-04
0.0006073410622775555,1.0,1e-04
0.0006065123598091304,1.0,1e-04
0.0006056732963770628,1.0,1e-04
0.0006048549548722804,1.0,1e-04
0.0006040469743311405,1.0,1e-04
0.0006032182718627155,1.0,1e-04
0.0006024050526320934,1.0,1e-04
0.000601586711127311,1.0,1e-04
0.0006007477059029043,1.0,1e-04
0.0005999396671541035,1.0,1e-04
0.0005991212674416602,1.0,1e-04
0.0005982977454550564,1.0,1e-04
0.0005974690429866314,1.0,1e-04
0.0005966610624454916,1.0,1e-04
0.0005958323017694056,1.0,1e-04
0.0005950295017100871,1.0,1e-04
0.0005942163406871259,1.0,1e-04
0.0005933928187005222,1.0,1e-04
0.0005925899604335427,1.0,1e-04
0.0005917612579651177,1.0,1e-04
0.000590973999351263,1.0,1e-04
0.0005901608383283019,1.0,1e-04
0.0005893424386158586,1.0,1e-04
0.0005885292775928974,1.0,1e-04
0.0005877315998077393,1.0,1e-04
0.0005869132583029568,1.0,1e-04
0.0005861104000359774,1.0,1e-04
0.0005852972390130162,1.0,1e-04
0.0005845099803991616,1.0,1e-04
0.0005837071221321821,1.0,1e-04
0.0005828784196637571,1.0,1e-04
0.000582080683670938,1.0,1e-04
0.0005812934250570834,1.0,1e-04
0.0005804906249977648,1.0,1e-04
0.0005796722252853215,1.0,1e-04
0.0005788745475001633,1.0,1e-04
0.0005780820501968265,1.0,1e-04
0.0005772740696556866,1.0,1e-04
0.0005764815723523498,1.0,1e-04
0.0005756787722930312,1.0,1e-04
0.0005748862749896944,1.0,1e-04
0.0005740937776863575,1.0,1e-04
0.0005733013385906816,1.0,1e-04
0.0005725088412873447,1.0,1e-04
0.0005717267049476504,1.0,1e-04
0.0005709187244065106,1.0,1e-04
0.000570131407584995,1.0,1e-04
0.000569333671592176,1.0,1e-04
0.0005685567739419639,1.0,1e-04
0.000567764276638627,1.0,1e-04
0.0005669769598171115,1.0,1e-04
0.0005661948234774172,1.0,1e-04
0.0005654282285831869,1.0,1e-04
0.0005646305507980287,1.0,1e-04
0.0005638432339765131,1.0,1e-04
0.0005630714586004615,1.0,1e-04
0.0005622789612971246,1.0,1e-04
0.0005614968249574304,1.0,1e-04
0.0005607250495813787,1.0,1e-04
0.0005599481519311666,1.0,1e-04
0.0005591608351096511,1.0,1e-04
0.0005583838210441172,1.0,1e-04
0.0005576172261498868,1.0,1e-04
0.00055682472884655,1.0,1e-04
0.0005560426507145166,1.0,1e-04
0.0005552656366489828,1.0,1e-04
0.0005544834421016276,1.0,1e-04
0.0005537117249332368,1.0,1e-04
0.0005529399495571852,1.0,1e-04
0.0005521837738342583,1.0,1e-04
0.0005513912183232605,1.0,1e-04
0.0005506297457031906,1.0,1e-04
0.0005498527898453176,1.0,1e-04
0.0005490757757797837,1.0,1e-04
0.0005482988781295717,1.0,1e-04
0.0005475270445458591,1.0,1e-04
0.0005467605078592896,1.0,1e-04
0.0005459731328301132,1.0,1e-04
0.0005452014156617224,1.0,1e-04
0.0005444399430416524,1.0,1e-04
0.0005436629289761186,1.0,1e-04
0.0005428911536000669,1.0,1e-04
0.0005421349196694791,1.0,1e-04
0.0005413579056039453,1.0,1e-04
0.0005405861302278936,1.0,1e-04
0.0005398298962973058,1.0,1e-04
0.0005390633014030755,1.0,1e-04
0.000538312247954309,1.0,1e-04
0.0005375455948524177,1.0,1e-04
0.0005367841222323477,1.0,1e-04
0.0005360174691304564,1.0,1e-04
0.0005352560547180474,1.0,1e-04
0.0005344945820979774,1.0,1e-04
0.0005337383481673896,1.0,1e-04
0.0005329872947186232,1.0,1e-04
0.0005322258220985532,1.0,1e-04
0.0005314644076861441,1.0,1e-04
0.000530718476511538,1.0,1e-04
0.0005299673648551106,1.0,1e-04
0.0005292162531986833,1.0,1e-04
0.0005284651997499168,1.0,1e-04
0.0005277297459542751,1.0,1e-04
0.0005269785760901868,1.0,1e-04
0.0005262223421595991,1.0,1e-04
0.0005254815914668143,1.0,1e-04
0.0005247304798103869,1.0,1e-04
0.0005239898455329239,1.0,1e-04
0.0005232387338764966,1.0,1e-04
0.0005224928027018905,1.0,1e-04
0.0005217521102167666,1.0,1e-04
0.0005210269009694457,1.0,1e-04
0.0005202706670388579,1.0,1e-04
0.0005195299163460732,1.0,1e-04
0.0005187995848245919,1.0,1e-04
0.0005180639564059675,1.0,1e-04
0.000517328386195004,1.0,1e-04
0.0005165824550203979,1.0,1e-04
0.0005158469430170953,1.0,1e-04
0.0005151165532879531,1.0,1e-04
0.0005143862217664719,1.0,1e-04
0.0005136558320373297,1.0,1e-04
0.0005129358032718301,1.0,1e-04
0.0005121846334077418,1.0,1e-04
0.000511464721057564,1.0,1e-04
0.0005107395118102431,1.0,1e-04
0.0005100246635265648,1.0,1e-04
0.0005092838546261191,1.0,1e-04
0.0005085638258606195,1.0,1e-04
0.0005078386748209596,1.0,1e-04
0.0005071134655736387,1.0,1e-04
0.0005063881981186569,1.0,1e-04
0.0005056682275608182,1.0,1e-04
0.0005049481987953186,1.0,1e-04
0.0005042385309934616,1.0,1e-04
0.000503518502227962,1.0,1e-04
0.0005027984734624624,1.0,1e-04
0.0005020784446969628,1.0,1e-04
0.0005013739573769271,1.0,1e-04
0.0005006383871659636,1.0,1e-04
0.0004999183584004641,1.0,1e-04
0.0004992190515622497,1.0,1e-04
0.000498514564242214,1.0,1e-04
0.0004977997159585357,1.0,1e-04
0.0004970848676748574,1.0,1e-04
0.0004963648971170187,1.0,1e-04
0.0004956707125529647,1.0,1e-04
0.0004949610447511077,1.0,1e-04
0.0004942617379128933,1.0,1e-04
0.000493562372867018,1.0,1e-04
0.0004928319831378758,1.0,1e-04
0.000492143037263304,1.0,1e-04
0.0004914230084978044,1.0,1e-04
0.0004907288821414113,1.0,1e-04
0.0004900451167486608,1.0,1e-04
0.0004893458099104464,1.0,1e-04
0.0004886361421085894,1.0,1e-04
0.0004879367770627141,1.0,1e-04
0.0004872374702244997,1.0,1e-04
0.00048654331476427615,1.0,1e-04
0.00048583879834041,1.0,1e-04
0.0004851394915021956,1.0,1e-04
0.00048446087748743594,1.0,1e-04
0.0004837719025090337,1.0,1e-04
0.00048308298573829234,1.0,1e-04
0.000482383620692417,1.0,1e-04
0.0004817050648853183,1.0,1e-04
0.0004810109094250947,1.0,1e-04
0.00048032711492851377,1.0,1e-04
0.0004796381399501115,1.0,1e-04
0.00047895434545353055,1.0,1e-04
0.00047826021909713745,1.0,1e-04
0.0004775816050823778,1.0,1e-04
0.00047691335203126073,1.0,1e-04
0.000476224347949028,1.0,1e-04
0.0004755405825562775,1.0,1e-04
0.00047485160757787526,1.0,1e-04
0.00047418332542292774,1.0,1e-04
0.0004735047114081681,1.0,1e-04
0.00047282097511924803,1.0,1e-04
0.0004721630539279431,1.0,1e-04
0.0004714792885351926,1.0,1e-04
0.0004707954649347812,1.0,1e-04
0.00047013239236548543,1.0,1e-04
0.0004694641684181988,1.0,1e-04
0.00046878031571395695,1.0,1e-04
0.00046812245273031294,1.0,1e-04
0.000467438658233732,1.0,1e-04
0.0004667704051826149,1.0,1e-04
0.0004661177226807922,1.0,1e-04
0.0004654442600440234,1.0,1e-04
0.0004647759778890759,1.0,1e-04
0.00046410775394178927,1.0,1e-04
0.00046343947178684175,1.0,1e-04
0.0004627970920410007,1.0,1e-04
0.00046213919995352626,1.0,1e-04
0.00046146061504259706,1.0,1e-04
0.00046081823529675603,1.0,1e-04
0.0004601396503858268,1.0,1e-04
0.0004594972706399858,1.0,1e-04
0.0004588393494486809,1.0,1e-04
0.0004581762768793851,1.0,1e-04
0.00045752356527373195,1.0,1e-04
0.0004568811855278909,1.0,1e-04
0.0004562284448184073,1.0,1e-04
0.0004555705818347633,1.0,1e-04
0.0004549385921563953,1.0,1e-04
0.00045427028089761734,1.0,1e-04
0.00045363829121924937,1.0,1e-04
0.0004529700381681323,1.0,1e-04
0.0004523328389041126,1.0,1e-04
0.000451690488262102,1.0,1e-04
0.0004510429280344397,1.0,1e-04
0.00045040054828859866,1.0,1e-04
0.0004497581976465881,1.0,1e-04
0.00044911581790074706,1.0,1e-04
0.00044848379911854863,1.0,1e-04
0.00044784144847653806,1.0,1e-04
0.00044719388824887574,1.0,1e-04
0.0004465515085030347,1.0,1e-04
0.00044593506027013063,1.0,1e-04
0.00044529789010994136,1.0,1e-04
0.00044465032988227904,1.0,1e-04
0.0004440234915819019,1.0,1e-04
0.00044339668238535523,1.0,1e-04
0.00044276469270698726,1.0,1e-04
0.00044213267392478883,1.0,1e-04
0.00044150580652058125,1.0,1e-04
0.00044088417780585587,1.0,1e-04
0.0004402573104016483,1.0,1e-04
0.0004396356816869229,1.0,1e-04
0.0004390139947645366,1.0,1e-04
0.0004383820341899991,1.0,1e-04
0.00043776549864560366,1.0,1e-04
0.0004371542308945209,1.0,1e-04
0.0004365377826616168,1.0,1e-04
0.0004359368176665157,1.0,1e-04
0.0004352944088168442,1.0,1e-04
0.00043467278010211885,1.0,1e-04
0.00043406151235103607,1.0,1e-04
0.0004334501863922924,1.0,1e-04
0.00043284930870868266,1.0,1e-04
0.00043221726082265377,1.0,1e-04
0.0004316059348639101,1.0,1e-04
0.0004309998475946486,1.0,1e-04
0.00043039373122155666,1.0,1e-04
0.00042977725388482213,1.0,1e-04
0.0004291711375117302,1.0,1e-04
0.00042856502113863826,1.0,1e-04
0.00042794851469807327,1.0,1e-04
0.00042734757880680263,1.0,1e-04
0.0004267362819518894,1.0,1e-04
0.00042613016557879746,1.0,1e-04
0.0004255447711329907,1.0,1e-04
0.00042493868386372924,1.0,1e-04
0.00042432735790498555,1.0,1e-04
0.0004237316024955362,1.0,1e-04
0.0004231513594277203,1.0,1e-04
0.00042253491119481623,1.0,1e-04
0.0004219598195049912,1.0,1e-04
0.000421358912717551,1.0,1e-04
0.0004207579477224499,1.0,1e-04
0.0004201674018986523,1.0,1e-04
0.00041957158828154206,1.0,1e-04
0.0004189655010122806,1.0,1e-04
0.0004183800774626434,1.0,1e-04
0.0004177843511570245,1.0,1e-04
0.0004172196495346725,1.0,1e-04
0.0004166186845395714,1.0,1e-04
0.00041601256816647947,1.0,1e-04
0.0004154375346843153,1.0,1e-04
0.0004148573207203299,1.0,1e-04
0.0004142822581343353,1.0,1e-04
0.0004136865318287164,1.0,1e-04
0.0004131165915168822,1.0,1e-04
0.00041252083610743284,1.0,1e-04
0.00041194065124727786,1.0,1e-04
0.00041137076914310455,1.0,1e-04
0.0004107853746972978,1.0,1e-04
0.0004102258535567671,1.0,1e-04
0.00040964563959278166,1.0,1e-04
0.0004090653674211353,1.0,1e-04
0.0004084903630428016,1.0,1e-04
0.00040792045183479786,1.0,1e-04
0.0004073195159435272,1.0,1e-04
0.0004067651752848178,1.0,1e-04
0.0004061901126988232,1.0,1e-04
0.0004056254692841321,1.0,1e-04
0.0004050452262163162,1.0,1e-04
0.0004044960660394281,1.0,1e-04
0.0004039210034534335,1.0,1e-04
0.00040334596997126937,1.0,1e-04
0.0004027709364891052,1.0,1e-04
0.00040222692769020796,1.0,1e-04
0.0004016415332444012,1.0,1e-04
0.0004010768316220492,1.0,1e-04
0.0004005173104815185,1.0,1e-04
0.00039994745748117566,1.0,1e-04
0.00039939829730428755,1.0,1e-04
0.00039883877616375685,1.0,1e-04
0.000398268923163414,1.0,1e-04
0.0003977094020228833,1.0,1e-04
0.0003971550613641739,1.0,1e-04
0.0003965851792600006,1.0,1e-04
0.0003960463800467551,1.0,1e-04
0.00039549203938804567,1.0,1e-04
0.00039492733776569366,1.0,1e-04
0.00039437817758880556,1.0,1e-04
0.00039382901741191745,1.0,1e-04
0.00039328503771685064,1.0,1e-04
0.00039272557478398085,1.0,1e-04
0.0003921919269487262,1.0,1e-04
0.00039161689346656203,1.0,1e-04
0.00039107288466766477,1.0,1e-04
0.00039052372449077666,1.0,1e-04
0.0003899797738995403,1.0,1e-04
0.00038944094558246434,1.0,1e-04
0.00038888660492375493,1.0,1e-04
0.0003883478348143399,1.0,1e-04
0.00038780903560109437,1.0,1e-04
0.00038727541686967015,1.0,1e-04
0.0003867314662784338,1.0,1e-04
0.0003861771256197244,1.0,1e-04
0.0003856383264064789,1.0,1e-04
0.0003850943176075816,1.0,1e-04
0.0003845658793579787,1.0,1e-04
0.0003840167191810906,1.0,1e-04
0.0003834882809314877,1.0,1e-04
0.00038294430123642087,1.0,1e-04
0.0003824054729193449,1.0,1e-04
0.0003818666737060994,1.0,1e-04
0.0003813278744928539,1.0,1e-04
0.0003807838656939566,1.0,1e-04
0.0003802399442065507,1.0,1e-04
0.00037972183781675994,1.0,1e-04
0.00037918821908533573,1.0,1e-04
0.00037864939076825976,1.0,1e-04
0.0003781209816224873,1.0,1e-04
0.00037758215330541134,1.0,1e-04
0.0003770692565012723,1.0,1e-04
0.0003765097353607416,1.0,1e-04
0.00037598650669679046,1.0,1e-04
0.00037546319072134793,1.0,1e-04
0.000374934752471745,1.0,1e-04
0.000374421855667606,1.0,1e-04
0.0003739037783816457,1.0,1e-04
0.0003733804915100336,1.0,1e-04
0.00037285726284608245,1.0,1e-04
0.0003723236150108278,1.0,1e-04
0.0003718003281392157,1.0,1e-04
0.00037128227995708585,1.0,1e-04
0.0003707693249452859,1.0,1e-04
0.0003702512476593256,1.0,1e-04
0.00036972801899537444,1.0,1e-04
0.0003692150639835745,1.0,1e-04
0.00036869701580144465,1.0,1e-04
0.0003681840898934752,1.0,1e-04
0.0003676711639855057,1.0,1e-04
0.00036715311580337584,1.0,1e-04
0.00036664018989540637,1.0,1e-04
0.0003661220835056156,1.0,1e-04
0.00036561957676894963,1.0,1e-04
0.0003651014412753284,1.0,1e-04
0.00036460411502048373,1.0,1e-04
0.0003640963404905051,1.0,1e-04
0.00036358347279019654,1.0,1e-04
0.0003630809369497001,1.0,1e-04
0.00036256283055990934,1.0,1e-04
0.0003620706556830555,1.0,1e-04
0.00036156291025690734,1.0,1e-04
0.0003610500425565988,1.0,1e-04
0.00036055262899026275,1.0,1e-04
0.0003600345808081329,1.0,1e-04
0.000359532015863806,1.0,1e-04
0.0003590398409869522,1.0,1e-04
0.00035853724693879485,1.0,1e-04
0.0003580502525437623,1.0,1e-04
0.00035752696567215025,1.0,1e-04
0.0003570400003809482,1.0,1e-04
0.00035652186488732696,1.0,1e-04
0.00035604005097411573,1.0,1e-04
0.00035554784699343145,1.0,1e-04
0.00035504531115293503,1.0,1e-04
0.0003545531362760812,1.0,1e-04
0.0003540661127772182,1.0,1e-04
0.0003535583964549005,1.0,1e-04
0.0003530869144015014,1.0,1e-04
0.0003525740175973624,1.0,1e-04
0.000352097355062142,1.0,1e-04
0.000351599941495806,1.0,1e-04
0.00035109743475914,1.0,1e-04
0.0003506103821564466,1.0,1e-04
0.00035013892920687795,1.0,1e-04
0.0003496467543300241,1.0,1e-04
0.00034915973083116114,1.0,1e-04
0.00034866234636865556,1.0,1e-04
0.00034818571293726563,1.0,1e-04
0.00034770386992022395,1.0,1e-04
0.0003472219977993518,1.0,1e-04
0.00034673503250814974,1.0,1e-04
0.00034627391141839325,1.0,1e-04
0.0003457816783338785,1.0,1e-04
0.0003452998644206673,1.0,1e-04
0.00034481805050745606,1.0,1e-04
0.000344346568454057,1.0,1e-04
0.00034385433536954224,1.0,1e-04
0.0003433828824199736,1.0,1e-04
0.0003429062489885837,1.0,1e-04
0.0003424347669351846,1.0,1e-04
0.00034196331398561597,1.0,1e-04
0.00034148662234656513,1.0,1e-04
0.0003410099889151752,1.0,1e-04
0.0003405592287890613,1.0,1e-04
0.0003400722052901983,1.0,1e-04
0.0003395903913769871,1.0,1e-04
0.0003391240898054093,1.0,1e-04
0.0003386577882338315,1.0,1e-04
0.00033818630618043244,1.0,1e-04
0.00033771482412703335,1.0,1e-04
0.0003372589126229286,1.0,1e-04
0.0003367978206370026,1.0,1e-04
0.00033633667044341564,1.0,1e-04
0.00033587036887183785,1.0,1e-04
0.0003354040964040905,1.0,1e-04
0.0003349326434545219,1.0,1e-04
0.000334481883328408,1.0,1e-04
0.00033401555265299976,1.0,1e-04
0.00033354407059960067,1.0,1e-04
0.00033309333957731724,1.0,1e-04
0.00033264257945120335,1.0,1e-04
0.00033218145836144686,1.0,1e-04
0.00033171515678986907,1.0,1e-04
0.0003312592161819339,1.0,1e-04
0.00033081366564147174,1.0,1e-04
0.0003303525154478848,1.0,1e-04
0.00032989142346195877,1.0,1e-04
0.0003294406342320144,1.0,1e-04
0.0003289950545877218,1.0,1e-04
0.0003285391430836171,1.0,1e-04
0.0003280780219938606,1.0,1e-04
0.0003276376228313893,1.0,1e-04
0.0003271816822234541,1.0,1e-04
0.0003267516440246254,1.0,1e-04
0.0003262853715568781,1.0,1e-04
0.0003258294309489429,1.0,1e-04
0.00032539418316446245,1.0,1e-04
0.00032493824255652726,1.0,1e-04
0.00032449784339405596,1.0,1e-04
0.00032406262471340597,1.0,1e-04
0.00032361707417294383,1.0,1e-04
0.00032316631404682994,1.0,1e-04
0.00032273109536617994,1.0,1e-04
0.00032229587668552995,1.0,1e-04
0.00032186065800487995,1.0,1e-04
0.0003214202879462391,1.0,1e-04
0.00032096431823447347,1.0,1e-04
0.00032053428003564477,1.0,1e-04
0.00032009390997700393,1.0,1e-04
0.0003196586621925235,1.0,1e-04
0.00031921311165206134,1.0,1e-04
0.0003187934053130448,1.0,1e-04
0.00031836339621804655,1.0,1e-04
0.00031791263609193265,1.0,1e-04
0.0003174929297529161,1.0,1e-04
0.0003170680720359087,1.0,1e-04
0.00031662770197726786,1.0,1e-04
0.0003161924541927874,1.0,1e-04
0.0003157624159939587,1.0,1e-04
0.0003153427387587726,1.0,1e-04
0.00031492309062741697,1.0,1e-04
0.0003144774818792939,1.0,1e-04
0.0003140578046441078,1.0,1e-04
0.0003136381565127522,1.0,1e-04
0.0003132132696919143,1.0,1e-04
0.0003127884119749069,1.0,1e-04
0.0003123531932942569,1.0,1e-04
0.000311954237986356,1.0,1e-04
0.0003115138388238847,1.0,1e-04
0.0003111097030341625,1.0,1e-04
0.0003106848453171551,1.0,1e-04
0.00031025995849631727,1.0,1e-04
0.00030986100318841636,1.0,1e-04
0.00030943614547140896,1.0,1e-04
0.0003090061363764107,1.0,1e-04
0.0003085968201048672,1.0,1e-04
0.00030819265521131456,1.0,1e-04
0.0003077781293541193,1.0,1e-04
0.00030736366170458496,1.0,1e-04
0.00030694398446939886,1.0,1e-04
0.0003065398195758462,1.0,1e-04
0.00030612535192631185,1.0,1e-04
0.00030573675758205354,1.0,1e-04
0.00030532226082868874,1.0,1e-04
0.0003049025544896722,1.0,1e-04
0.0003044932382181287,1.0,1e-04
0.0003040994633920491,1.0,1e-04
0.00030369014712050557,1.0,1e-04
0.00030328083084896207,1.0,1e-04
0.0003028818464372307,1.0,1e-04
0.0003024880716111511,1.0,1e-04
0.0003020891163032502,1.0,1e-04
0.0003016798000317067,1.0,1e-04
0.00030128081561997533,1.0,1e-04
0.0003008818894159049,1.0,1e-04
0.0003004777536261827,1.0,1e-04
0.0003000891301780939,1.0,1e-04
0.0002996798139065504,1.0,1e-04
0.0002992756781168282,1.0,1e-04
0.0002988870837725699,1.0,1e-04
0.0002984777675010264,1.0,1e-04
0.0002980995050165802,1.0,1e-04
0.0002976902178488672,1.0,1e-04
0.00029731198446825147,1.0,1e-04
0.0002969181805383414,1.0,1e-04
0.0002965192252304405,1.0,1e-04
0.0002961409918498248,1.0,1e-04
0.000295752368401736,1.0,1e-04
0.00029536898364312947,1.0,1e-04
0.0002949596382677555,1.0,1e-04
0.0002945762244053185,1.0,1e-04
0.0002941824495792389,1.0,1e-04
0.0002938093966804445,1.0,1e-04
0.00029342080233618617,1.0,1e-04
0.00029304256895557046,1.0,1e-04
0.0002926487650256604,1.0,1e-04
0.0002922653511632234,1.0,1e-04
0.00029188714688643813,1.0,1e-04
0.00029149852343834937,1.0,1e-04
0.0002911150804720819,1.0,1e-04
0.00029072133474983275,1.0,1e-04
0.0002903586137108505,1.0,1e-04
0.0002899752289522439,1.0,1e-04
0.00028958660550415516,1.0,1e-04
0.00028921873308718204,1.0,1e-04
0.0002888301096390933,1.0,1e-04
0.0002884570858441293,1.0,1e-04
0.000288083974737674,1.0,1e-04
0.0002877057413570583,1.0,1e-04
0.00028732235659845173,1.0,1e-04
0.0002869493036996573,1.0,1e-04
0.0002865866117645055,1.0,1e-04
0.00028620834928005934,1.0,1e-04
0.0002858404768630862,1.0,1e-04
0.0002854570630006492,1.0,1e-04
0.00028509952244348824,1.0,1e-04
0.00028472128906287253,1.0,1e-04
0.00028435344574972987,1.0,1e-04
0.000283980363747105,1.0,1e-04
0.00028360728174448013,1.0,1e-04
0.0002832497993949801,1.0,1e-04
0.0002828663564287126,1.0,1e-04
0.0002825140254572034,1.0,1e-04
0.0002821306115947664,1.0,1e-04
0.0002817782515194267,1.0,1e-04
0.0002814207400660962,1.0,1e-04
0.0002810476871673018,1.0,1e-04
0.00028069535619579256,1.0,1e-04
0.00028032748377881944,1.0,1e-04
0.00027995961136184633,1.0,1e-04
0.00027960207080468535,1.0,1e-04
0.00027922901790589094,1.0,1e-04
0.000278881867416203,1.0,1e-04
0.0002785295364446938,1.0,1e-04
0.000278166844509542,1.0,1e-04
0.0002778041234705597,1.0,1e-04
0.0002774414315354079,1.0,1e-04
0.0002770942519418895,1.0,1e-04
0.0002767419209703803,1.0,1e-04
0.00027637925813905895,1.0,1e-04
0.00027603207854554057,1.0,1e-04
0.00027568492805585265,1.0,1e-04
0.0002753222070168704,1.0,1e-04
0.0002749802661128342,1.0,1e-04
0.00027460718411020935,1.0,1e-04
0.00027426518499851227,1.0,1e-04
0.00027391803450882435,1.0,1e-04
0.00027356570353731513,1.0,1e-04
0.00027320816298015416,1.0,1e-04
0.000272866222076118,1.0,1e-04
0.0002725035010371357,1.0,1e-04
0.0002721615310292691,1.0,1e-04
0.0002718195610214025,1.0,1e-04
0.0002714775619097054,1.0,1e-04
0.0002711200213525444,1.0,1e-04
0.00027077808044850826,1.0,1e-04
0.00027042056899517775,1.0,1e-04
0.00027009929181076586,1.0,1e-04
0.00026973659987561405,1.0,1e-04
0.00026939978124573827,1.0,1e-04
0.0002690578403417021,1.0,1e-04
0.0002687106898520142,1.0,1e-04
0.0002683635102584958,1.0,1e-04
0.00026801633066497743,1.0,1e-04
0.00026770029217004776,1.0,1e-04
0.0002673427516128868,1.0,1e-04
0.00026701114256866276,1.0,1e-04
0.00026667435304261744,1.0,1e-04
0.0002663323830347508,1.0,1e-04
0.00026599556440487504,1.0,1e-04
0.000265663955360651,1.0,1e-04
0.0002653219853527844,1.0,1e-04
0.00026499037630856037,1.0,1e-04
0.0002646380162332207,1.0,1e-04
0.00026431676815263927,1.0,1e-04
0.0002639800077304244,1.0,1e-04
0.00026363797951489687,1.0,1e-04
0.0002633115800563246,1.0,1e-04
0.0002629851223900914,1.0,1e-04
0.00026263800100423396,1.0,1e-04
0.0002623115142341703,1.0,1e-04
0.00026199029525741935,1.0,1e-04
0.00026164314476773143,1.0,1e-04
0.0002613167162053287,1.0,1e-04
0.0002609850780572742,1.0,1e-04
0.00026065862039104104,1.0,1e-04
0.0002603373723104596,1.0,1e-04
0.00026000055368058383,1.0,1e-04
0.00025966379325836897,1.0,1e-04
0.00025935290614143014,1.0,1e-04
0.00025902126799337566,1.0,1e-04
0.00025868965894915164,1.0,1e-04
0.0002583684108685702,1.0,1e-04
0.00025803159223869443,1.0,1e-04
0.0002577207051217556,1.0,1e-04
0.00025739948614500463,1.0,1e-04
0.0002570678188931197,1.0,1e-04
0.00025675693177618086,1.0,1e-04
0.00025644086417742074,1.0,1e-04
0.0002561092551331967,1.0,1e-04
0.00025578797794878483,1.0,1e-04
0.0002554667298682034,1.0,1e-04
0.00025515584275126457,1.0,1e-04
0.00025483977515250444,1.0,1e-04
0.0002545237075537443,1.0,1e-04
0.00025420761085115373,1.0,1e-04
0.00025388115318492055,1.0,1e-04
0.0002535702660679817,1.0,1e-04
0.0002532593789510429,1.0,1e-04
0.00025293813087046146,1.0,1e-04
0.00025261170230805874,1.0,1e-04
0.0002523318980820477,1.0,1e-04
0.0002520106208976358,1.0,1e-04
0.0002516945532988757,1.0,1e-04
0.0002513784565962851,1.0,1e-04
0.0002510675694793463,1.0,1e-04
0.000250756653258577,1.0,1e-04
0.0002504509757272899,1.0,1e-04
0.0002501452690921724,1.0,1e-04
0.0002498291723895818,1.0,1e-04
0.00024953382671810687,1.0,1e-04
0.00024922293960116804,1.0,1e-04
0.00024891202338039875,1.0,1e-04
0.0002486063167452812,1.0,1e-04
0.0002482954296283424,1.0,1e-04
0.0002479948743712157,1.0,1e-04
0.00024768916773609817,1.0,1e-04
0.00024737828061915934,1.0,1e-04
0.00024707772536203265,1.0,1e-04
0.0002467616577632725,1.0,1e-04
0.0002464766730554402,1.0,1e-04
0.0002461553958710283,1.0,1e-04
0.00024586523068137467,1.0,1e-04
0.0002455750945955515,1.0,1e-04
0.0002452641783747822,1.0,1e-04
0.00024496365222148597,1.0,1e-04
0.0002446527360007167,1.0,1e-04
0.00024434702936559916,1.0,1e-04
0.0002440620301058516,1.0,1e-04
0.00024375630891881883,1.0,1e-04
0.00024344543635379523,1.0,1e-04
0.00024316042254213244,1.0,1e-04
0.0002428702573524788,1.0,1e-04
0.00024255935568362474,1.0,1e-04
0.0002422640100121498,1.0,1e-04
0.00024195828882511705,1.0,1e-04
0.00024166812363546342,1.0,1e-04
0.000241377972997725,1.0,1e-04
0.00024109297373797745,1.0,1e-04
0.00024078723799902946,1.0,1e-04
0.00024050225329119712,1.0,1e-04
0.00024021210265345871,1.0,1e-04
0.00023990636691451073,1.0,1e-04
0.00023961617262102664,1.0,1e-04
0.00023931566101964563,1.0,1e-04
0.0002390306763118133,1.0,1e-04
0.00023874567705206573,1.0,1e-04
0.0002384555118624121,1.0,1e-04
0.00023817052715457976,1.0,1e-04
0.00023788036196492612,1.0,1e-04
0.00023758500174153596,1.0,1e-04
0.00023728965607006103,1.0,1e-04
0.0002370098081883043,1.0,1e-04
0.00023671964299865067,1.0,1e-04
0.00023643983877263963,1.0,1e-04
0.000236149673582986,1.0,1e-04
0.00023585432791151106,1.0,1e-04
0.00023556413361802697,1.0,1e-04
0.0002352946758037433,1.0,1e-04
0.00023500969109591097,1.0,1e-04
0.00023472470638807863,1.0,1e-04
0.00023443970712833107,1.0,1e-04
0.00023415472242049873,1.0,1e-04
0.00023387490364257246,1.0,1e-04
0.00023360027989838272,1.0,1e-04
0.0002333049342269078,1.0,1e-04
0.00023301476903725415,1.0,1e-04
0.00023274010163731873,1.0,1e-04
0.00023247067292686552,1.0,1e-04
0.00023219086870085448,1.0,1e-04
0.00023191624495666474,1.0,1e-04
0.0002316260797670111,1.0,1e-04
0.00023135662195272744,1.0,1e-04
0.00023107162269297987,1.0,1e-04
0.00023078660888131708,1.0,1e-04
0.00023052234610076994,1.0,1e-04
0.0002302425418747589,1.0,1e-04
0.00022996273764874786,1.0,1e-04
0.0002296777383890003,1.0,1e-04
0.00022941346105653793,1.0,1e-04
0.00022914401779416949,1.0,1e-04
0.0002288797259097919,1.0,1e-04
0.00022859992168378085,1.0,1e-04
0.00022833049297332764,1.0,1e-04
0.00022805585467722267,1.0,1e-04
0.0002277915773447603,1.0,1e-04
0.00022749105119146407,1.0,1e-04
0.0002272267738590017,1.0,1e-04
0.00022697287204209715,1.0,1e-04
0.0002266982482979074,1.0,1e-04
0.00022643397096544504,1.0,1e-04
0.00022614379122387618,1.0,1e-04
0.00022589506988879293,1.0,1e-04
0.00022561523655895144,1.0,1e-04
0.00022536134929396212,1.0,1e-04
0.0002250815596198663,1.0,1e-04
0.0002248172677354887,1.0,1e-04
0.00022454782447312027,1.0,1e-04
0.00022429392265621573,1.0,1e-04
0.00022401408932637423,1.0,1e-04
0.00022374466061592102,1.0,1e-04
0.00022348038328345865,1.0,1e-04
0.00022320056450553238,1.0,1e-04
0.00022294667724054307,1.0,1e-04
0.0002226979413535446,1.0,1e-04
0.00022242331760935485,1.0,1e-04
0.00022217456717044115,1.0,1e-04
0.00022191031894180924,1.0,1e-04
0.00022163568064570427,1.0,1e-04
0.0002213765837950632,1.0,1e-04
0.00022112786245997995,1.0,1e-04
0.0002208739606430754,1.0,1e-04
0.00022060968331061304,1.0,1e-04
0.00022035061556380242,1.0,1e-04
0.00022007597726769745,1.0,1e-04
0.00021982724138069898,1.0,1e-04
0.00021957335411570966,1.0,1e-04
0.00021931424271315336,1.0,1e-04
0.0002190603263443336,1.0,1e-04
0.00021879089763388038,1.0,1e-04
0.00021854217629879713,1.0,1e-04
0.00021828307944815606,1.0,1e-04
0.0002180447190767154,1.0,1e-04
0.0002177856076741591,1.0,1e-04
0.0002175317204091698,1.0,1e-04
0.00021727780404035002,1.0,1e-04
0.0002170187362935394,1.0,1e-04
0.00021677000040654093,1.0,1e-04
0.0002165109181078151,1.0,1e-04
0.00021626734815072268,1.0,1e-04
0.0002160134754376486,1.0,1e-04
0.0002157647249987349,1.0,1e-04
0.00021550047677010298,1.0,1e-04
0.00021525690681301057,1.0,1e-04
0.00021499783906619996,1.0,1e-04
0.00021475428366102278,1.0,1e-04
0.00021450557687785476,1.0,1e-04
0.00021425682643894106,1.0,1e-04
0.00021402363199740648,1.0,1e-04
0.00021376974473241717,1.0,1e-04
0.00021351584291551262,1.0,1e-04
0.00021328266302589327,1.0,1e-04
0.0002130339271388948,1.0,1e-04
0.00021277483028825372,1.0,1e-04
0.00021252092847134918,1.0,1e-04
0.0002122929145116359,1.0,1e-04
0.00021204938821028918,1.0,1e-04
0.0002117954718414694,1.0,1e-04
0.00021154675050638616,1.0,1e-04
0.0002113083901349455,1.0,1e-04
0.00021107001521158963,1.0,1e-04
0.0002108264743583277,1.0,1e-04
0.00021058293350506574,1.0,1e-04
0.00021034972451161593,1.0,1e-04
0.00021010103228036314,1.0,1e-04
0.00020985746232327074,1.0,1e-04
0.00020962426788173616,1.0,1e-04
0.00020937556109856814,1.0,1e-04
0.00020913718617521226,1.0,1e-04
0.00020890917221549898,1.0,1e-04
0.00020865527039859444,1.0,1e-04
0.00020842728554271162,1.0,1e-04
0.0002081888960674405,1.0,1e-04
0.0002079557307297364,1.0,1e-04
0.00020770700939465314,1.0,1e-04
0.00020747380040120333,1.0,1e-04
0.0002072509960271418,1.0,1e-04
0.00020698671869467944,1.0,1e-04
0.00020676389976870269,1.0,1e-04
0.0002065307053271681,1.0,1e-04
0.00020629753998946398,1.0,1e-04
0.00020606954058166593,1.0,1e-04
0.00020582597062457353,1.0,1e-04
0.00020558242977131158,1.0,1e-04
0.00020534406939987093,1.0,1e-04
0.00020511606999207288,1.0,1e-04
0.00020489325106609613,1.0,1e-04
0.000204660085728392,1.0,1e-04
0.00020442689128685743,1.0,1e-04
0.00020419887732714415,1.0,1e-04
0.0002039656974375248,1.0,1e-04
0.00020373251754790545,1.0,1e-04
0.00020349414262454957,1.0,1e-04
0.0002032765041803941,1.0,1e-04
0.00020304330973885953,1.0,1e-04
0.00020282049081288278,1.0,1e-04
0.00020257694995962083,1.0,1e-04
0.00020236967247910798,1.0,1e-04
0.0002021312975557521,1.0,1e-04
0.00020190329814795405,1.0,1e-04
0.00020168049377389252,1.0,1e-04
0.00020143693836871535,1.0,1e-04
0.00020121928537264466,1.0,1e-04
0.00020100166148040444,1.0,1e-04
0.00020076846703886986,1.0,1e-04
0.0002005352871492505,1.0,1e-04
0.00020032800966873765,1.0,1e-04
0.0002000792883336544,1.0,1e-04
0.0001998668012674898,1.0,1e-04
0.00019963363592978567,1.0,1e-04
0.00019941599748563021,1.0,1e-04
0.00019920353952329606,1.0,1e-04
0.0001989599986700341,1.0,1e-04
0.00019874754070769995,1.0,1e-04
0.00019851952674798667,1.0,1e-04
0.00019831224926747382,1.0,1e-04
0.00019807388889603317,1.0,1e-04
0.00019785623589996248,1.0,1e-04
0.00019764379248954356,1.0,1e-04
0.00019741059804800898,1.0,1e-04
0.00019718779367394745,1.0,1e-04
0.0001969753357116133,1.0,1e-04
0.00019674214127007872,1.0,1e-04
0.00019652966875582933,1.0,1e-04
0.0001962965034181252,1.0,1e-04
0.00019608922593761235,1.0,1e-04
0.00019587675342336297,1.0,1e-04
0.00019563839305192232,1.0,1e-04
0.00019542593508958817,1.0,1e-04
0.0001952186576090753,1.0,1e-04
0.00019500621419865638,1.0,1e-04
0.0001947678392753005,1.0,1e-04
0.00019455536676105112,1.0,1e-04
0.0001943377428688109,1.0,1e-04
0.0001941149093909189,1.0,1e-04
0.00019389209046494216,1.0,1e-04
0.00019367961795069277,1.0,1e-04
0.00019348271598573774,1.0,1e-04
0.00019324952154420316,1.0,1e-04
0.00019304225861560553,1.0,1e-04
0.0001928246347233653,1.0,1e-04
0.00019260180124547333,1.0,1e-04
0.00019239970424678177,1.0,1e-04
0.0001921872462844476,1.0,1e-04
0.00019197477377019823,1.0,1e-04
0.00019174675981048495,1.0,1e-04
0.0001915550383273512,1.0,1e-04
0.00019132702436763793,1.0,1e-04
0.00019111456640530378,1.0,1e-04
0.0001908917329274118,1.0,1e-04
0.0001907000259961933,1.0,1e-04
0.0001904771925183013,1.0,1e-04
0.00019026992958970368,1.0,1e-04
0.00019006265210919082,1.0,1e-04
0.00018985019414685667,1.0,1e-04
0.00018964288756251335,1.0,1e-04
0.00018943562463391572,1.0,1e-04
0.00018922834715340286,1.0,1e-04
0.00018902106967289,1.0,1e-04
0.00018880861171055585,1.0,1e-04
0.00018859095871448517,1.0,1e-04
0.0001883940421976149,1.0,1e-04
0.00018818676471710205,1.0,1e-04
0.0001879794872365892,1.0,1e-04
0.00018777220975607634,1.0,1e-04
0.00018754937627818435,1.0,1e-04
0.0001873369183158502,1.0,1e-04
0.00018716072372626513,1.0,1e-04
0.00018695862672757357,1.0,1e-04
0.00018674616876523942,1.0,1e-04
0.00018652333528734744,1.0,1e-04
0.00018632126739248633,1.0,1e-04
0.00018611396080814302,1.0,1e-04
0.00018592223932500929,1.0,1e-04
0.00018572014232631773,1.0,1e-04
0.00018550766981206834,1.0,1e-04
0.00018530557281337678,1.0,1e-04
0.00018510865629650652,1.0,1e-04
0.00018489619833417237,1.0,1e-04
0.0001846992818173021,1.0,1e-04
0.00018449718481861055,1.0,1e-04
0.00018428992189001292,1.0,1e-04
0.00018410336633678526,1.0,1e-04
0.00018389607430435717,1.0,1e-04
0.00018369917233940214,1.0,1e-04
0.00018349188030697405,1.0,1e-04
0.00018330533930566162,1.0,1e-04
0.00018310842278879136,1.0,1e-04
0.0001829063257900998,1.0,1e-04
0.00018269386782776564,1.0,1e-04
0.00018249695131089538,1.0,1e-04
0.00018228967383038253,1.0,1e-04
0.00018209793779533356,1.0,1e-04
0.0001818906603148207,1.0,1e-04
0.00018171448027715087,1.0,1e-04
0.00018149682728108019,1.0,1e-04
0.0001813102571759373,1.0,1e-04
0.00018112371617462486,1.0,1e-04
0.00018090606317855418,1.0,1e-04
0.00018072470265906304,1.0,1e-04
0.00018051224469672889,1.0,1e-04
0.00018033086962532252,1.0,1e-04
0.00018014431407209486,1.0,1e-04
0.0001799473975552246,1.0,1e-04
0.00017975566152017564,1.0,1e-04
0.00017955356452148408,1.0,1e-04
0.00017935146752279252,1.0,1e-04
0.00017915455100592226,1.0,1e-04
0.000178957634489052,1.0,1e-04
0.00017877627396956086,1.0,1e-04
0.0001785741769708693,1.0,1e-04
0.0001783927873475477,1.0,1e-04
0.00017820106586441398,1.0,1e-04
0.00017798862245399505,1.0,1e-04
0.00017780205234885216,1.0,1e-04
0.0001776103163138032,1.0,1e-04
0.000177418565726839,1.0,1e-04
0.0001772268587956205,1.0,1e-04
0.0001770402886904776,1.0,1e-04
0.00017684856720734388,1.0,1e-04
0.0001766671921359375,1.0,1e-04
0.00017646509513724595,1.0,1e-04
0.00017627334455028176,1.0,1e-04
0.00017609198403079063,1.0,1e-04
0.00017590024799574167,1.0,1e-04
0.00017570852651260793,1.0,1e-04
0.00017552713688928634,1.0,1e-04
0.00017533022037241608,1.0,1e-04
0.00017516440129838884,1.0,1e-04
0.00017495194333605468,1.0,1e-04
0.00017476020730100572,1.0,1e-04
0.00017458919319324195,1.0,1e-04
0.0001743922766763717,1.0,1e-04
0.00017419536015950143,1.0,1e-04
0.00017401398508809507,1.0,1e-04
0.0001738274295348674,1.0,1e-04
0.00017364088853355497,1.0,1e-04
0.0001734543329803273,1.0,1e-04
0.00017328849935438484,1.0,1e-04
0.0001730760559439659,1.0,1e-04
0.000172910193214193,1.0,1e-04
0.00017270294483751059,1.0,1e-04
0.0001725370966596529,1.0,1e-04
0.00017235055565834045,1.0,1e-04
0.00017216398555319756,1.0,1e-04
0.00017197744455188513,1.0,1e-04
0.0001718012645142153,1.0,1e-04
0.0001716198748908937,1.0,1e-04
0.00017143331933766603,1.0,1e-04
0.0001712467783363536,1.0,1e-04
0.00017108095926232636,1.0,1e-04
0.00017088402819354087,1.0,1e-04
0.00017070784815587103,1.0,1e-04
0.0001705316681182012,1.0,1e-04
0.0001703450980130583,1.0,1e-04
0.00017015854245983064,1.0,1e-04
0.00016998752835206687,1.0,1e-04
0.00016980616783257574,1.0,1e-04
0.00016962997324299067,1.0,1e-04
0.0001694589591352269,1.0,1e-04
0.00016926722310017794,1.0,1e-04
0.00016909620899241418,1.0,1e-04
0.00016892002895474434,1.0,1e-04
0.00016872309788595885,1.0,1e-04
0.00016855729336384684,1.0,1e-04
0.00016839145973790437,1.0,1e-04
0.0001682152651483193,1.0,1e-04
0.00016802870959509164,1.0,1e-04
0.00016785769548732787,1.0,1e-04
0.0001676866813795641,1.0,1e-04
0.00016749495989643037,1.0,1e-04
0.0001673187653068453,1.0,1e-04
0.00016714776575099677,1.0,1e-04
0.00016697155660949647,1.0,1e-04
0.00016679019609000534,1.0,1e-04
0.00016661918198224157,1.0,1e-04
0.0001664533483562991,1.0,1e-04
0.00016625643183942884,1.0,1e-04
0.0001660906127654016,1.0,1e-04
0.0001659195841057226,1.0,1e-04
0.00016573304310441017,1.0,1e-04
0.00016556722403038293,1.0,1e-04
0.0001654014049563557,1.0,1e-04
0.00016523039084859192,1.0,1e-04
0.00016506455722264946,1.0,1e-04
0.00016488319670315832,1.0,1e-04
0.00016470698756165802,1.0,1e-04
0.00016452561249025166,1.0,1e-04
0.00016437016893178225,1.0,1e-04
0.00016419395979028195,1.0,1e-04
0.00016402294568251818,1.0,1e-04
0.00016385714116040617,1.0,1e-04
0.00016368093201890588,1.0,1e-04
0.00016350475198123604,1.0,1e-04
0.00016334409883711487,1.0,1e-04
0.00016317827976308763,1.0,1e-04
0.00016299170965794474,1.0,1e-04
0.0001628362515475601,1.0,1e-04
0.00016266525199171156,1.0,1e-04
0.0001624994183657691,1.0,1e-04
0.00016233358473982662,1.0,1e-04
0.00016214702918659896,1.0,1e-04
0.0001620071125216782,1.0,1e-04
0.00016183091793209314,1.0,1e-04
0.00016166508430615067,1.0,1e-04
0.00016147854330483824,1.0,1e-04
0.00016131789016071707,1.0,1e-04
0.00016116243205033243,1.0,1e-04
0.00016097587649710476,1.0,1e-04
0.0001608255843166262,1.0,1e-04
0.00016067530668806285,1.0,1e-04
0.0001604835852049291,1.0,1e-04
0.00016032811254262924,1.0,1e-04
0.00016015709843486547,1.0,1e-04
0.00015999127936083823,1.0,1e-04
0.00015984098718035966,1.0,1e-04
0.00015964926569722593,1.0,1e-04
0.00015949895896483213,1.0,1e-04
0.00015934868133626878,1.0,1e-04
0.00015916730626486242,1.0,1e-04
0.00015900666767265648,1.0,1e-04
0.00015884602908045053,1.0,1e-04
0.00015866983449086547,1.0,1e-04
0.000158504000864923,1.0,1e-04
0.00015835372323635966,1.0,1e-04
0.000158198265125975,1.0,1e-04
0.00015802205598447472,1.0,1e-04
0.00015786659787409008,1.0,1e-04
0.0001577111252117902,1.0,1e-04
0.00015754011110402644,1.0,1e-04
0.0001573846529936418,1.0,1e-04
0.00015721883391961455,1.0,1e-04
0.0001570633758092299,1.0,1e-04
0.00015689234714955091,1.0,1e-04
0.00015673688903916627,1.0,1e-04
0.0001565814163768664,1.0,1e-04
0.00015643113874830306,1.0,1e-04
0.0001562497636768967,1.0,1e-04
0.00015609948604833335,1.0,1e-04
0.00015593365242239088,1.0,1e-04
0.00015578337479382753,1.0,1e-04
0.00015562272164970636,1.0,1e-04
0.00015546208305750042,1.0,1e-04
0.00015530144446529448,1.0,1e-04
0.0001551407913211733,1.0,1e-04
0.00015497495769523084,1.0,1e-04
0.0001548246800666675,1.0,1e-04
0.00015467956836801022,1.0,1e-04
0.00015450337377842516,1.0,1e-04
0.00015435829118359834,1.0,1e-04
0.00015420799900311977,1.0,1e-04
0.0001540421653771773,1.0,1e-04
0.00015387115126941353,1.0,1e-04
0.00015372087364085019,1.0,1e-04
0.00015356540097855031,1.0,1e-04
0.00015340994286816567,1.0,1e-04
0.00015326484572142363,1.0,1e-04
0.00015309901209548116,1.0,1e-04
0.00015293837350327522,1.0,1e-04
0.00015278808132279664,1.0,1e-04
0.00015262742817867547,1.0,1e-04
0.00015246678958646953,1.0,1e-04
0.00015232687292154878,1.0,1e-04
0.00015215587336570024,1.0,1e-04
0.00015201076166704297,1.0,1e-04
0.0001518449280411005,1.0,1e-04
0.00015169463586062193,1.0,1e-04
0.00015153401182033122,1.0,1e-04
0.00015139408060349524,1.0,1e-04
0.00015124378842301667,1.0,1e-04
0.00015108833031263202,1.0,1e-04
0.00015091213572304696,1.0,1e-04
0.0001507670385763049,1.0,1e-04
0.00015061674639582634,1.0,1e-04
0.0001504716492490843,1.0,1e-04
0.00015032655210234225,1.0,1e-04
0.00015016589895822108,1.0,1e-04
0.00015001562132965773,1.0,1e-04
0.00014986532914917916,1.0,1e-04
0.00014971505152061582,1.0,1e-04
0.00014954405196476728,1.0,1e-04
0.0001494144817115739,1.0,1e-04
0.00014925902360118926,1.0,1e-04
0.00014908281445968896,1.0,1e-04
0.00014895327331032604,1.0,1e-04
0.0001487978151999414,1.0,1e-04
0.00014865270350128412,1.0,1e-04
0.00014848686987534165,1.0,1e-04
0.0001483365922467783,1.0,1e-04
0.00014819149510003626,1.0,1e-04
0.00014805675891693681,1.0,1e-04
0.00014789092529099435,1.0,1e-04
0.0001477354671806097,1.0,1e-04
0.00014758517500013113,1.0,1e-04
0.00014744007785338908,1.0,1e-04
0.0001472897856729105,1.0,1e-04
0.00014716022997163236,1.0,1e-04
0.0001469995768275112,1.0,1e-04
0.00014685447968076915,1.0,1e-04
0.0001467042020522058,1.0,1e-04
0.00014655390987172723,1.0,1e-04
0.00014640363224316388,1.0,1e-04
0.00014627407654188573,1.0,1e-04
0.00014609788195230067,1.0,1e-04
0.0001459579507354647,1.0,1e-04
0.00014580249262508005,1.0,1e-04
0.0001456729369238019,1.0,1e-04
0.00014552783977705985,1.0,1e-04
0.0001453879231121391,1.0,1e-04
0.00014522726996801794,1.0,1e-04
0.00014508215826936066,1.0,1e-04
0.00014493188064079732,1.0,1e-04
0.00014479714445769787,1.0,1e-04
0.00014465722779277712,1.0,1e-04
0.00014449657464865595,1.0,1e-04
0.0001443566579837352,1.0,1e-04
0.00014419600483961403,1.0,1e-04
0.00014406644913833588,1.0,1e-04
0.00014391099102795124,1.0,1e-04
0.00014378142077475786,1.0,1e-04
0.00014363633817993104,1.0,1e-04
0.00014347568503580987,1.0,1e-04
0.00014334612933453172,1.0,1e-04
0.00014321137859951705,1.0,1e-04
0.00014307147648651153,1.0,1e-04
0.00014291082334239036,1.0,1e-04
0.0001427709066774696,1.0,1e-04
0.00014264135097619146,1.0,1e-04
0.0001424962392775342,1.0,1e-04
0.00014235633716452867,1.0,1e-04
0.00014219566946849227,1.0,1e-04
0.00014206093328539282,1.0,1e-04
0.00014190029469318688,1.0,1e-04
0.0001417707244399935,1.0,1e-04
0.00014163079322315753,1.0,1e-04
0.0001415064325556159,1.0,1e-04
0.00014135615492705256,1.0,1e-04
0.0001412058772984892,1.0,1e-04
0.00014106594608165324,1.0,1e-04
0.0001409363903803751,1.0,1e-04
0.00014078611275181174,1.0,1e-04
0.00014065654249861836,1.0,1e-04
0.00014051144535187632,1.0,1e-04
0.00014036634820513427,1.0,1e-04
0.000140221236506477,1.0,1e-04
0.00014009168080519885,1.0,1e-04
0.0001399414031766355,1.0,1e-04
0.00013980148651171476,1.0,1e-04
0.00013965637481305748,1.0,1e-04
0.00013952163862995803,1.0,1e-04
0.00013938172196503729,1.0,1e-04
0.0001392469712300226,1.0,1e-04
0.00013912779104430228,1.0,1e-04
0.000138982679345645,1.0,1e-04
0.00013883758219890296,1.0,1e-04
0.00013870284601580352,1.0,1e-04
0.00013855255383532494,1.0,1e-04
0.00013840226165484637,1.0,1e-04
0.00013828826195094734,1.0,1e-04
0.0001381483452860266,1.0,1e-04
0.00013800323358736932,1.0,1e-04
0.00013787367788609117,1.0,1e-04
0.00013774412218481302,1.0,1e-04
0.00013759384455624968,1.0,1e-04
0.00013745910837315023,1.0,1e-04
0.00013732955267187208,1.0,1e-04
0.0001371740800095722,1.0,1e-04
0.00013704970479011536,1.0,1e-04
0.00013690977357327938,1.0,1e-04
0.00013676467642653733,1.0,1e-04
0.0001366506767226383,1.0,1e-04
0.00013650038454215974,1.0,1e-04
0.00013637600932270288,1.0,1e-04
0.00013624127313960344,1.0,1e-04
0.00013609098095912486,1.0,1e-04
0.0001359614252578467,1.0,1e-04
0.0001358370645903051,1.0,1e-04
0.0001357074943371117,1.0,1e-04
0.00013556239719036967,1.0,1e-04
0.000135427646455355,1.0,1e-04
0.00013529291027225554,1.0,1e-04
0.0001351581740891561,1.0,1e-04
0.00013502342335414141,1.0,1e-04
0.0001348938822047785,1.0,1e-04
0.00013475913146976382,1.0,1e-04
