loss,accuracy,lr
2.125920534133911,0.12987013161182404,0.001
1.5074219703674316,0.19480518996715546,0.001
1.2539710998535156,0.6753246784210205,0.001
1.1365097761154175,0.6363636255264282,0.001
1.0797252655029297,0.5844155550003052,0.001
1.0208290815353394,0.5844155550003052,0.001
0.9538907408714294,0.6103895902633667,0.001
0.9249075651168823,0.6363636255264282,0.001
0.9176634550094604,0.6233766078948975,0.001
0.8433011770248413,0.6753246784210205,0.001
0.8195458054542542,0.649350643157959,0.001
0.8311333060264587,0.6753246784210205,0.001
0.7815045714378357,0.7532467246055603,0.001
0.7693424820899963,0.6753246784210205,0.001
0.7474870681762695,0.701298713684082,0.001
0.7367152571678162,0.7142857313156128,0.001
0.71614670753479,0.7142857313156128,0.001
0.6948682069778442,0.7402597665786743,0.001
0.6781887412071228,0.7662337422370911,0.001
0.6568625569343567,0.7272727489471436,0.001
0.6946948170661926,0.7142857313156128,0.001
0.6518970131874084,0.7402597665786743,0.001
0.6818030476570129,0.7272727489471436,0.001
0.6634559035301208,0.7662337422370911,0.001
0.6620298027992249,0.7272727489471436,0.001
0.6153267025947571,0.7532467246055603,0.001
0.6063443422317505,0.7532467246055603,0.001
0.5936691761016846,0.7792207598686218,0.001
0.5967778563499451,0.7662337422370911,0.001
0.6032726764678955,0.8441558480262756,0.001
0.6352271437644958,0.7792207598686218,0.001
0.5994663834571838,0.7922077775001526,0.001
0.6103506088256836,0.7922077775001526,0.001
0.5842424631118774,0.8181818127632141,0.001
0.6057114005088806,0.8181818127632141,0.001
0.6140463352203369,0.7922077775001526,0.001
0.5821585059165955,0.7922077775001526,0.001
0.5450763702392578,0.8181818127632141,0.001
0.5270796418190002,0.8181818127632141,0.001
0.5472675561904907,0.8051947951316833,0.001
0.5296433568000793,0.8181818127632141,0.001
0.5244014859199524,0.8311688303947449,0.001
0.526466965675354,0.8441558480262756,0.001
0.5327757000923157,0.8441558480262756,0.001
0.5297473669052124,0.8701298832893372,0.001
0.5294348001480103,0.8051947951316833,0.001
0.511439323425293,0.8441558480262756,0.001
0.5066702961921692,0.8311688303947449,0.001
0.5037702918052673,0.8181818127632141,0.001
0.5158647894859314,0.8311688303947449,0.001
0.4713010787963867,0.8311688303947449,0.001
0.565401554107666,0.8311688303947449,0.001
0.49028390645980835,0.8441558480262756,0.001
0.4690856337547302,0.8571428656578064,0.001
0.49183204770088196,0.8571428656578064,0.001
0.4628106653690338,0.8961039185523987,0.001
0.4446259140968323,0.8831169009208679,0.001
0.45232510566711426,0.8701298832893372,0.001
0.4510065019130707,0.8961039185523987,0.001
0.4477735757827759,0.8701298832893372,0.001
0.46877795457839966,0.8701298832893372,0.001
0.47859567403793335,0.8571428656578064,0.001
0.4425686001777649,0.8441558480262756,0.001
0.5062248706817627,0.7662337422370911,0.001
0.4406064450740814,0.8311688303947449,0.001
0.44020527601242065,0.8441558480262756,0.001
0.42403724789619446,0.8961039185523987,0.001
0.4548000991344452,0.8831169009208679,0.001
0.44093433022499084,0.8571428656578064,0.001
0.4603370130062103,0.8441558480262756,0.001
0.42642346024513245,0.8571428656578064,0.001
0.42565110325813293,0.8441558480262756,0.001
0.4206649363040924,0.8571428656578064,0.001
0.4253879487514496,0.9220778942108154,0.001
0.44678789377212524,0.8961039185523987,0.001
0.47358307242393494,0.8701298832893372,0.001
0.4206107556819916,0.8831169009208679,0.001
0.4090895354747772,0.8701298832893372,0.001
0.4413227140903473,0.8441558480262756,0.001
0.42181628942489624,0.8571428656578064,0.001
0.45492038130760193,0.8441558480262756,0.001
0.42840319871902466,0.8441558480262756,0.001
0.393154501914978,0.9090909361839294,0.001
0.3984440267086029,0.9090909361839294,0.001
0.3794610798358917,0.8831169009208679,0.001
0.38154008984565735,0.8961039185523987,0.001
0.3758167326450348,0.8831169009208679,0.001
0.4001380503177643,0.8831169009208679,0.001
0.37991178035736084,0.8571428656578064,0.001
0.37699416279792786,0.8961039185523987,0.001
0.4048841595649719,0.8181818127632141,0.001
0.36634257435798645,0.8441558480262756,0.001
0.36352595686912537,0.8701298832893372,0.001
0.35425513982772827,0.8701298832893372,0.001
0.3287493884563446,0.9220778942108154,0.001
0.3746740520000458,0.9090909361839294,0.001
0.3957362174987793,0.8961039185523987,0.001
0.347353994846344,0.9090909361839294,0.001
0.40303730964660645,0.8571428656578064,0.001
0.38938185572624207,0.8701298832893372,0.001
0.3618665933609009,0.9090909361839294,0.001
0.39826899766921997,0.8441558480262756,0.001
0.3466174006462097,0.9350649118423462,0.001
0.3260887861251831,0.9350649118423462,0.001
0.3360474109649658,0.9350649118423462,0.001
0.36636632680892944,0.8571428656578064,0.001
0.37490755319595337,0.8831169009208679,0.001
0.3222021758556366,0.9350649118423462,0.001
0.3790312707424164,0.9220778942108154,0.001
0.3781242370605469,0.9090909361839294,0.001
0.3331921398639679,0.9220778942108154,0.001
0.33841294050216675,0.9220778942108154,0.001
0.3364550471305847,0.9350649118423462,0.001
0.34259870648384094,0.9220778942108154,0.001
0.33250725269317627,0.9220778942108154,0.001
0.33978408575057983,0.9090909361839294,0.001
0.32020285725593567,0.9220778942108154,0.001
0.3224140405654907,0.9090909361839294,0.001
0.3189179301261902,0.9090909361839294,0.001
0.317314088344574,0.9090909361839294,0.001
0.3043438792228699,0.9090909361839294,0.001
0.30423444509506226,0.8961039185523987,0.001
0.30213573575019836,0.9220778942108154,0.001
0.30951860547065735,0.9090909361839294,0.001
0.30433937907218933,0.9220778942108154,0.001
0.2778952717781067,0.9350649118423462,0.001
0.26563283801078796,0.9220778942108154,0.001
0.26363423466682434,0.9350649118423462,0.001
0.26997530460357666,0.9350649118423462,0.001
0.2707132399082184,0.9610389471054077,0.001
0.29673996567726135,0.9090909361839294,0.001
0.28914394974708557,0.9350649118423462,0.001
0.33287832140922546,0.8831169009208679,0.001
0.3390248715877533,0.9220778942108154,0.001
0.3193563222885132,0.9350649118423462,0.001
0.3836630582809448,0.8571428656578064,0.001
0.35410580039024353,0.8701298832893372,0.001
0.3950473964214325,0.8831169009208679,0.001
0.3292182683944702,0.9090909361839294,0.00020000001
0.31226369738578796,0.9220778942108154,0.00020000001
0.30809274315834045,0.9220778942108154,0.00020000001
0.31242483854293823,0.8961039185523987,0.00020000001
0.2839354872703552,0.9090909361839294,0.00020000001
0.3045155107975006,0.9090909361839294,0.00020000001
0.2658335566520691,0.9220778942108154,0.00020000001
0.26150181889533997,0.9350649118423462,0.00020000001
0.30173006653785706,0.9220778942108154,0.00020000001
0.24873465299606323,0.9350649118423462,0.00020000001
0.3082566559314728,0.9220778942108154,0.00020000001
0.2669295370578766,0.9220778942108154,0.00020000001
0.2478538155555725,0.9350649118423462,0.00020000001
0.25548890233039856,0.9350649118423462,0.00020000001
0.2374594509601593,0.9350649118423462,0.00020000001
0.2690214514732361,0.9350649118423462,0.00020000001
0.23342734575271606,0.9350649118423462,0.00020000001
0.29018881916999817,0.9350649118423462,0.00020000001
0.24441199004650116,0.948051929473877,0.00020000001
0.25330036878585815,0.948051929473877,0.00020000001
0.26800838112831116,0.948051929473877,0.00020000001
0.24287022650241852,0.948051929473877,0.00020000001
0.26193657517433167,0.9220778942108154,0.00020000001
0.26919931173324585,0.9350649118423462,0.00020000001
0.2283640056848526,0.9350649118423462,0.00020000001
0.2356749176979065,0.9740259647369385,0.00020000001
0.27924853563308716,0.9350649118423462,0.00020000001
0.27994710206985474,0.9350649118423462,0.00020000001
0.23283441364765167,0.9610389471054077,0.00020000001
0.2214277982711792,0.9610389471054077,0.00020000001
0.23002950847148895,0.9740259647369385,0.00020000001
0.22205707430839539,0.9740259647369385,0.00020000001
0.22944507002830505,0.9610389471054077,0.00020000001
0.28418412804603577,0.948051929473877,0.00020000001
0.241837739944458,0.9610389471054077,0.00020000001
0.23261025547981262,0.948051929473877,0.00020000001
0.21976272761821747,0.948051929473877,0.00020000001
0.2252240628004074,0.9610389471054077,0.00020000001
0.2443131059408188,0.9740259647369385,0.00020000001
0.2274690568447113,0.9740259647369385,0.00020000001
0.21524272859096527,0.9740259647369385,0.00020000001
0.22547198832035065,0.9740259647369385,0.00020000001
0.21371886134147644,0.9740259647369385,0.00020000001
0.20583631098270416,0.9740259647369385,0.00020000001
0.20642776787281036,0.9740259647369385,0.00020000001
0.2637301981449127,0.948051929473877,0.00020000001
0.23051908612251282,0.9740259647369385,0.00020000001
0.2029084414243698,0.9740259647369385,0.00020000001
0.20869767665863037,0.9610389471054077,0.00020000001
0.21600030362606049,0.9740259647369385,0.00020000001
0.20093655586242676,0.9740259647369385,0.00020000001
0.21196308732032776,0.9740259647369385,0.00020000001
0.20448102056980133,0.9610389471054077,0.00020000001
0.2238040268421173,0.9740259647369385,0.00020000001
0.20924261212348938,0.9740259647369385,0.00020000001
0.22461920976638794,0.9610389471054077,0.00020000001
0.2067689150571823,0.9870129823684692,0.00020000001
0.19180729985237122,0.9740259647369385,0.00020000001
0.19067400693893433,0.9740259647369385,0.00020000001
0.20549534261226654,0.9740259647369385,0.00020000001
0.2379252016544342,0.948051929473877,0.00020000001
0.20213983952999115,0.948051929473877,0.00020000001
0.20146258175373077,0.9610389471054077,0.00020000001
0.1936417669057846,0.9610389471054077,0.00020000001
0.18556714057922363,0.9610389471054077,0.00020000001
0.21887555718421936,0.948051929473877,0.00020000001
0.20333360135555267,0.9740259647369385,0.00020000001
0.21333417296409607,0.9870129823684692,0.00020000001
0.19531233608722687,0.9740259647369385,0.00020000001
0.20908960700035095,0.9870129823684692,0.00020000001
0.207735076546669,0.9740259647369385,0.00020000001
0.21432723104953766,0.9610389471054077,0.00020000001
0.20183850824832916,0.9870129823684692,0.00020000001
0.2112187296152115,0.9610389471054077,0.00020000001
0.19170162081718445,0.9610389471054077,0.00020000001
0.20948846638202667,0.9350649118423462,1e-04
0.20995323359966278,0.9350649118423462,1e-04
0.21045733988285065,0.9610389471054077,1e-04
0.18710023164749146,0.9610389471054077,1e-04
0.18624110519886017,0.9740259647369385,1e-04
0.18504178524017334,0.9740259647369385,1e-04
0.1774081140756607,0.9870129823684692,1e-04
0.20408768951892853,0.9610389471054077,1e-04
0.18400463461875916,0.9870129823684692,1e-04
0.18029697239398956,0.9870129823684692,1e-04
0.18606071174144745,0.9870129823684692,1e-04
0.18512846529483795,0.9870129823684692,1e-04
0.17495085299015045,1.0,1e-04
0.20503437519073486,0.9870129823684692,1e-04
0.18730975687503815,0.9740259647369385,1e-04
0.20358510315418243,0.9740259647369385,1e-04
0.18547026813030243,0.9740259647369385,1e-04
0.18909983336925507,0.9740259647369385,1e-04
0.17953802645206451,0.9740259647369385,1e-04
0.17803749442100525,0.9740259647369385,1e-04
0.17464850842952728,0.9740259647369385,1e-04
0.1938491314649582,0.9610389471054077,1e-04
0.18652398884296417,0.9610389471054077,1e-04
0.18009959161281586,0.9870129823684692,1e-04
0.19837959110736847,0.9740259647369385,1e-04
0.17711642384529114,0.9870129823684692,1e-04
0.17956405878067017,0.9870129823684692,1e-04
0.18021421134471893,0.9870129823684692,1e-04
0.18597052991390228,0.9740259647369385,1e-04
0.180393785238266,0.9870129823684692,1e-04
0.17744873464107513,0.9870129823684692,1e-04
0.17384763062000275,0.9870129823684692,1e-04
0.18300415575504303,0.9740259647369385,1e-04
0.2153395116329193,0.948051929473877,1e-04
0.214157372713089,0.9740259647369385,1e-04
0.19752581417560577,0.948051929473877,1e-04
0.1795210838317871,0.9870129823684692,1e-04
0.20332269370555878,0.9870129823684692,1e-04
0.17498819530010223,0.9870129823684692,1e-04
0.18659615516662598,0.9870129823684692,1e-04
0.19788417220115662,0.9740259647369385,1e-04
0.17199453711509705,0.9870129823684692,1e-04
0.17671571671962738,0.9870129823684692,1e-04
0.17305612564086914,0.9870129823684692,1e-04
0.21026387810707092,0.9610389471054077,1e-04
0.17343759536743164,0.9740259647369385,1e-04
0.1737271547317505,0.9740259647369385,1e-04
0.2544560134410858,0.948051929473877,1e-04
0.17759832739830017,0.9740259647369385,1e-04
0.17192065715789795,0.9870129823684692,1e-04
0.1677706390619278,0.9870129823684692,1e-04
0.17703908681869507,0.9740259647369385,1e-04
0.18213407695293427,0.9870129823684692,1e-04
0.19891780614852905,0.948051929473877,1e-04
0.18195055425167084,0.9870129823684692,1e-04
0.1774626076221466,0.9870129823684692,1e-04
0.18398836255073547,0.9740259647369385,1e-04
0.2028166502714157,0.948051929473877,1e-04
0.18925794959068298,0.9740259647369385,1e-04
0.20808133482933044,0.9870129823684692,1e-04
0.17629386484622955,0.9870129823684692,1e-04
0.19786052405834198,0.9740259647369385,1e-04
0.31252866983413696,0.9220778942108154,1e-04
0.19056256115436554,0.9610389471054077,1e-04
0.18739821016788483,0.9870129823684692,1e-04
0.18398267030715942,0.9870129823684692,1e-04
0.17365074157714844,0.9870129823684692,1e-04
0.17484524846076965,1.0,1e-04
0.16819943487644196,1.0,1e-04
0.1865304410457611,0.9870129823684692,1e-04
0.1663503646850586,0.9870129823684692,1e-04
0.17866967618465424,1.0,1e-04
0.16979655623435974,1.0,1e-04
0.16796766221523285,1.0,1e-04
0.16647683084011078,1.0,1e-04
0.16723591089248657,0.9870129823684692,1e-04
0.1896689534187317,0.9740259647369385,1e-04
0.17199939489364624,1.0,1e-04
0.16580912470817566,1.0,1e-04
0.18451811373233795,0.9870129823684692,1e-04
0.1631670743227005,1.0,1e-04
0.171573206782341,0.9870129823684692,1e-04
0.22115418314933777,0.948051929473877,1e-04
0.1780240684747696,0.9870129823684692,1e-04
0.1880500763654709,0.9610389471054077,1e-04
0.16858737170696259,1.0,1e-04
0.1885983794927597,0.9740259647369385,1e-04
0.1928994357585907,0.948051929473877,1e-04
0.17954392731189728,1.0,1e-04
0.17111481726169586,0.9870129823684692,1e-04
0.17759664356708527,0.9870129823684692,1e-04
0.16578508913516998,0.9870129823684692,1e-04
0.1820550113916397,0.9740259647369385,1e-04
0.15668095648288727,1.0,1e-04
0.18517887592315674,0.9870129823684692,1e-04
0.160888209939003,0.9870129823684692,1e-04
0.1675732135772705,0.9870129823684692,1e-04
0.1600513905286789,1.0,1e-04
0.15729950368404388,0.9870129823684692,1e-04
0.1518004834651947,1.0,1e-04
0.1559274047613144,1.0,1e-04
0.17440089583396912,0.9740259647369385,1e-04
0.19123902916908264,0.9870129823684692,1e-04
0.19562414288520813,0.9740259647369385,1e-04
0.16943340003490448,1.0,1e-04
0.15276944637298584,1.0,1e-04
0.1533578336238861,1.0,1e-04
0.15643298625946045,0.9870129823684692,1e-04
0.1740911304950714,0.9870129823684692,1e-04
0.16202856600284576,1.0,1e-04
0.1581389605998993,1.0,1e-04
0.2087864875793457,0.9610389471054077,1e-04
0.16601376235485077,1.0,1e-04
0.17222517728805542,1.0,1e-04
0.17871782183647156,0.9740259647369385,1e-04
0.16960366070270538,0.9870129823684692,1e-04
0.17040711641311646,0.9870129823684692,1e-04
0.19972437620162964,0.9610389471054077,1e-04
0.16722092032432556,0.9740259647369385,1e-04
0.16489028930664062,1.0,1e-04
0.16023558378219604,1.0,1e-04
0.15254098176956177,1.0,1e-04
0.1775217205286026,1.0,1e-04
0.16757908463478088,0.9870129823684692,1e-04
0.15679802000522614,1.0,1e-04
0.15911506116390228,1.0,1e-04
0.16862425208091736,0.9870129823684692,1e-04
0.1838715523481369,0.9870129823684692,1e-04
0.1719362884759903,0.9740259647369385,1e-04
0.1564398556947708,0.9870129823684692,1e-04
0.15466977655887604,1.0,1e-04
0.15767519176006317,0.9870129823684692,1e-04
0.15725061297416687,0.9870129823684692,1e-04
0.1501515507698059,0.9870129823684692,1e-04
0.150150328874588,1.0,1e-04
0.16744908690452576,0.9740259647369385,1e-04
0.15099988877773285,1.0,1e-04
0.1812744438648224,0.9610389471054077,1e-04
0.1550125628709793,0.9870129823684692,1e-04
0.1488235890865326,1.0,1e-04
0.16024257242679596,0.9740259647369385,1e-04
0.15080992877483368,1.0,1e-04
0.15190966427326202,1.0,1e-04
0.14794379472732544,1.0,1e-04
0.14641545712947845,0.9870129823684692,1e-04
0.19297181069850922,0.9740259647369385,1e-04
0.15561921894550323,1.0,1e-04
0.15845134854316711,1.0,1e-04
0.15668848156929016,1.0,1e-04
0.1526610255241394,1.0,1e-04
0.17867855727672577,0.9870129823684692,1e-04
0.15631817281246185,1.0,1e-04
0.150529682636261,0.9870129823684692,1e-04
0.15944989025592804,1.0,1e-04
0.16976378858089447,0.9870129823684692,1e-04
0.14961539208889008,1.0,1e-04
0.16818645596504211,0.9870129823684692,1e-04
0.13956516981124878,1.0,1e-04
0.14573310315608978,1.0,1e-04
0.1370118111371994,1.0,1e-04
0.13930462300777435,1.0,1e-04
0.14534920454025269,1.0,1e-04
0.15314926207065582,1.0,1e-04
0.16335147619247437,1.0,1e-04
0.14808547496795654,1.0,1e-04
0.14649058878421783,1.0,1e-04
0.1778833121061325,0.9740259647369385,1e-04
0.14196647703647614,1.0,1e-04
0.16765964031219482,0.9870129823684692,1e-04
0.15649741888046265,0.9870129823684692,1e-04
0.14064624905586243,1.0,1e-04
0.14160814881324768,1.0,1e-04
0.1563200205564499,0.9870129823684692,1e-04
0.1439860463142395,1.0,1e-04
0.14663392305374146,0.9870129823684692,1e-04
0.16583330929279327,0.9740259647369385,1e-04
0.1503746211528778,1.0,1e-04
0.1420595943927765,1.0,1e-04
0.15333305299282074,1.0,1e-04
0.14902620017528534,1.0,1e-04
0.14150705933570862,1.0,1e-04
0.14537425339221954,1.0,1e-04
0.15032312273979187,0.9740259647369385,1e-04
0.153342142701149,0.9870129823684692,1e-04
0.1701081395149231,0.9870129823684692,1e-04
0.18214862048625946,0.9610389471054077,1e-04
0.15269826352596283,0.9870129823684692,1e-04
0.14642634987831116,1.0,1e-04
0.14081929624080658,0.9870129823684692,1e-04
0.2092890590429306,0.9610389471054077,1e-04
0.14672532677650452,1.0,1e-04
0.1431419402360916,1.0,1e-04
0.16150063276290894,1.0,1e-04
0.1563567817211151,0.9870129823684692,1e-04
0.13954482972621918,1.0,1e-04
0.13834965229034424,1.0,1e-04
0.15616360306739807,0.9870129823684692,1e-04
0.13996641337871552,1.0,1e-04
0.15648503601551056,0.9740259647369385,1e-04
0.155660480260849,1.0,1e-04
0.14927899837493896,1.0,1e-04
0.1422562599182129,1.0,1e-04
0.16450974345207214,1.0,1e-04
0.13978411257266998,1.0,1e-04
0.13561025261878967,1.0,1e-04
0.13152937591075897,1.0,1e-04
0.13415370881557465,1.0,1e-04
0.13511089980602264,1.0,1e-04
0.1439271718263626,1.0,1e-04
0.13656963407993317,0.9870129823684692,1e-04
0.13463543355464935,1.0,1e-04
0.1330574005842209,1.0,1e-04
0.12965959310531616,1.0,1e-04
0.1275687962770462,1.0,1e-04
0.13568687438964844,0.9870129823684692,1e-04
0.14671045541763306,1.0,1e-04
0.1497596949338913,1.0,1e-04
0.1306305229663849,1.0,1e-04
0.14355872571468353,1.0,1e-04
0.15694794058799744,0.9870129823684692,1e-04
0.15385252237319946,0.9870129823684692,1e-04
0.13616007566452026,0.9870129823684692,1e-04
0.1335965394973755,1.0,1e-04
0.14999482035636902,0.9870129823684692,1e-04
0.13882218301296234,0.9870129823684692,1e-04
0.15982995927333832,0.9740259647369385,1e-04
0.16577312350273132,0.9740259647369385,1e-04
0.13611067831516266,1.0,1e-04
0.1359582096338272,1.0,1e-04
0.14226184785366058,0.9870129823684692,1e-04
0.1362600028514862,1.0,1e-04
0.1344982385635376,0.9870129823684692,1e-04
0.1307283639907837,1.0,1e-04
0.1372068077325821,1.0,1e-04
0.1299831122159958,1.0,1e-04
0.15266093611717224,0.9870129823684692,1e-04
0.13748884201049805,1.0,1e-04
0.16857488453388214,0.9740259647369385,1e-04
0.1495940387248993,0.9740259647369385,1e-04
0.15774419903755188,0.9870129823684692,1e-04
0.14388039708137512,1.0,1e-04
0.12985417246818542,1.0,1e-04
0.13635243475437164,1.0,1e-04
0.12876395881175995,1.0,1e-04
0.1279498189687729,1.0,1e-04
0.12776239216327667,1.0,1e-04
0.12424605339765549,1.0,1e-04
0.15294021368026733,0.9870129823684692,1e-04
0.12842130661010742,1.0,1e-04
0.14995644986629486,0.9870129823684692,1e-04
0.13008877635002136,1.0,1e-04
0.1258656084537506,1.0,1e-04
0.12591208517551422,1.0,1e-04
0.13064996898174286,1.0,1e-04
0.12950578331947327,1.0,1e-04
0.13136132061481476,1.0,1e-04
0.12963485717773438,1.0,1e-04
0.13812878727912903,1.0,1e-04
0.11787375062704086,0.9870129823684692,1e-04
0.14953626692295074,1.0,1e-04
0.12557506561279297,1.0,1e-04
0.12327799946069717,1.0,1e-04
0.15011103451251984,0.9740259647369385,1e-04
0.1297396570444107,1.0,1e-04
0.11827628314495087,1.0,1e-04
0.12424719333648682,1.0,1e-04
0.1480373740196228,0.9870129823684692,1e-04
0.11982849985361099,0.9870129823684692,1e-04
0.1367199420928955,1.0,1e-04
0.12567707896232605,1.0,1e-04
0.12947778403759003,1.0,1e-04
0.13111910223960876,1.0,1e-04
0.13475459814071655,0.9870129823684692,1e-04
0.1293182075023651,1.0,1e-04
0.12317332625389099,1.0,1e-04
0.1325119137763977,1.0,1e-04
0.1193653792142868,1.0,1e-04
0.1140034943819046,1.0,1e-04
0.1515110731124878,1.0,1e-04
0.1216372698545456,1.0,1e-04
0.1270613670349121,1.0,1e-04
0.11340656876564026,1.0,1e-04
0.11582288891077042,1.0,1e-04
0.1380455493927002,0.9870129823684692,1e-04
0.11476030945777893,1.0,1e-04
0.11572203785181046,1.0,1e-04
0.12064223736524582,1.0,1e-04
0.12186890095472336,1.0,1e-04
0.12938039004802704,1.0,1e-04
0.13027280569076538,0.9870129823684692,1e-04
0.12894988059997559,0.9870129823684692,1e-04
0.13353954255580902,0.9870129823684692,1e-04
0.12622813880443573,1.0,1e-04
0.1222100704908371,1.0,1e-04
0.10989972949028015,1.0,1e-04
0.11788751184940338,1.0,1e-04
0.16449330747127533,0.9740259647369385,1e-04
0.13851341605186462,0.9870129823684692,1e-04
0.14292387664318085,0.9870129823684692,1e-04
0.1286884993314743,1.0,1e-04
0.12782195210456848,0.9870129823684692,1e-04
0.12075704336166382,1.0,1e-04
0.11968247592449188,1.0,1e-04
0.12927590310573578,1.0,1e-04
0.13941478729248047,0.9870129823684692,1e-04
0.11916109919548035,1.0,1e-04
0.15197883546352386,0.9870129823684692,1e-04
0.1312519907951355,1.0,1e-04
0.1201155036687851,1.0,1e-04
0.12178365141153336,1.0,1e-04
0.1221727803349495,1.0,1e-04
0.18977142870426178,0.9610389471054077,1e-04
0.1354520171880722,0.9740259647369385,1e-04
0.13099390268325806,1.0,1e-04
0.13375581800937653,1.0,1e-04
0.1262032836675644,1.0,1e-04
0.12311556190252304,1.0,1e-04
0.12155681103467941,1.0,1e-04
0.11317000538110733,1.0,1e-04
0.13252291083335876,1.0,1e-04
0.11635170876979828,1.0,1e-04
0.11914311349391937,1.0,1e-04
0.12265820801258087,1.0,1e-04
0.11394521594047546,1.0,1e-04
0.13856425881385803,0.9870129823684692,1e-04
0.11569518595933914,1.0,1e-04
0.10794533044099808,1.0,1e-04
0.1186235100030899,1.0,1e-04
0.11180189251899719,1.0,1e-04
0.11022482067346573,1.0,1e-04
0.11112676560878754,1.0,1e-04
0.11098695546388626,1.0,1e-04
0.11087006330490112,1.0,1e-04
0.11863121390342712,1.0,1e-04
0.11624482274055481,1.0,1e-04
0.10992411524057388,1.0,1e-04
0.10144174844026566,1.0,1e-04
0.10732421278953552,1.0,1e-04
0.11290697753429413,1.0,1e-04
0.11803419142961502,1.0,1e-04
0.12222331017255783,1.0,1e-04
0.11680497974157333,1.0,1e-04
0.11307252943515778,1.0,1e-04
0.11790310591459274,1.0,1e-04
0.12211780995130539,1.0,1e-04
0.12450788170099258,0.9870129823684692,1e-04
0.11105361580848694,1.0,1e-04
0.1308230608701706,1.0,1e-04
0.12221904844045639,1.0,1e-04
0.11966946721076965,1.0,1e-04
0.10560035705566406,1.0,1e-04
0.10918417572975159,1.0,1e-04
0.104490265250206,1.0,1e-04
0.10899879038333893,1.0,1e-04
0.10942263156175613,1.0,1e-04
0.10985152423381805,1.0,1e-04
0.10566741228103638,1.0,1e-04
0.1283963918685913,1.0,1e-04
0.10460395365953445,1.0,1e-04
0.10629682242870331,1.0,1e-04
0.1004270687699318,1.0,1e-04
0.0987880602478981,1.0,1e-04
0.11129162460565567,1.0,1e-04
0.1359865516424179,0.9870129823684692,1e-04
0.09978500008583069,1.0,1e-04
0.11010541766881943,1.0,1e-04
0.11090610921382904,1.0,1e-04
0.10897161066532135,0.9870129823684692,1e-04
0.13577166199684143,0.9610389471054077,1e-04
0.10354416072368622,1.0,1e-04
0.11382405459880829,1.0,1e-04
0.13152767717838287,1.0,1e-04
0.13274119794368744,0.9740259647369385,1e-04
0.11337347328662872,1.0,1e-04
0.10862330347299576,1.0,1e-04
0.10973500460386276,1.0,1e-04
0.12214574217796326,1.0,1e-04
0.114955373108387,1.0,1e-04
0.10832579433917999,1.0,1e-04
0.11833661794662476,1.0,1e-04
0.10730146616697311,1.0,1e-04
0.10067694634199142,1.0,1e-04
0.12125343829393387,1.0,1e-04
0.10297288745641708,1.0,1e-04
0.1167764663696289,1.0,1e-04
0.10831575095653534,1.0,1e-04
0.09804811328649521,1.0,1e-04
0.12017661333084106,1.0,1e-04
0.1078958511352539,1.0,1e-04
0.0984690710902214,1.0,1e-04
0.11110148578882217,1.0,1e-04
0.10930861532688141,1.0,1e-04
0.12014200538396835,1.0,1e-04
0.10485641658306122,1.0,1e-04
0.10789583623409271,0.9870129823684692,1e-04
0.13772808015346527,0.9610389471054077,1e-04
0.10494420677423477,1.0,1e-04
0.10477982461452484,1.0,1e-04
0.12348492443561554,1.0,1e-04
0.15025033056735992,0.9740259647369385,1e-04
0.11274661123752594,1.0,1e-04
0.10412535816431046,1.0,1e-04
0.10452733933925629,1.0,1e-04
0.131500244140625,0.9610389471054077,1e-04
0.12697583436965942,0.9870129823684692,1e-04
0.1318204700946808,0.9870129823684692,1e-04
0.09686920791864395,1.0,1e-04
0.11290530115365982,0.9870129823684692,1e-04
0.09400355815887451,1.0,1e-04
0.10198459774255753,1.0,1e-04
0.11359246075153351,0.9870129823684692,1e-04
0.09731695801019669,1.0,1e-04
0.13020160794258118,0.9870129823684692,1e-04
0.12797172367572784,0.9740259647369385,1e-04
0.13221916556358337,0.9870129823684692,1e-04
0.09446697682142258,1.0,1e-04
0.09754923731088638,1.0,1e-04
0.10069414973258972,1.0,1e-04
0.10085780918598175,1.0,1e-04
0.10083041340112686,1.0,1e-04
0.11382017284631729,1.0,1e-04
0.12394484132528305,1.0,1e-04
0.14258404076099396,0.9740259647369385,1e-04
0.11532671004533768,0.9870129823684692,1e-04
0.0985688641667366,1.0,1e-04
0.11797228455543518,1.0,1e-04
0.1013948917388916,1.0,1e-04
0.11317664384841919,0.9870129823684692,1e-04
0.09861890226602554,1.0,1e-04
0.10267925262451172,1.0,1e-04
0.13110661506652832,0.9870129823684692,1e-04
0.09810350835323334,1.0,1e-04
0.10600550472736359,1.0,1e-04
0.10737329721450806,1.0,1e-04
0.09871372580528259,1.0,1e-04
0.10975000262260437,0.9870129823684692,1e-04
0.09414021670818329,1.0,1e-04
0.09849484264850616,1.0,1e-04
0.09930489212274551,1.0,1e-04
0.10115258395671844,1.0,1e-04
0.11422917991876602,1.0,1e-04
0.09492549300193787,1.0,1e-04
0.09053456783294678,1.0,1e-04
0.09858357161283493,1.0,1e-04
0.10602818429470062,1.0,1e-04
0.1127493605017662,0.9870129823684692,1e-04
0.09176674485206604,1.0,1e-04
0.09451042115688324,1.0,1e-04
0.09964297711849213,1.0,1e-04
0.10764088481664658,1.0,1e-04
0.09715958684682846,1.0,1e-04
0.09903687238693237,1.0,1e-04
0.1082330197095871,1.0,1e-04
0.110868439078331,1.0,1e-04
0.1001259833574295,0.9870129823684692,1e-04
0.10128410160541534,1.0,1e-04
0.09605652838945389,1.0,1e-04
0.0937657505273819,1.0,1e-04
0.10040871798992157,1.0,1e-04
0.09197328239679337,1.0,1e-04
0.10406143963336945,1.0,1e-04
0.09587348997592926,1.0,1e-04
0.131513312458992,0.9610389471054077,1e-04
0.10601387917995453,1.0,1e-04
0.0981258824467659,1.0,1e-04
0.09584440290927887,1.0,1e-04
0.09399871528148651,1.0,1e-04
0.11420740187168121,0.9870129823684692,1e-04
0.09284424781799316,1.0,1e-04
0.08876117318868637,1.0,1e-04
0.09858552366495132,1.0,1e-04
0.10141777992248535,1.0,1e-04
0.11212657392024994,1.0,1e-04
0.08473573625087738,1.0,1e-04
0.10482119023799896,1.0,1e-04
0.09040329605340958,1.0,1e-04
0.0920354574918747,0.9870129823684692,1e-04
0.08190028369426727,1.0,1e-04
0.08455006778240204,1.0,1e-04
0.0865117609500885,1.0,1e-04
0.10331569612026215,1.0,1e-04
0.1145147830247879,1.0,1e-04
0.09263846278190613,1.0,1e-04
0.09829826653003693,1.0,1e-04
0.1186380609869957,0.9870129823684692,1e-04
0.09282619506120682,1.0,1e-04
0.08380479365587234,1.0,1e-04
0.090141162276268,1.0,1e-04
0.09149763733148575,1.0,1e-04
0.08650929480791092,1.0,1e-04
0.09276905655860901,1.0,1e-04
0.10835396498441696,1.0,1e-04
0.112404003739357,0.9870129823684692,1e-04
0.08621096611022949,1.0,1e-04
0.11369509249925613,0.9870129823684692,1e-04
0.09001485258340836,1.0,1e-04
0.0956864282488823,1.0,1e-04
0.09068754315376282,1.0,1e-04
0.10344677418470383,1.0,1e-04
0.09619494527578354,1.0,1e-04
0.08321402966976166,1.0,1e-04
0.08035697042942047,1.0,1e-04
0.08670056611299515,1.0,1e-04
0.10543637722730637,1.0,1e-04
0.08193322271108627,1.0,1e-04
0.11468762159347534,0.9870129823684692,1e-04
0.1021992415189743,1.0,1e-04
0.1156882494688034,1.0,1e-04
0.11470938473939896,0.9870129823684692,1e-04
0.12464027851819992,0.9870129823684692,1e-04
0.10070522129535675,1.0,1e-04
0.11092258989810944,0.9870129823684692,1e-04
0.09699290990829468,1.0,1e-04
0.0881122276186943,1.0,1e-04
0.09610603749752045,1.0,1e-04
0.08491558581590652,1.0,1e-04
0.08483830094337463,1.0,1e-04
0.0926390215754509,1.0,1e-04
0.08971414715051651,1.0,1e-04
0.08771767467260361,1.0,1e-04
0.0888090655207634,1.0,1e-04
0.08915404230356216,1.0,1e-04
0.11642801761627197,0.9870129823684692,1e-04
0.10313918441534042,0.9870129823684692,1e-04
0.08310071378946304,1.0,1e-04
0.09469637274742126,1.0,1e-04
0.10459179431200027,1.0,1e-04
0.1033886969089508,1.0,1e-04
0.08083818107843399,1.0,1e-04
0.10505513101816177,1.0,1e-04
0.08474599570035934,1.0,1e-04
0.08627904206514359,1.0,1e-04
0.0855196937918663,1.0,1e-04
0.08043784648180008,1.0,1e-04
0.08641055226325989,1.0,1e-04
0.08141813427209854,1.0,1e-04
0.08627665787935257,0.9870129823684692,1e-04
0.09893635660409927,0.9870129823684692,1e-04
0.086998850107193,1.0,1e-04
0.08392934501171112,1.0,1e-04
0.09303509443998337,1.0,1e-04
0.08925044536590576,1.0,1e-04
0.08563149720430374,1.0,1e-04
0.07993555814027786,1.0,1e-04
0.08474326878786087,1.0,1e-04
0.08222562819719315,1.0,1e-04
0.08156880736351013,1.0,1e-04
0.0889517068862915,1.0,1e-04
0.0819576233625412,1.0,1e-04
0.07295292615890503,1.0,1e-04
0.07646115124225616,1.0,1e-04
0.07693740725517273,1.0,1e-04
0.08072829246520996,1.0,1e-04
0.07731982320547104,1.0,1e-04
0.0747344121336937,1.0,1e-04
0.07582342624664307,1.0,1e-04
0.07046476751565933,1.0,1e-04
0.07807865738868713,1.0,1e-04
0.07184889912605286,1.0,1e-04
0.0818922370672226,1.0,1e-04
0.07821359485387802,1.0,1e-04
0.10105368494987488,1.0,1e-04
0.07737799733877182,1.0,1e-04
0.07313664257526398,1.0,1e-04
0.07389451563358307,1.0,1e-04
0.07715287059545517,1.0,1e-04
0.0852876678109169,1.0,1e-04
0.07778919488191605,1.0,1e-04
0.08082746714353561,1.0,1e-04
0.07659653574228287,1.0,1e-04
0.09100351482629776,1.0,1e-04
0.07400418817996979,1.0,1e-04
0.07294928282499313,1.0,1e-04
0.07564597576856613,1.0,1e-04
0.0712764635682106,1.0,1e-04
0.07919008284807205,1.0,1e-04
0.08056021481752396,1.0,1e-04
0.0780215710401535,1.0,1e-04
0.0763588398694992,1.0,1e-04
0.07893934100866318,1.0,1e-04
0.08390150219202042,1.0,1e-04
0.06544049829244614,1.0,1e-04
0.0777280256152153,1.0,1e-04
0.07881005853414536,1.0,1e-04
0.06998060643672943,1.0,1e-04
0.07487434893846512,1.0,1e-04
0.06994501501321793,1.0,1e-04
0.1277024894952774,0.9740259647369385,1e-04
0.0828804224729538,1.0,1e-04
0.08680930733680725,1.0,1e-04
0.07171199470758438,1.0,1e-04
0.1021547019481659,0.9870129823684692,1e-04
0.08754877746105194,1.0,1e-04
0.0795503556728363,1.0,1e-04
0.09514857083559036,1.0,1e-04
0.09040603041648865,1.0,1e-04
0.08495999872684479,1.0,1e-04
0.08003896474838257,1.0,1e-04
0.07981763035058975,1.0,1e-04
0.07713042199611664,1.0,1e-04
0.0759284496307373,1.0,1e-04
0.10687913745641708,0.9740259647369385,1e-04
0.07806999236345291,1.0,1e-04
0.0778370052576065,1.0,1e-04
0.07423887401819229,1.0,1e-04
0.07400704175233841,1.0,1e-04
0.07446719706058502,1.0,1e-04
0.07273337990045547,1.0,1e-04
0.11628765612840652,0.9870129823684692,1e-04
0.06648898124694824,1.0,1e-04
0.08749322593212128,1.0,1e-04
0.07296072691679001,1.0,1e-04
0.1041131466627121,0.9870129823684692,1e-04
0.09850981831550598,1.0,1e-04
0.08115498721599579,1.0,1e-04
0.08264366537332535,1.0,1e-04
0.08507693558931351,1.0,1e-04
0.08569946140050888,1.0,1e-04
0.08731336891651154,0.9870129823684692,1e-04
0.08360844850540161,1.0,1e-04
0.07587595283985138,1.0,1e-04
0.0803031176328659,1.0,1e-04
0.08197980374097824,1.0,1e-04
0.07518312335014343,1.0,1e-04
0.08142875880002975,1.0,1e-04
0.08074791729450226,1.0,1e-04
0.09580062329769135,0.9870129823684692,1e-04
0.06775002926588058,1.0,1e-04
0.06636403501033783,1.0,1e-04
0.09165505319833755,1.0,1e-04
0.07234156131744385,1.0,1e-04
0.07097011059522629,1.0,1e-04
0.08754372596740723,1.0,1e-04
0.07933451235294342,1.0,1e-04
0.06620440632104874,1.0,1e-04
0.07095841318368912,1.0,1e-04
0.08048921078443527,1.0,1e-04
0.08125311136245728,1.0,1e-04
0.07360649108886719,1.0,1e-04
0.06360244005918503,1.0,1e-04
0.0726117417216301,1.0,1e-04
0.06638628244400024,1.0,1e-04
0.07305771857500076,1.0,1e-04
0.11471114307641983,0.9870129823684692,1e-04
0.07283724844455719,1.0,1e-04
0.0731947049498558,1.0,1e-04
0.07132960110902786,1.0,1e-04
0.09326405823230743,1.0,1e-04
0.07398129254579544,1.0,1e-04
0.06317829340696335,1.0,1e-04
0.07335581630468369,1.0,1e-04
0.07786502689123154,1.0,1e-04
0.07390046864748001,1.0,1e-04
0.07294940948486328,1.0,1e-04
0.0693870261311531,1.0,1e-04
0.06899655610322952,1.0,1e-04
0.0686103031039238,1.0,1e-04
0.060838062316179276,1.0,1e-04
0.06237552687525749,1.0,1e-04
0.06550311297178268,1.0,1e-04
0.06159864738583565,1.0,1e-04
0.07535263150930405,1.0,1e-04
0.06575179100036621,1.0,1e-04
0.06431636214256287,1.0,1e-04
0.07385025173425674,1.0,1e-04
0.0628560334444046,1.0,1e-04
0.06637692451477051,1.0,1e-04
0.06772013753652573,1.0,1e-04
0.06632506847381592,1.0,1e-04
0.08360081166028976,0.9870129823684692,1e-04
0.06196461245417595,1.0,1e-04
0.06888017058372498,1.0,1e-04
0.13733471930027008,0.9740259647369385,1e-04
0.07904975116252899,1.0,1e-04
0.06327618658542633,1.0,1e-04
0.06261689215898514,1.0,1e-04
0.06718464940786362,1.0,1e-04
0.08098240941762924,1.0,1e-04
0.07559090107679367,1.0,1e-04
0.0699494257569313,1.0,1e-04
0.10943373292684555,0.9870129823684692,1e-04
0.060328856110572815,1.0,1e-04
0.08767882734537125,1.0,1e-04
0.0969567522406578,0.9870129823684692,1e-04
0.12591007351875305,0.9740259647369385,1e-04
0.07108727842569351,1.0,1e-04
0.06216904893517494,1.0,1e-04
0.07448260486125946,1.0,1e-04
0.07884647697210312,1.0,1e-04
0.07325740903615952,1.0,1e-04
0.0711001306772232,1.0,1e-04
0.08434523642063141,0.9870129823684692,1e-04
0.06263329088687897,1.0,1e-04
0.06999766826629639,1.0,1e-04
0.06360075622797012,1.0,1e-04
0.0791197344660759,0.9870129823684692,1e-04
0.065971240401268,1.0,1e-04
0.06371401250362396,1.0,1e-04
0.07455767691135406,1.0,1e-04
0.0676274225115776,1.0,1e-04
0.06618981808423996,1.0,1e-04
0.07122857868671417,1.0,1e-04
0.08023282140493393,1.0,1e-04
0.09357454627752304,0.9740259647369385,1e-04
0.06626012176275253,1.0,1e-04
0.08809561282396317,0.9870129823684692,1e-04
0.06285618990659714,1.0,1e-04
0.06575551629066467,1.0,1e-04
0.06836876273155212,1.0,1e-04
0.06818395107984543,1.0,1e-04
0.06627242267131805,1.0,1e-04
0.06431056559085846,1.0,1e-04
0.07164478302001953,1.0,1e-04
0.09252586960792542,0.9870129823684692,1e-04
0.06959138065576553,1.0,1e-04
0.06417199969291687,1.0,1e-04
0.05921744182705879,1.0,1e-04
0.06295593082904816,1.0,1e-04
0.0816398337483406,0.9870129823684692,1e-04
0.08900336176156998,0.9870129823684692,1e-04
0.07350164651870728,1.0,1e-04
0.059452835470438004,1.0,1e-04
0.07215731590986252,1.0,1e-04
0.06406715512275696,1.0,1e-04
0.061209604144096375,1.0,1e-04
0.05626171827316284,1.0,1e-04
0.061049096286296844,1.0,1e-04
0.08292201906442642,1.0,1e-04
0.05573251098394394,1.0,1e-04
0.05523544177412987,1.0,1e-04
0.07603325694799423,1.0,1e-04
0.06824208796024323,1.0,1e-04
0.06811981648206711,1.0,1e-04
0.08098065108060837,1.0,1e-04
0.05700328201055527,1.0,1e-04
0.059619661420583725,1.0,1e-04
0.05867605656385422,1.0,1e-04
0.08758137375116348,1.0,1e-04
0.07001634687185287,1.0,1e-04
0.06179330125451088,1.0,1e-04
0.06568602472543716,1.0,1e-04
0.07961248606443405,1.0,1e-04
0.06131906807422638,1.0,1e-04
0.05724659934639931,1.0,1e-04
0.07992909848690033,1.0,1e-04
0.056788209825754166,1.0,1e-04
0.06384105235338211,1.0,1e-04
0.061617881059646606,1.0,1e-04
0.057114824652671814,1.0,1e-04
0.061670977622270584,1.0,1e-04
0.05605347082018852,1.0,1e-04
0.05789881944656372,1.0,1e-04
0.05683174356818199,1.0,1e-04
0.05742455646395683,1.0,1e-04
0.06071501970291138,1.0,1e-04
0.05025900527834892,1.0,1e-04
0.054809533059597015,1.0,1e-04
0.07223936170339584,1.0,1e-04
0.08094340562820435,0.9740259647369385,1e-04
0.06717757135629654,1.0,1e-04
0.06270813941955566,1.0,1e-04
0.061839811503887177,1.0,1e-04
0.07605089992284775,1.0,1e-04
0.08093450218439102,1.0,1e-04
0.08072632551193237,1.0,1e-04
0.06041448935866356,1.0,1e-04
0.05702293664216995,1.0,1e-04
0.057857997715473175,1.0,1e-04
0.05831548944115639,1.0,1e-04
0.0525878369808197,1.0,1e-04
0.05624571815133095,1.0,1e-04
0.060630153864622116,1.0,1e-04
0.07229028642177582,1.0,1e-04
0.06557945162057877,1.0,1e-04
0.05260045826435089,1.0,1e-04
0.059398453682661057,1.0,1e-04
0.05122652277350426,1.0,1e-04
0.056393835693597794,1.0,1e-04
0.0523776151239872,1.0,1e-04
0.050304535776376724,1.0,1e-04
0.05289683863520622,1.0,1e-04
0.0592232421040535,1.0,1e-04
0.06386341899633408,1.0,1e-04
0.07659120857715607,0.9870129823684692,1e-04
0.057816825807094574,1.0,1e-04
0.05921348184347153,1.0,1e-04
0.0646890178322792,1.0,1e-04
0.06261620670557022,1.0,1e-04
0.06337656080722809,1.0,1e-04
0.052708130329847336,1.0,1e-04
0.06006217375397682,1.0,1e-04
0.07626957446336746,1.0,1e-04
0.05086322873830795,1.0,1e-04
0.04995180666446686,1.0,1e-04
0.04995308816432953,1.0,1e-04
0.058961931616067886,1.0,1e-04
0.05248241126537323,1.0,1e-04
0.07541588693857193,0.9740259647369385,1e-04
0.05947409197688103,1.0,1e-04
0.056997112929821014,1.0,1e-04
0.06249240040779114,1.0,1e-04
0.05273384228348732,1.0,1e-04
0.05370641127228737,1.0,1e-04
0.04974135383963585,1.0,1e-04
0.04890131950378418,1.0,1e-04
0.04807107523083687,1.0,1e-04
0.05276021733880043,1.0,1e-04
0.06598582863807678,0.9870129823684692,1e-04
0.05900484696030617,1.0,1e-04
0.06826222687959671,1.0,1e-04
0.05581962317228317,1.0,1e-04
0.05717131868004799,1.0,1e-04
0.06046021357178688,1.0,1e-04
0.05598381534218788,1.0,1e-04
0.06046858802437782,1.0,1e-04
0.06609133630990982,1.0,1e-04
0.05254064127802849,1.0,1e-04
0.0525345541536808,1.0,1e-04
0.057499781250953674,1.0,1e-04
0.0626593828201294,1.0,1e-04
0.05096319317817688,1.0,1e-04
0.050941940397024155,1.0,1e-04
0.060753315687179565,1.0,1e-04
0.07947654277086258,1.0,1e-04
0.04877884313464165,1.0,1e-04
0.0528440847992897,1.0,1e-04
0.06918936967849731,1.0,1e-04
0.061139509081840515,1.0,1e-04
0.07375656813383102,1.0,1e-04
0.05494655296206474,1.0,1e-04
0.054009679704904556,1.0,1e-04
0.059471793472766876,1.0,1e-04
0.0968458354473114,0.9870129823684692,1e-04
0.05872200056910515,1.0,1e-04
0.05194433033466339,1.0,1e-04
0.06418091803789139,1.0,1e-04
0.08863205462694168,0.9870129823684692,1e-04
0.06086389720439911,1.0,1e-04
0.05650835484266281,1.0,1e-04
0.06238573417067528,1.0,1e-04
0.062393564730882645,1.0,1e-04
0.05760623887181282,1.0,1e-04
0.052406031638383865,1.0,1e-04
0.052475590258836746,1.0,1e-04
0.060573503375053406,1.0,1e-04
0.04767045006155968,1.0,1e-04
0.047315627336502075,1.0,1e-04
0.05280446261167526,1.0,1e-04
0.05492042005062103,1.0,1e-04
0.05583420768380165,1.0,1e-04
0.050234150141477585,1.0,1e-04
0.04588094726204872,1.0,1e-04
0.04541595280170441,1.0,1e-04
0.05981200560927391,1.0,1e-04
0.05790833756327629,1.0,1e-04
0.0488005056977272,1.0,1e-04
0.04791196063160896,1.0,1e-04
0.04729754105210304,1.0,1e-04
0.053150150924921036,1.0,1e-04
0.04342140629887581,1.0,1e-04
0.04946477338671684,1.0,1e-04
0.05545598641037941,1.0,1e-04
0.061136629432439804,1.0,1e-04
0.05453728884458542,1.0,1e-04
0.06578877568244934,1.0,1e-04
0.049389343708753586,1.0,1e-04
0.05333489924669266,1.0,1e-04
0.05837047100067139,1.0,1e-04
0.0603795051574707,1.0,1e-04
0.06139132380485535,1.0,1e-04
0.07285651564598083,0.9870129823684692,1e-04
0.05356856808066368,1.0,1e-04
0.06814137101173401,0.9870129823684692,1e-04
0.08374522626399994,0.9870129823684692,1e-04
0.07547249644994736,1.0,1e-04
0.06739414483308792,1.0,1e-04
0.054982926696538925,1.0,1e-04
0.06066960096359253,1.0,1e-04
0.06027134880423546,1.0,1e-04
0.04834319278597832,1.0,1e-04
0.05726806819438934,0.9870129823684692,1e-04
0.06337111443281174,1.0,1e-04
0.05061119422316551,1.0,1e-04
0.04965702444314957,1.0,1e-04
0.04908446595072746,1.0,1e-04
0.0653492659330368,1.0,1e-04
0.05943809822201729,1.0,1e-04
0.04944610223174095,1.0,1e-04
0.045698489993810654,1.0,1e-04
0.1000877246260643,0.9740259647369385,1e-04
0.053671516478061676,1.0,1e-04
0.05435255542397499,1.0,1e-04
0.06175984442234039,1.0,1e-04
0.07296613603830338,1.0,1e-04
0.06201088801026344,1.0,1e-04
0.05248791351914406,1.0,1e-04
0.06254179775714874,1.0,1e-04
0.06400348246097565,1.0,1e-04
0.048274505883455276,1.0,1e-04
0.04668603464961052,1.0,1e-04
0.054763831198215485,1.0,1e-04
0.04455752670764923,1.0,1e-04
0.05866871401667595,1.0,1e-04
0.044294629245996475,1.0,1e-04
0.07288655638694763,0.9870129823684692,1e-04
0.05214943364262581,1.0,1e-04
0.04140195623040199,1.0,1e-04
0.04041488468647003,1.0,1e-04
0.051617275923490524,1.0,1e-04
0.05611250549554825,1.0,1e-04
0.048049602657556534,1.0,1e-04
0.04280765727162361,1.0,1e-04
0.05128699913620949,1.0,1e-04
0.05447094887495041,1.0,1e-04
0.04746921360492706,1.0,1e-04
0.04597968980669975,1.0,1e-04
0.07406670600175858,0.9870129823684692,1e-04
0.04427090659737587,1.0,1e-04
0.049276772886514664,1.0,1e-04
0.05402625724673271,1.0,1e-04
0.04835514724254608,1.0,1e-04
0.0506916381418705,1.0,1e-04
0.04463542252779007,1.0,1e-04
0.06785940378904343,1.0,1e-04
0.07575321197509766,1.0,1e-04
0.04550539702177048,1.0,1e-04
0.04134416580200195,1.0,1e-04
0.05349772796034813,1.0,1e-04
0.040020015090703964,1.0,1e-04
0.06497755646705627,0.9870129823684692,1e-04
0.04402710497379303,1.0,1e-04
0.05528891459107399,1.0,1e-04
0.05056952312588692,1.0,1e-04
0.07974747568368912,0.9740259647369385,1e-04
0.044485680758953094,1.0,1e-04
0.060622815042734146,1.0,1e-04
0.05052637308835983,1.0,1e-04
0.0499708391726017,1.0,1e-04
0.056174326688051224,1.0,1e-04
0.04320117458701134,1.0,1e-04
0.04485979303717613,1.0,1e-04
0.056700464338064194,1.0,1e-04
0.04455414041876793,1.0,1e-04
0.06399647891521454,1.0,1e-04
0.043279342353343964,1.0,1e-04
0.041700948029756546,1.0,1e-04
0.04336108639836311,1.0,1e-04
0.04875725135207176,1.0,1e-04
0.03839325159788132,1.0,1e-04
0.050749924033880234,1.0,1e-04
0.04018956422805786,1.0,1e-04
0.05037445202469826,1.0,1e-04
0.041391436010599136,1.0,1e-04
0.04128798469901085,1.0,1e-04
0.04830608516931534,1.0,1e-04
0.04425851255655289,1.0,1e-04
0.04180155321955681,1.0,1e-04
0.03887324407696724,1.0,1e-04
0.038559529930353165,1.0,1e-04
0.0440889447927475,1.0,1e-04
0.05028718337416649,1.0,1e-04
0.04189229756593704,1.0,1e-04
0.04181908443570137,1.0,1e-04
0.052833639085292816,1.0,1e-04
0.055126387625932693,1.0,1e-04
0.040219951421022415,1.0,1e-04
0.04659042879939079,1.0,1e-04
0.03813031315803528,1.0,1e-04
0.03553542494773865,1.0,1e-04
0.04219384491443634,1.0,1e-04
0.05303863435983658,1.0,1e-04
0.04612835496664047,1.0,1e-04
0.03682485967874527,1.0,1e-04
0.045211322605609894,1.0,1e-04
0.043533697724342346,1.0,1e-04
0.04074805974960327,1.0,1e-04
0.036409586668014526,1.0,1e-04
0.04393310844898224,1.0,1e-04
0.03787149861454964,1.0,1e-04
0.04136410355567932,1.0,1e-04
0.04950856417417526,1.0,1e-04
0.043092597275972366,1.0,1e-04
0.04101822152733803,1.0,1e-04
0.05345752090215683,1.0,1e-04
0.04235861077904701,1.0,1e-04
0.06841219216585159,1.0,1e-04
0.03905719518661499,1.0,1e-04
0.050703439861536026,1.0,1e-04
0.07585476338863373,0.9870129823684692,1e-04
0.04864010959863663,1.0,1e-04
0.05484689399600029,1.0,1e-04
0.1097363531589508,0.9610389471054077,1e-04
0.05321437120437622,1.0,1e-04
0.04461304470896721,1.0,1e-04
0.061673689633607864,1.0,1e-04
0.07044214010238647,1.0,1e-04
0.04725906625390053,1.0,1e-04
0.050639811903238297,1.0,1e-04
0.04875045642256737,1.0,1e-04
0.04462151601910591,1.0,1e-04
0.04971424490213394,1.0,1e-04
0.051894303411245346,1.0,1e-04
0.051637958735227585,1.0,1e-04
0.05059255659580231,1.0,1e-04
0.03798327594995499,1.0,1e-04
0.03942277282476425,1.0,1e-04
0.039952199906110764,1.0,1e-04
0.06453856080770493,1.0,1e-04
0.044624797999858856,1.0,1e-04
0.04682087153196335,1.0,1e-04
0.04864969477057457,1.0,1e-04
0.03698507323861122,1.0,1e-04
0.04464533552527428,1.0,1e-04
0.04303606599569321,1.0,1e-04
0.053969595581293106,1.0,1e-04
0.05311944708228111,1.0,1e-04
0.04805789142847061,1.0,1e-04
0.03860119357705116,1.0,1e-04
0.04094540700316429,1.0,1e-04
0.04090571403503418,1.0,1e-04
0.03564181923866272,1.0,1e-04
0.042281318455934525,1.0,1e-04
0.04351001977920532,1.0,1e-04
0.037651531398296356,1.0,1e-04
0.03977593034505844,1.0,1e-04
0.04178396612405777,1.0,1e-04
0.03427445888519287,1.0,1e-04
0.03624093905091286,1.0,1e-04
0.03834761679172516,1.0,1e-04
0.03677596524357796,1.0,1e-04
0.042379554361104965,1.0,1e-04
0.03707563877105713,1.0,1e-04
0.04317928105592728,1.0,1e-04
0.0354965515434742,1.0,1e-04
0.033761680126190186,1.0,1e-04
0.03458153456449509,1.0,1e-04
0.04614927992224693,1.0,1e-04
0.039716631174087524,1.0,1e-04
0.034161996096372604,1.0,1e-04
0.03468318283557892,1.0,1e-04
0.033385299146175385,1.0,1e-04
0.04261225461959839,1.0,1e-04
0.03226117789745331,1.0,1e-04
0.03345799818634987,1.0,1e-04
0.036991264671087265,1.0,1e-04
0.04423274099826813,1.0,1e-04
0.050430867820978165,1.0,1e-04
0.03763219341635704,1.0,1e-04
0.03676706552505493,1.0,1e-04
0.03339662030339241,1.0,1e-04
0.03942212834954262,1.0,1e-04
0.034056082367897034,1.0,1e-04
0.03587586432695389,1.0,1e-04
0.034181948751211166,1.0,1e-04
0.03458172827959061,1.0,1e-04
0.0322185754776001,1.0,1e-04
0.032995983958244324,1.0,1e-04
0.03384234383702278,1.0,1e-04
0.03795582801103592,1.0,1e-04
0.0356808640062809,1.0,1e-04
0.04878838732838631,1.0,1e-04
0.029962366446852684,1.0,1e-04
0.051398247480392456,1.0,1e-04
0.04142079874873161,1.0,1e-04
0.034182142466306686,1.0,1e-04
0.043788544833660126,1.0,1e-04
0.043930813670158386,1.0,1e-04
0.04368247464299202,1.0,1e-04
0.03227789327502251,1.0,1e-04
0.03813719376921654,1.0,1e-04
0.03583737835288048,1.0,1e-04
0.03379998356103897,1.0,1e-04
0.041961848735809326,1.0,1e-04
0.03243095055222511,1.0,1e-04
0.03961987793445587,1.0,1e-04
0.034269653260707855,1.0,1e-04
0.03306599333882332,1.0,1e-04
0.04581167921423912,1.0,1e-04
0.04033101722598076,1.0,1e-04
0.03487871214747429,1.0,1e-04
0.04068992659449577,1.0,1e-04
0.03200141340494156,1.0,1e-04
0.0747249498963356,0.9740259647369385,1e-04
0.0436524860560894,1.0,1e-04
0.04694559797644615,1.0,1e-04
0.06184623762965202,1.0,1e-04
0.05291970819234848,1.0,1e-04
0.03808082267642021,1.0,1e-04
0.03395240008831024,1.0,1e-04
0.033541493117809296,1.0,1e-04
0.03543725237250328,1.0,1e-04
0.041325464844703674,1.0,1e-04
0.03249913454055786,1.0,1e-04
0.039154574275016785,1.0,1e-04
0.04150725156068802,1.0,1e-04
0.032448649406433105,1.0,1e-04
0.03378158062696457,1.0,1e-04
0.03406216949224472,1.0,1e-04
0.03324371948838234,1.0,1e-04
0.03733067214488983,1.0,1e-04
0.030023159459233284,1.0,1e-04
0.09845530241727829,0.948051929473877,1e-04
0.032766956835985184,1.0,1e-04
0.06445644050836563,0.9870129823684692,1e-04
0.06162729486823082,1.0,1e-04
0.04832535982131958,1.0,1e-04
0.03784356266260147,1.0,1e-04
0.04137110337615013,1.0,1e-04
0.03465334326028824,1.0,1e-04
0.032191064208745956,1.0,1e-04
0.04134279862046242,1.0,1e-04
0.041007526218891144,1.0,1e-04
0.033084381371736526,1.0,1e-04
0.035568855702877045,1.0,1e-04
0.031719133257865906,1.0,1e-04
0.03276104852557182,1.0,1e-04
0.03447616845369339,1.0,1e-04
0.037790026515722275,1.0,1e-04
0.03407075256109238,1.0,1e-04
0.03216523304581642,1.0,1e-04
0.03339765593409538,1.0,1e-04
0.031943775713443756,1.0,1e-04
0.04107150435447693,1.0,1e-04
0.028459548950195312,1.0,1e-04
0.03740295022726059,1.0,1e-04
0.03847325220704079,1.0,1e-04
0.031211737543344498,1.0,1e-04
0.05803879722952843,0.9870129823684692,1e-04
0.045322515070438385,1.0,1e-04
0.032801784574985504,1.0,1e-04
0.04517083242535591,1.0,1e-04
0.053341444581747055,1.0,1e-04
0.05820811167359352,1.0,1e-04
0.0471467450261116,1.0,1e-04
0.04000202193856239,1.0,1e-04
0.057280294597148895,1.0,1e-04
0.03229078650474548,1.0,1e-04
0.046082038432359695,1.0,1e-04
0.04511740803718567,1.0,1e-04
0.03745192289352417,1.0,1e-04
0.04196795076131821,1.0,1e-04
0.0482112392783165,1.0,1e-04
0.03851744905114174,1.0,1e-04
0.036799509078264236,1.0,1e-04
0.04954250529408455,1.0,1e-04
0.046359624713659286,1.0,1e-04
0.03415018692612648,1.0,1e-04
0.034713901579380035,1.0,1e-04
0.051414184272289276,1.0,1e-04
0.03318524733185768,1.0,1e-04
0.039978619664907455,1.0,1e-04
0.051187217235565186,0.9870129823684692,1e-04
0.043753087520599365,1.0,1e-04
0.0353996716439724,1.0,1e-04
0.03483966737985611,1.0,1e-04
0.034221846610307693,1.0,1e-04
0.0378410778939724,1.0,1e-04
0.036107663065195084,1.0,1e-04
0.038217656314373016,1.0,1e-04
0.031818464398384094,1.0,1e-04
0.033802833408117294,1.0,1e-04
0.03161350265145302,1.0,1e-04
0.03290447220206261,1.0,1e-04
0.04233354330062866,1.0,1e-04
0.02987608127295971,1.0,1e-04
0.03059491515159607,1.0,1e-04
0.03197573497891426,1.0,1e-04
0.033706001937389374,1.0,1e-04
0.03359115868806839,1.0,1e-04
0.040061019361019135,1.0,1e-04
0.035700760781764984,1.0,1e-04
0.03807038068771362,1.0,1e-04
0.03056160733103752,1.0,1e-04
0.04260712116956711,1.0,1e-04
0.03510025143623352,1.0,1e-04
0.03462047874927521,1.0,1e-04
0.035095445811748505,1.0,1e-04
0.030065957456827164,1.0,1e-04
0.04014166072010994,1.0,1e-04
0.036613039672374725,1.0,1e-04
0.03349154815077782,1.0,1e-04
0.0310963187366724,1.0,1e-04
0.02893003262579441,1.0,1e-04
0.026606298983097076,1.0,1e-04
0.03000323846936226,1.0,1e-04
0.07773536443710327,0.9740259647369385,1e-04
0.02808019332587719,1.0,1e-04
0.02917453832924366,1.0,1e-04
0.03702779859304428,1.0,1e-04
0.029418159276247025,1.0,1e-04
0.03887778893113136,1.0,1e-04
0.03344903141260147,1.0,1e-04
0.031199844554066658,1.0,1e-04
0.02916007861495018,1.0,1e-04
0.03242343291640282,1.0,1e-04
0.025115353986620903,1.0,1e-04
0.028815433382987976,1.0,1e-04
0.030843282118439674,1.0,1e-04
0.025558387860655785,1.0,1e-04
0.028730738908052444,1.0,1e-04
0.03924858197569847,1.0,1e-04
0.036203134804964066,1.0,1e-04
0.042166925966739655,1.0,1e-04
0.030936796218156815,1.0,1e-04
0.031021691858768463,1.0,1e-04
0.026646656915545464,1.0,1e-04
0.0254175066947937,1.0,1e-04
0.025929395109415054,1.0,1e-04
0.028034865856170654,1.0,1e-04
0.025151878595352173,1.0,1e-04
0.025005608797073364,1.0,1e-04
0.03421686217188835,1.0,1e-04
0.027349449694156647,1.0,1e-04
0.027874695137143135,1.0,1e-04
0.026311518624424934,1.0,1e-04
0.025951143354177475,1.0,1e-04
0.0343816801905632,1.0,1e-04
0.03184312582015991,1.0,1e-04
0.04156200587749481,1.0,1e-04
0.02506975457072258,1.0,1e-04
0.03471142426133156,1.0,1e-04
0.036599691957235336,1.0,1e-04
0.034982673823833466,1.0,1e-04
0.02492644637823105,1.0,1e-04
0.032555896788835526,1.0,1e-04
0.03138837590813637,1.0,1e-04
0.029248695820569992,1.0,1e-04
0.031938586384058,1.0,1e-04
0.03085942007601261,1.0,1e-04
0.02910592406988144,1.0,1e-04
0.028004813939332962,1.0,1e-04
0.03176691755652428,1.0,1e-04
0.024837780743837357,1.0,1e-04
0.03552209585905075,1.0,1e-04
0.0403447300195694,1.0,1e-04
0.03134699538350105,1.0,1e-04
0.02729671262204647,1.0,1e-04
0.034181516617536545,1.0,1e-04
0.029849529266357422,1.0,1e-04
0.026392336934804916,1.0,1e-04
0.027052544057369232,1.0,1e-04
0.07539957761764526,0.9740259647369385,1e-04
0.02897917479276657,1.0,1e-04
0.03271837532520294,1.0,1e-04
0.034054119139909744,1.0,1e-04
0.03211241960525513,1.0,1e-04
0.04746325686573982,1.0,1e-04
0.0702376514673233,0.9870129823684692,1e-04
0.03807835280895233,1.0,1e-04
0.030826067551970482,1.0,1e-04
0.04634150490164757,1.0,1e-04
0.0408555343747139,1.0,1e-04
0.03949638456106186,1.0,1e-04
0.05340919271111488,0.9870129823684692,1e-04
0.03988338261842728,1.0,1e-04
0.029393283650279045,1.0,1e-04
0.0346401184797287,1.0,1e-04
0.039075739681720734,1.0,1e-04
0.03600824251770973,1.0,1e-04
0.032623041421175,1.0,1e-04
0.02835797891020775,1.0,1e-04
0.02607104368507862,1.0,1e-04
0.030903132632374763,1.0,1e-04
0.025721361860632896,1.0,1e-04
0.03509923443198204,1.0,1e-04
0.03151652589440346,1.0,1e-04
0.022879669442772865,1.0,1e-04
0.024933254346251488,1.0,1e-04
0.03513002023100853,1.0,1e-04
0.028098303824663162,1.0,1e-04
0.02732197381556034,1.0,1e-04
0.040129415690898895,1.0,1e-04
0.03565507009625435,1.0,1e-04
0.03705523908138275,1.0,1e-04
0.029972311109304428,1.0,1e-04
0.03435031697154045,1.0,1e-04
0.029008088633418083,1.0,1e-04
0.03870142251253128,1.0,1e-04
0.032431721687316895,1.0,1e-04
0.029297061264514923,1.0,1e-04
0.031150758266448975,1.0,1e-04
0.03576739877462387,1.0,1e-04
0.027002817019820213,1.0,1e-04
0.03998687118291855,1.0,1e-04
0.024418586865067482,1.0,1e-04
0.04619981348514557,1.0,1e-04
0.023245101794600487,1.0,1e-04
