loss,accuracy,lr
2.1512763500213623,0.2199999988079071,0.001
0.8681665062904358,0.6700000166893005,0.001
0.5719334483146667,0.7950000166893005,0.001
0.47827354073524475,0.8100000023841858,0.001
0.3700580596923828,0.8700000047683716,0.001
0.28900980949401855,0.9300000071525574,0.001
0.27371513843536377,0.9150000214576721,0.001
0.15066152811050415,0.9750000238418579,0.001
0.1700517237186432,0.9700000286102295,0.001
0.10373163968324661,0.9950000047683716,0.001
0.0776953399181366,0.9900000095367432,0.001
0.058902617543935776,0.9950000047683716,0.001
0.05585012584924698,0.9950000047683716,0.001
0.03980342671275139,0.9950000047683716,0.001
0.025329377502202988,1.0,0.001
0.035884689539670944,0.9900000095367432,0.001
0.01855427958071232,1.0,0.001
0.02785905823111534,0.9900000095367432,0.001
0.011603639461100101,1.0,0.001
0.01784658618271351,0.9950000047683716,0.001
0.01668856106698513,1.0,0.001
0.01102766115218401,1.0,0.001
0.007670149672776461,1.0,0.001
0.006022281013429165,1.0,0.001
0.01274953968822956,1.0,0.001
0.007956217043101788,1.0,0.001
0.004843234084546566,1.0,0.001
0.004342406522482634,1.0,0.001
0.003543038386851549,1.0,0.001
0.002572649158537388,1.0,0.001
0.0035864906385540962,1.0,0.001
0.00165748898871243,1.0,0.001
0.0016804641345515847,1.0,0.001
0.0017188027268275619,1.0,0.001
0.0019850509706884623,1.0,0.001
0.0010795168345794082,1.0,0.001
0.0011643912876024842,1.0,0.001
0.0008983697043731809,1.0,0.001
0.0010343112517148256,1.0,0.001
0.0010384066263213754,1.0,0.001
0.0008295844309031963,1.0,0.001
0.0006363101419992745,1.0,0.001
0.0005501718260347843,1.0,0.001
0.0005694804131053388,1.0,0.001
0.0009836649987846613,1.0,0.001
0.0018317869398742914,1.0,0.001
0.0006305128335952759,1.0,0.001
0.0012279184302315116,1.0,0.001
0.0007627498125657439,1.0,0.001
0.0008606400806456804,1.0,0.001
0.0005656502908095717,1.0,0.001
0.0007555982447229326,1.0,0.001
0.0005559416604228318,1.0,0.00020000001
0.0009166736272163689,1.0,0.00020000001
0.00043864097096957266,1.0,0.00020000001
0.0007942053489387035,1.0,0.00020000001
0.0003848517662845552,1.0,0.00020000001
0.0003786980814766139,1.0,0.00020000001
0.0005535063100978732,1.0,0.00020000001
0.00034394324757158756,1.0,0.00020000001
0.00038352940464392304,1.0,0.00020000001
0.0004014743026345968,1.0,0.00020000001
0.00043988789548166096,1.0,0.00020000001
0.0003507366345729679,1.0,0.00020000001
0.00043273024493828416,1.0,0.00020000001
0.0004813931882381439,1.0,1e-04
0.00048259831964969635,1.0,1e-04
0.0005378581117838621,1.0,1e-04
0.0003397020627744496,1.0,1e-04
0.0003946198557969183,1.0,1e-04
0.0006591604906134307,1.0,1e-04
0.0003785837034229189,1.0,1e-04
0.0003305634018033743,1.0,1e-04
0.00031624906114302576,1.0,1e-04
0.00038803208735771477,1.0,1e-04
0.00033136122510768473,1.0,1e-04
0.0003962396876886487,1.0,1e-04
0.0003723595291376114,1.0,1e-04
0.00037838349817320704,1.0,1e-04
0.0003851336659863591,1.0,1e-04
0.00039084843592718244,1.0,1e-04
0.00048033325583674014,1.0,1e-04
0.0003315515932627022,1.0,1e-04
0.00032497054780833423,1.0,1e-04
0.00031384581234306097,1.0,1e-04
0.0006143050850369036,1.0,1e-04
0.0004980312078259885,1.0,1e-04
0.0003166359674651176,1.0,1e-04
0.0003367953759152442,1.0,1e-04
0.00030455621890723705,1.0,1e-04
0.000455826404504478,1.0,1e-04
0.0003474818076938391,1.0,1e-04
0.0004316576523706317,1.0,1e-04
0.00037364024319685996,1.0,1e-04
0.0003983377537224442,1.0,1e-04
0.0003193984448444098,1.0,1e-04
0.00040475063724443316,1.0,1e-04
0.00034494034480303526,1.0,1e-04
0.00042378477519378066,1.0,1e-04
0.0005680911708623171,1.0,1e-04
0.0006351293413899839,1.0,1e-04
0.00030187712400220335,1.0,1e-04
0.00030446521122939885,1.0,1e-04
0.0005321326898410916,1.0,1e-04
0.00032207462936639786,1.0,1e-04
0.00031982522341422737,1.0,1e-04
0.00038337893784046173,1.0,1e-04
0.0002821049129124731,1.0,1e-04
0.00031766307074576616,1.0,1e-04
0.0003247095155529678,1.0,1e-04
0.0003257697098888457,1.0,1e-04
0.0005317018367350101,1.0,1e-04
0.00028439800371415913,1.0,1e-04
0.00041824535583145916,1.0,1e-04
0.0002799922367557883,1.0,1e-04
0.0003361185663379729,1.0,1e-04
0.00044990534661337733,1.0,1e-04
0.00044435958261601627,1.0,1e-04
0.0003028491628356278,1.0,1e-04
0.0002928460016846657,1.0,1e-04
0.00026425905525684357,1.0,1e-04
0.0002941549173556268,1.0,1e-04
0.0002779219066724181,1.0,1e-04
0.0002768325211945921,1.0,1e-04
0.0003601045173127204,1.0,1e-04
0.00026636008988134563,1.0,1e-04
0.0003198643680661917,1.0,1e-04
0.0003402582951821387,1.0,1e-04
0.0004207128949929029,1.0,1e-04
0.0006818848778493702,1.0,1e-04
0.00036734153400175273,1.0,1e-04
0.0003444080357439816,1.0,1e-04
0.0003311001928523183,1.0,1e-04
0.00035641444264911115,1.0,1e-04
0.0003870813234243542,1.0,1e-04
0.00025894795544445515,1.0,1e-04
0.0003246793639846146,1.0,1e-04
0.00027188064996153116,1.0,1e-04
0.0003199380007572472,1.0,1e-04
0.00029056376661174,1.0,1e-04
0.00025387408095411956,1.0,1e-04
0.0003985376679338515,1.0,1e-04
0.00026599669945426285,1.0,1e-04
0.0005297805182635784,1.0,1e-04
0.000425487058237195,1.0,1e-04
0.00023872214660514146,1.0,1e-04
0.000559017644263804,1.0,1e-04
0.0002529148187022656,1.0,1e-04
0.0004050229908898473,1.0,1e-04
0.00025805699988268316,1.0,1e-04
0.00026799258193932474,1.0,1e-04
0.00029865375836379826,1.0,1e-04
0.00048541568685323,1.0,1e-04
0.0002961456775665283,1.0,1e-04
0.00035471178125590086,1.0,1e-04
0.0003888560167979449,1.0,1e-04
0.0003392158541828394,1.0,1e-04
0.0002763011143542826,1.0,1e-04
0.0003838061529677361,1.0,1e-04
0.00025740574346855283,1.0,1e-04
0.0002880428219214082,1.0,1e-04
0.0002347874251427129,1.0,1e-04
0.00032858006306923926,1.0,1e-04
0.0002562775043770671,1.0,1e-04
0.0002853893965948373,1.0,1e-04
0.000257152714766562,1.0,1e-04
0.0004227923636790365,1.0,1e-04
0.00035015452886000276,1.0,1e-04
0.0002663778141140938,1.0,1e-04
0.000252808298682794,1.0,1e-04
0.00023362587671726942,1.0,1e-04
0.00023114554642233998,1.0,1e-04
0.0002600735751911998,1.0,1e-04
0.0002690684632398188,1.0,1e-04
0.00024506173213012516,1.0,1e-04
0.00022077641915529966,1.0,1e-04
0.0003293256741017103,1.0,1e-04
0.0002736381720751524,1.0,1e-04
0.00020488006703089923,1.0,1e-04
0.00033938835258595645,1.0,1e-04
0.000219430512515828,1.0,1e-04
0.0002698372700251639,1.0,1e-04
0.00026033437461592257,1.0,1e-04
0.00030678007169626653,1.0,1e-04
0.00022357569832820445,1.0,1e-04
0.0002722275094129145,1.0,1e-04
0.0003004019963555038,1.0,1e-04
0.00022511614952236414,1.0,1e-04
0.000344708125339821,1.0,1e-04
0.0005372448940761387,1.0,1e-04
0.00029421952785924077,1.0,1e-04
0.0002518444962333888,1.0,1e-04
0.00026736746076494455,1.0,1e-04
0.00022425489441957325,1.0,1e-04
0.00030427740421146154,1.0,1e-04
0.00028815746190957725,1.0,1e-04
0.0002190961386077106,1.0,1e-04
0.0002061089180642739,1.0,1e-04
0.000254624494118616,1.0,1e-04
0.00023290464014280587,1.0,1e-04
0.0003242861421313137,1.0,1e-04
0.0003263913094997406,1.0,1e-04
0.0003102883929386735,1.0,1e-04
0.00031262365519069135,1.0,1e-04
0.0002493004431016743,1.0,1e-04
0.00035809582914225757,1.0,1e-04
0.00019744026940315962,1.0,1e-04
0.000268002157099545,1.0,1e-04
0.00022940413327887654,1.0,1e-04
0.0003395139938220382,1.0,1e-04
0.00024031035718508065,1.0,1e-04
0.00019129669817630202,1.0,1e-04
0.0002515580563340336,1.0,1e-04
0.0003540932375472039,1.0,1e-04
0.00027867741300724447,1.0,1e-04
0.00022067263489589095,1.0,1e-04
0.0002638001460582018,1.0,1e-04
0.00032510943128727376,1.0,1e-04
0.00023285287898033857,1.0,1e-04
0.0003718907246366143,1.0,1e-04
0.00018405396258458495,1.0,1e-04
0.0004298217536415905,1.0,1e-04
0.0001851943670772016,1.0,1e-04
0.0002566459297668189,1.0,1e-04
0.000218062981730327,1.0,1e-04
0.0002137582196155563,1.0,1e-04
0.00022358581190928817,1.0,1e-04
0.0003214930766262114,1.0,1e-04
0.0002953512594103813,1.0,1e-04
0.00020892430620733649,1.0,1e-04
0.0001944934920175001,1.0,1e-04
0.00021932199888397008,1.0,1e-04
0.00024966386263258755,1.0,1e-04
0.00023011206940282136,1.0,1e-04
0.0003629536950029433,1.0,1e-04
0.00020551237685140222,1.0,1e-04
0.00022659417300019413,1.0,1e-04
0.00030669692205265164,1.0,1e-04
0.00039726271643303335,1.0,1e-04
0.0003586630627978593,1.0,1e-04
0.00016697708633728325,1.0,1e-04
0.00017876304627861828,1.0,1e-04
0.00027679529739543796,1.0,1e-04
0.00021381682017818093,1.0,1e-04
0.00027574700652621686,1.0,1e-04
0.00019871522090397775,1.0,1e-04
0.00020111713092774153,1.0,1e-04
0.00021174676658120006,1.0,1e-04
0.00018445568275637925,1.0,1e-04
0.00019735119713004678,1.0,1e-04
0.00022060377523303032,1.0,1e-04
0.00028173011378385127,1.0,1e-04
0.0001939544454216957,1.0,1e-04
0.00017934646166395396,1.0,1e-04
0.0001829201210057363,1.0,1e-04
0.00020697784202639014,1.0,1e-04
0.00028069253312423825,1.0,1e-04
0.00018668017582967877,1.0,1e-04
0.0001838590978877619,1.0,1e-04
0.00020744498760905117,1.0,1e-04
0.00022199875093065202,1.0,1e-04
0.00018960217130370438,1.0,1e-04
0.0001972944155568257,1.0,1e-04
0.00019838500884361565,1.0,1e-04
0.0002976021496579051,1.0,1e-04
0.00017042378021869808,1.0,1e-04
0.00019449804676696658,1.0,1e-04
0.00028427355573512614,1.0,1e-04
0.0001623980642762035,1.0,1e-04
0.00027928579947911203,1.0,1e-04
0.00017582319560460746,1.0,1e-04
0.00019767410412896425,1.0,1e-04
0.0002388227148912847,1.0,1e-04
0.00029372607241384685,1.0,1e-04
0.0006880186265334487,1.0,1e-04
0.00019311386859044433,1.0,1e-04
0.00018977856962010264,1.0,1e-04
0.00020084883726667613,1.0,1e-04
0.0003735759237315506,1.0,1e-04
0.00018168974202126265,1.0,1e-04
0.00020584162848535925,1.0,1e-04
0.00018161453772336245,1.0,1e-04
0.00017272279364988208,1.0,1e-04
0.00023406176478601992,1.0,1e-04
0.00026580929988995194,1.0,1e-04
0.0001795117132132873,1.0,1e-04
0.0001667902251938358,1.0,1e-04
0.00019424148194957525,1.0,1e-04
0.00023516635701525956,1.0,1e-04
0.00022864181664772332,1.0,1e-04
0.0001671920472290367,1.0,1e-04
0.00023873421014286578,1.0,1e-04
0.00015198171604424715,1.0,1e-04
0.00016184190462809056,1.0,1e-04
0.00020491317263804376,1.0,1e-04
0.00030927511397749186,1.0,1e-04
0.00025650300085544586,1.0,1e-04
0.0002830070734489709,1.0,1e-04
0.00023282627807930112,1.0,1e-04
0.00018459073908161372,1.0,1e-04
0.00020061960094608366,1.0,1e-04
0.00021156873845029622,1.0,1e-04
0.00015439215349033475,1.0,1e-04
0.0001818143209675327,1.0,1e-04
0.00022053926659282297,1.0,1e-04
0.0001390550605719909,1.0,1e-04
0.00014400726649910212,1.0,1e-04
0.0001588673476362601,1.0,1e-04
0.00029007866396568716,1.0,1e-04
0.00015035312389954925,1.0,1e-04
0.00022025186626706272,1.0,1e-04
0.0004058602498844266,1.0,1e-04
0.00014189736975822598,1.0,1e-04
0.00014014914631843567,1.0,1e-04
0.000171059335116297,1.0,1e-04
0.00019428232917562127,1.0,1e-04
0.00013402615149971098,1.0,1e-04
0.0001667763717705384,1.0,1e-04
0.00018982496112585068,1.0,1e-04
0.0001753743417793885,1.0,1e-04
0.0001862732315203175,1.0,1e-04
0.00013916695024818182,1.0,1e-04
0.0001414608268532902,1.0,1e-04
0.00015094382979441434,1.0,1e-04
0.00017884018598124385,1.0,1e-04
0.0001612241758266464,1.0,1e-04
0.0002107242471538484,1.0,1e-04
0.00018913667008746415,1.0,1e-04
0.00019605782290454954,1.0,1e-04
0.00015340483514592052,1.0,1e-04
0.00013325101463124156,1.0,1e-04
0.0002095881791319698,1.0,1e-04
0.00013988198770675808,1.0,1e-04
0.00016101179062388837,1.0,1e-04
0.00020546637824736536,1.0,1e-04
0.0002258566819364205,1.0,1e-04
0.0001690630306256935,1.0,1e-04
0.0001251488138223067,1.0,1e-04
0.00013343886530492455,1.0,1e-04
0.00020799727644771338,1.0,1e-04
0.0001470931456424296,1.0,1e-04
0.00024849639157764614,1.0,1e-04
0.00016113299352582544,1.0,1e-04
0.00022933488071430475,1.0,1e-04
0.0002103165170410648,1.0,1e-04
0.00016877766756806523,1.0,1e-04
0.00016737896658014506,1.0,1e-04
0.0002076391247101128,1.0,1e-04
0.00015326135326176882,1.0,1e-04
0.00019921790226362646,1.0,1e-04
0.00013444825890474021,1.0,1e-04
0.00014791690045967698,1.0,1e-04
0.00012919562868773937,1.0,1e-04
0.00014419319631997496,1.0,1e-04
0.00012233392044436187,1.0,1e-04
0.000142324497574009,1.0,1e-04
0.00019481214985717088,1.0,1e-04
0.00014158176782075316,1.0,1e-04
0.0001626368029974401,1.0,1e-04
0.0002686436928343028,1.0,1e-04
0.0001444190857000649,1.0,1e-04
0.00034297985257580876,1.0,1e-04
0.0003597797476686537,1.0,1e-04
0.0001460573694203049,1.0,1e-04
0.0001885020756162703,1.0,1e-04
0.00017045211279764771,1.0,1e-04
0.00013325201871339232,1.0,1e-04
0.00012060966400895268,1.0,1e-04
0.0001254537346540019,1.0,1e-04
0.0002216898719780147,1.0,1e-04
0.0001565552083775401,1.0,1e-04
0.00012426420289557427,1.0,1e-04
0.00023059721570461988,1.0,1e-04
0.0001326166238868609,1.0,1e-04
0.00019374277326278389,1.0,1e-04
0.00015900582366157323,1.0,1e-04
0.00018366264703217894,1.0,1e-04
0.00022811436792835593,1.0,1e-04
0.00010598558583296835,1.0,1e-04
0.00016147470159921795,1.0,1e-04
0.00012750290625263005,1.0,1e-04
0.00013048286200501025,1.0,1e-04
0.00013636545918416232,1.0,1e-04
0.0001185390938189812,1.0,1e-04
0.000131425098516047,1.0,1e-04
0.00018094740516971797,1.0,1e-04
0.00012966104259248823,1.0,1e-04
0.00016186959692277014,1.0,1e-04
0.00011449694284237921,1.0,1e-04
0.0005972430808469653,1.0,1e-04
0.00011119071132270619,1.0,1e-04
0.00010945289977826178,1.0,1e-04
0.00011839939543278888,1.0,1e-04
0.00012677138147410005,1.0,1e-04
0.00041379212052561343,1.0,1e-04
0.00011584885214688256,1.0,1e-04
0.0001404572685714811,1.0,1e-04
0.00011456621723482385,1.0,1e-04
0.00012163559586042538,1.0,1e-04
0.00010301057045580819,1.0,1e-04
0.0001373978448100388,1.0,1e-04
0.00013146951096132398,1.0,1e-04
0.00014539121184498072,1.0,1e-04
0.0001361613249173388,1.0,1e-04
0.0001573715708218515,1.0,1e-04
0.00011388368875486776,1.0,1e-04
0.0001008774561341852,1.0,1e-04
0.0001490694412495941,1.0,1e-04
0.00013391432003118098,1.0,1e-04
0.0001576303329784423,1.0,1e-04
0.0003025642072316259,1.0,1e-04
0.00013022763596381992,1.0,1e-04
0.00016634703206364065,1.0,1e-04
0.000203126241103746,1.0,1e-04
0.00044157743104733527,1.0,1e-04
0.0001307053753407672,1.0,1e-04
0.00028824229957535863,1.0,1e-04
0.000121764671348501,1.0,1e-04
0.00010523769742576405,1.0,1e-04
9.495278936810791e-05,1.0,1e-04
0.0001907102414406836,1.0,1e-04
0.00015667684783693403,1.0,1e-04
0.00011804909445345402,1.0,1e-04
0.0001416691520716995,1.0,1e-04
0.0001094778417609632,1.0,1e-04
0.00010013667633756995,1.0,1e-04
0.00011352350702509284,1.0,1e-04
0.00012578294263221323,1.0,1e-04
9.805490844883025e-05,1.0,1e-04
0.00010682496940717101,1.0,1e-04
0.00017504225252196193,1.0,1e-04
0.00014088477473706007,1.0,1e-04
9.435428364668041e-05,1.0,1e-04
0.0001309034851146862,1.0,1e-04
0.00015802068810444325,1.0,1e-04
9.79006290435791e-05,1.0,1e-04
0.0001553324837004766,1.0,1e-04
0.0001347259822068736,1.0,1e-04
0.00012326380237936974,1.0,1e-04
0.0002977231633849442,1.0,1e-04
0.00011275642464170232,1.0,1e-04
9.365056030219421e-05,1.0,1e-04
0.00011271381663391367,1.0,1e-04
0.0002714956062845886,1.0,1e-04
9.814795339480042e-05,1.0,1e-04
0.0001196016528410837,1.0,1e-04
9.986704390030354e-05,1.0,1e-04
0.00015720061492174864,1.0,1e-04
9.036217670654878e-05,1.0,1e-04
0.0002047989546554163,1.0,1e-04
0.00012145273649366572,1.0,1e-04
0.00012098576553398743,1.0,1e-04
0.00012391776544973254,1.0,1e-04
0.00016612229228485376,1.0,1e-04
0.00017019573715515435,1.0,1e-04
0.00014068320160731673,1.0,1e-04
9.633204899728298e-05,1.0,1e-04
0.0001110442535718903,1.0,1e-04
0.0002499146503396332,1.0,1e-04
0.00011888275184901431,1.0,1e-04
0.00025519024347886443,1.0,1e-04
0.00016379145381506532,1.0,1e-04
0.00010051655408460647,1.0,1e-04
0.0001304118923144415,1.0,1e-04
0.0001830425317166373,1.0,1e-04
0.0001014176377793774,1.0,1e-04
8.387691923417151e-05,1.0,1e-04
0.0001085287076421082,1.0,1e-04
0.00011326457024551928,1.0,1e-04
0.00010923501395154744,1.0,1e-04
0.0001389848330290988,1.0,1e-04
0.00010178769298363477,1.0,1e-04
0.00010843746713362634,1.0,1e-04
9.438848792342469e-05,1.0,1e-04
9.75903749349527e-05,1.0,1e-04
8.539702685084194e-05,1.0,1e-04
0.00015282937965821475,1.0,1e-04
0.00010927764378720894,1.0,1e-04
0.00017196015687659383,1.0,1e-04
0.00013325511827133596,1.0,1e-04
9.278696234105155e-05,1.0,1e-04
8.731278649065644e-05,1.0,1e-04
0.00014158299018163234,1.0,1e-04
0.00010657207894837484,1.0,1e-04
0.00011264931526966393,1.0,1e-04
0.00020581319404300302,1.0,1e-04
0.00011539912520674989,1.0,1e-04
0.00020686147036030889,1.0,1e-04
0.00010586703137960285,1.0,1e-04
0.00012320785026531667,1.0,1e-04
9.410363418282941e-05,1.0,1e-04
8.329024421982467e-05,1.0,1e-04
0.00015284652181435376,1.0,1e-04
7.849881512811407e-05,1.0,1e-04
9.448319906368852e-05,1.0,1e-04
0.00010166702850256115,1.0,1e-04
8.494524081470445e-05,1.0,1e-04
0.00014499561802949756,1.0,1e-04
0.00015898201672825962,1.0,1e-04
0.00010020652553066611,1.0,1e-04
0.00012707211135420948,1.0,1e-04
0.00011719969916157424,1.0,1e-04
0.00010247835598420352,1.0,1e-04
0.00013138561917003244,1.0,1e-04
0.00020589235646184534,1.0,1e-04
0.00011108825856354088,1.0,1e-04
0.00010954180470434949,1.0,1e-04
0.00011653082765405998,1.0,1e-04
8.813325257506222e-05,1.0,1e-04
9.613207657821476e-05,1.0,1e-04
0.00014120271953288466,1.0,1e-04
0.00010707115870900452,1.0,1e-04
0.00011919483222300187,1.0,1e-04
8.163200982380658e-05,1.0,1e-04
0.00015629241534043103,1.0,1e-04
0.00013443770876619965,1.0,1e-04
0.0001352810941170901,1.0,1e-04
0.00011942192941205576,1.0,1e-04
0.00010643748828442767,1.0,1e-04
0.00010177893273066729,1.0,1e-04
0.00010834386921487749,1.0,1e-04
8.292755228467286e-05,1.0,1e-04
8.078979590209201e-05,1.0,1e-04
9.986674558604136e-05,1.0,1e-04
0.00011834206088678911,1.0,1e-04
0.0002479440299794078,1.0,1e-04
8.443825208814815e-05,1.0,1e-04
0.00011837199417641386,1.0,1e-04
8.633775723865256e-05,1.0,1e-04
7.833216659491882e-05,1.0,1e-04
7.907938561402261e-05,1.0,1e-04
8.062105916906148e-05,1.0,1e-04
0.00011933539644815028,1.0,1e-04
7.757573621347547e-05,1.0,1e-04
9.103791671805084e-05,1.0,1e-04
0.00012067655916325748,1.0,1e-04
0.00013126767589710653,1.0,1e-04
8.72014497872442e-05,1.0,1e-04
0.00023130163026507944,1.0,1e-04
0.00016770938236732036,1.0,1e-04
0.00011715599248418584,1.0,1e-04
0.00017299204773735255,1.0,1e-04
8.491343032801524e-05,1.0,1e-04
9.000906720757484e-05,1.0,1e-04
0.00011754142178688198,1.0,1e-04
7.552577881142497e-05,1.0,1e-04
0.00010387734801042825,1.0,1e-04
0.00011081788397859782,1.0,1e-04
0.00016304684686474502,1.0,1e-04
0.00010692531213862821,1.0,1e-04
0.000162698415806517,1.0,1e-04
0.00012486886407714337,1.0,1e-04
7.237411045935005e-05,1.0,1e-04
0.00011723298666765913,1.0,1e-04
0.00018088672368321568,1.0,1e-04
0.00014096993254497647,1.0,1e-04
0.00013579193910118192,1.0,1e-04
7.568293949589133e-05,1.0,1e-04
0.00010884460061788559,1.0,1e-04
9.81722550932318e-05,1.0,1e-04
7.830873801140115e-05,1.0,1e-04
9.713059989735484e-05,1.0,1e-04
0.00010015473526436836,1.0,1e-04
6.950772512936965e-05,1.0,1e-04
0.00011695690773194656,1.0,1e-04
9.11504976102151e-05,1.0,1e-04
8.017736399779096e-05,1.0,1e-04
7.91133934399113e-05,1.0,1e-04
7.108505087671801e-05,1.0,1e-04
0.00010870626283576712,1.0,1e-04
0.00013051758287474513,1.0,1e-04
9.66220541158691e-05,1.0,1e-04
0.00012643726950045675,1.0,1e-04
9.551946277497336e-05,1.0,1e-04
9.073699038708583e-05,1.0,1e-04
9.250378207070753e-05,1.0,1e-04
0.00010441533959237859,1.0,1e-04
8.41345390654169e-05,1.0,1e-04
6.342766573652625e-05,1.0,1e-04
6.623804802075028e-05,1.0,1e-04
7.652249769307673e-05,1.0,1e-04
7.264310988830402e-05,1.0,1e-04
7.091987208696082e-05,1.0,1e-04
9.080617019208148e-05,1.0,1e-04
0.00012622032954823226,1.0,1e-04
7.589178858324885e-05,1.0,1e-04
0.00018531523528508842,1.0,1e-04
9.880281140794978e-05,1.0,1e-04
8.204824553104118e-05,1.0,1e-04
9.872886585071683e-05,1.0,1e-04
9.766752918949351e-05,1.0,1e-04
6.45906402496621e-05,1.0,1e-04
0.0001337702269665897,1.0,1e-04
9.810832125367597e-05,1.0,1e-04
8.045630238484591e-05,1.0,1e-04
0.0001476179459132254,1.0,1e-04
0.00010111811570823193,1.0,1e-04
0.00019945974054280668,1.0,1e-04
9.50614339672029e-05,1.0,1e-04
0.0003694205661304295,1.0,1e-04
9.002223669085652e-05,1.0,1e-04
0.00011067289597121999,1.0,1e-04
0.00011288812675047666,1.0,1e-04
6.301891698967665e-05,1.0,1e-04
0.00016438626335002482,1.0,1e-04
7.541231025243178e-05,1.0,1e-04
9.597220196155831e-05,1.0,1e-04
6.585735536646098e-05,1.0,1e-04
0.0001342488976661116,1.0,1e-04
9.621903154766187e-05,1.0,1e-04
8.326725219376385e-05,1.0,1e-04
9.696840425021946e-05,1.0,1e-04
9.650537685956806e-05,1.0,1e-04
0.0001223238796228543,1.0,1e-04
6.63845130475238e-05,1.0,1e-04
5.903460260014981e-05,1.0,1e-04
7.579969678772613e-05,1.0,1e-04
7.026820094324648e-05,1.0,1e-04
8.356547186849639e-05,1.0,1e-04
8.991101640276611e-05,1.0,1e-04
8.965200686361641e-05,1.0,1e-04
0.00010430630209157243,1.0,1e-04
9.694902109913528e-05,1.0,1e-04
8.102234278339893e-05,1.0,1e-04
6.903020403115079e-05,1.0,1e-04
8.899581735022366e-05,1.0,1e-04
6.644859240623191e-05,1.0,1e-04
6.518205918837339e-05,1.0,1e-04
7.834628195269033e-05,1.0,1e-04
6.525787466671318e-05,1.0,1e-04
0.00010870792903006077,1.0,1e-04
6.575972656719387e-05,1.0,1e-04
5.923910066485405e-05,1.0,1e-04
8.362038352061063e-05,1.0,1e-04
7.055018795654178e-05,1.0,1e-04
6.469573418144137e-05,1.0,1e-04
0.00010371671669417992,1.0,1e-04
0.00011182710295543075,1.0,1e-04
6.811935600126162e-05,1.0,1e-04
5.930582483415492e-05,1.0,1e-04
6.23415908194147e-05,1.0,1e-04
5.833443719893694e-05,1.0,1e-04
6.069282608223148e-05,1.0,1e-04
6.654278695350513e-05,1.0,1e-04
9.293280891142786e-05,1.0,1e-04
9.751986362971365e-05,1.0,1e-04
9.397111716680229e-05,1.0,1e-04
8.505064761266112e-05,1.0,1e-04
5.9676134696928784e-05,1.0,1e-04
7.49900282244198e-05,1.0,1e-04
0.0001257379917660728,1.0,1e-04
5.3015373850939795e-05,1.0,1e-04
5.415692430688068e-05,1.0,1e-04
6.656833284068853e-05,1.0,1e-04
6.934162956895307e-05,1.0,1e-04
8.354812598554417e-05,1.0,1e-04
7.289876521099359e-05,1.0,1e-04
6.05815184826497e-05,1.0,1e-04
0.00010210029722657055,1.0,1e-04
0.00011336272291373461,1.0,1e-04
8.591347432229668e-05,1.0,1e-04
6.675605982309207e-05,1.0,1e-04
9.344401041744277e-05,1.0,1e-04
7.228602771647274e-05,1.0,1e-04
5.9831432736245915e-05,1.0,1e-04
5.591837543761358e-05,1.0,1e-04
7.184316200437024e-05,1.0,1e-04
0.00014611909864470363,1.0,1e-04
6.579278851859272e-05,1.0,1e-04
7.806891517248005e-05,1.0,1e-04
7.926597027108073e-05,1.0,1e-04
0.0001166423608083278,1.0,1e-04
5.427273936220445e-05,1.0,1e-04
8.108068141154945e-05,1.0,1e-04
6.710684101562947e-05,1.0,1e-04
6.562144699273631e-05,1.0,1e-04
8.247989899246022e-05,1.0,1e-04
8.685577631695196e-05,1.0,1e-04
0.00012421683641150594,1.0,1e-04
5.8603087381925434e-05,1.0,1e-04
6.215787288965657e-05,1.0,1e-04
6.187224062159657e-05,1.0,1e-04
5.954184598522261e-05,1.0,1e-04
6.351249612635002e-05,1.0,1e-04
0.0001257917028851807,1.0,1e-04
5.7346420362591743e-05,1.0,1e-04
7.824037311365828e-05,1.0,1e-04
9.677242633188143e-05,1.0,1e-04
7.732927042525262e-05,1.0,1e-04
6.870966171845794e-05,1.0,1e-04
6.19628990534693e-05,1.0,1e-04
7.327539788093418e-05,1.0,1e-04
4.883277142653242e-05,1.0,1e-04
5.337813854566775e-05,1.0,1e-04
6.464936450356618e-05,1.0,1e-04
5.631107705994509e-05,1.0,1e-04
6.492913234978914e-05,1.0,1e-04
6.115141150075942e-05,1.0,1e-04
7.569170702481642e-05,1.0,1e-04
6.084987035137601e-05,1.0,1e-04
6.014468090143055e-05,1.0,1e-04
7.785027264617383e-05,1.0,1e-04
0.00013584356929641217,1.0,1e-04
8.692950359545648e-05,1.0,1e-04
7.268282934091985e-05,1.0,1e-04
4.600265674525872e-05,1.0,1e-04
7.27272781659849e-05,1.0,1e-04
5.708773460355587e-05,1.0,1e-04
5.920238618273288e-05,1.0,1e-04
4.667823304771446e-05,1.0,1e-04
5.096148743177764e-05,1.0,1e-04
6.226602999959141e-05,1.0,1e-04
6.270662561291829e-05,1.0,1e-04
6.200430652825162e-05,1.0,1e-04
8.044031710596755e-05,1.0,1e-04
0.00011427135905250907,1.0,1e-04
7.08903608028777e-05,1.0,1e-04
5.615278132609092e-05,1.0,1e-04
6.174126610858366e-05,1.0,1e-04
8.494024950778112e-05,1.0,1e-04
4.769933730131015e-05,1.0,1e-04
9.952945401892066e-05,1.0,1e-04
6.716776988469064e-05,1.0,1e-04
5.93483928241767e-05,1.0,1e-04
5.111114660394378e-05,1.0,1e-04
9.901935118250549e-05,1.0,1e-04
9.011794463731349e-05,1.0,1e-04
0.0001355023996438831,1.0,1e-04
5.5688262364128605e-05,1.0,1e-04
8.199999138014391e-05,1.0,1e-04
0.00010210489563178271,1.0,1e-04
0.00010675015073502436,1.0,1e-04
4.458583862287924e-05,1.0,1e-04
5.7141896832035854e-05,1.0,1e-04
4.282894587959163e-05,1.0,1e-04
7.282728620339185e-05,1.0,1e-04
4.868489850196056e-05,1.0,1e-04
5.243765190243721e-05,1.0,1e-04
8.052270277403295e-05,1.0,1e-04
8.143568265950307e-05,1.0,1e-04
5.410384255810641e-05,1.0,1e-04
8.803768287179992e-05,1.0,1e-04
6.965448847040534e-05,1.0,1e-04
5.9413909184513614e-05,1.0,1e-04
5.1953411457361653e-05,1.0,1e-04
0.00013531277363654226,1.0,1e-04
5.0689723138930276e-05,1.0,1e-04
5.918048191233538e-05,1.0,1e-04
5.6006792874541134e-05,1.0,1e-04
5.9075551689602435e-05,1.0,1e-04
5.460168176796287e-05,1.0,1e-04
9.266532288165763e-05,1.0,1e-04
4.947276465827599e-05,1.0,1e-04
5.0886479584733024e-05,1.0,1e-04
6.227806443348527e-05,1.0,1e-04
9.33730771066621e-05,1.0,1e-04
7.548749272245914e-05,1.0,1e-04
8.647209324408323e-05,1.0,1e-04
8.976864046417177e-05,1.0,1e-04
5.886863073101267e-05,1.0,1e-04
4.152605833951384e-05,1.0,1e-04
4.5833039621356875e-05,1.0,1e-04
5.734699152526446e-05,1.0,1e-04
5.1821003580698743e-05,1.0,1e-04
6.630754796788096e-05,1.0,1e-04
0.00010287023906130344,1.0,1e-04
5.504797809408046e-05,1.0,1e-04
5.7121542340610176e-05,1.0,1e-04
0.00010531370207900181,1.0,1e-04
5.008740845369175e-05,1.0,1e-04
5.4260333854472265e-05,1.0,1e-04
5.4376130719901994e-05,1.0,1e-04
0.00011908241867786273,1.0,1e-04
5.843841063324362e-05,1.0,1e-04
7.002780330367386e-05,1.0,1e-04
6.283474795054644e-05,1.0,1e-04
4.4582549890037626e-05,1.0,1e-04
7.941437797853723e-05,1.0,1e-04
5.133693048264831e-05,1.0,1e-04
5.532037539524026e-05,1.0,1e-04
6.429792119888589e-05,1.0,1e-04
5.814679025206715e-05,1.0,1e-04
4.7303848987212405e-05,1.0,1e-04
4.81689530715812e-05,1.0,1e-04
5.0447200919734314e-05,1.0,1e-04
0.00011948410246986896,1.0,1e-04
5.838188371853903e-05,1.0,1e-04
5.616039561573416e-05,1.0,1e-04
7.509461283916607e-05,1.0,1e-04
5.651315223076381e-05,1.0,1e-04
5.6905952078523114e-05,1.0,1e-04
5.793084346805699e-05,1.0,1e-04
6.216883048182353e-05,1.0,1e-04
4.147753134020604e-05,1.0,1e-04
6.386558379745111e-05,1.0,1e-04
4.8304656957043335e-05,1.0,1e-04
4.8080346459755674e-05,1.0,1e-04
4.135317067266442e-05,1.0,1e-04
4.7098565119085833e-05,1.0,1e-04
5.5905104090925306e-05,1.0,1e-04
5.940165283391252e-05,1.0,1e-04
4.632817945093848e-05,1.0,1e-04
3.657519482658245e-05,1.0,1e-04
3.931255196221173e-05,1.0,1e-04
5.801352745038457e-05,1.0,1e-04
5.56810264242813e-05,1.0,1e-04
4.6431421651504934e-05,1.0,1e-04
8.661952597321942e-05,1.0,1e-04
7.803992775734514e-05,1.0,1e-04
4.213026841171086e-05,1.0,1e-04
3.653702151495963e-05,1.0,1e-04
9.596173913450912e-05,1.0,1e-04
6.045446571079083e-05,1.0,1e-04
5.349156344891526e-05,1.0,1e-04
4.803944466402754e-05,1.0,1e-04
5.500391125679016e-05,1.0,1e-04
5.058418901171535e-05,1.0,1e-04
4.0817350964061916e-05,1.0,1e-04
8.176159462891519e-05,1.0,1e-04
3.9191520045278594e-05,1.0,1e-04
9.247224079445004e-05,1.0,1e-04
5.0583508709678426e-05,1.0,1e-04
3.568592728697695e-05,1.0,1e-04
4.299146166886203e-05,1.0,1e-04
5.935878652962856e-05,1.0,1e-04
8.570322825107723e-05,1.0,1e-04
7.955211913213134e-05,1.0,1e-04
5.4664873459842056e-05,1.0,1e-04
3.982795897172764e-05,1.0,1e-04
4.8019850510172546e-05,1.0,1e-04
4.6156746975611895e-05,1.0,1e-04
7.014626316959038e-05,1.0,1e-04
3.987382660852745e-05,1.0,1e-04
4.416229057824239e-05,1.0,1e-04
9.445786417927593e-05,1.0,1e-04
9.595377196092159e-05,1.0,1e-04
3.7663932744180784e-05,1.0,1e-04
6.384804146364331e-05,1.0,1e-04
5.76290040044114e-05,1.0,1e-04
6.159509212011471e-05,1.0,1e-04
8.263567724497989e-05,1.0,1e-04
6.12609728705138e-05,1.0,1e-04
3.733917765202932e-05,1.0,1e-04
5.808156856801361e-05,1.0,1e-04
5.2652187150670215e-05,1.0,1e-04
4.049730341648683e-05,1.0,1e-04
4.4272579543758184e-05,1.0,1e-04
5.015077113057487e-05,1.0,1e-04
4.578130756272003e-05,1.0,1e-04
4.059361890540458e-05,1.0,1e-04
4.7088382416404784e-05,1.0,1e-04
3.62687096640002e-05,1.0,1e-04
4.089275898877531e-05,1.0,1e-04
4.210933911963366e-05,1.0,1e-04
7.225259469123557e-05,1.0,1e-04
3.883146564476192e-05,1.0,1e-04
4.5205975766293705e-05,1.0,1e-04
0.0001863143261289224,1.0,1e-04
4.249057747074403e-05,1.0,1e-04
5.226551729720086e-05,1.0,1e-04
5.554620292969048e-05,1.0,1e-04
7.041048957034945e-05,1.0,1e-04
4.628408350981772e-05,1.0,1e-04
6.985294749028981e-05,1.0,1e-04
5.6236454838654026e-05,1.0,1e-04
4.78072943224106e-05,1.0,1e-04
5.892123226658441e-05,1.0,1e-04
3.539187309797853e-05,1.0,1e-04
8.188626088667661e-05,1.0,1e-04
6.392707291524857e-05,1.0,1e-04
6.446806946769357e-05,1.0,1e-04
9.518745355308056e-05,1.0,1e-04
0.00010167704022023827,1.0,1e-04
3.98689262510743e-05,1.0,1e-04
6.803609721828252e-05,1.0,1e-04
3.857021511066705e-05,1.0,1e-04
3.5583369026426226e-05,1.0,1e-04
4.001225170213729e-05,1.0,1e-04
3.866384577122517e-05,1.0,1e-04
4.983566395821981e-05,1.0,1e-04
3.84589220630005e-05,1.0,1e-04
5.156505721970461e-05,1.0,1e-04
3.628473132266663e-05,1.0,1e-04
5.955864617135376e-05,1.0,1e-04
4.1291379602625966e-05,1.0,1e-04
3.310755346319638e-05,1.0,1e-04
0.00011911739420611411,1.0,1e-04
3.612912041717209e-05,1.0,1e-04
4.044381057610735e-05,1.0,1e-04
7.522683881688863e-05,1.0,1e-04
2.978723932756111e-05,1.0,1e-04
6.675373879261315e-05,1.0,1e-04
5.084278018330224e-05,1.0,1e-04
6.263489922275767e-05,1.0,1e-04
4.164535130257718e-05,1.0,1e-04
5.112545477459207e-05,1.0,1e-04
8.67356575326994e-05,1.0,1e-04
4.101677404833026e-05,1.0,1e-04
3.604513040045276e-05,1.0,1e-04
4.2584386392263696e-05,1.0,1e-04
3.35074910253752e-05,1.0,1e-04
2.9189443012000993e-05,1.0,1e-04
4.917019032291137e-05,1.0,1e-04
4.298881322029047e-05,1.0,1e-04
3.4787623008014634e-05,1.0,1e-04
5.05492789670825e-05,1.0,1e-04
4.723943129647523e-05,1.0,1e-04
3.2490679586771876e-05,1.0,1e-04
7.94577063061297e-05,1.0,1e-04
6.779831164749339e-05,1.0,1e-04
4.443169018486515e-05,1.0,1e-04
5.672269981005229e-05,1.0,1e-04
3.714388731168583e-05,1.0,1e-04
6.51658046990633e-05,1.0,1e-04
3.722431938513182e-05,1.0,1e-04
7.805502536939457e-05,1.0,1e-04
5.016587601858191e-05,1.0,1e-04
5.343405427993275e-05,1.0,1e-04
6.637659680563956e-05,1.0,1e-04
5.390993464970961e-05,1.0,1e-04
5.3790619858773425e-05,1.0,1e-04
5.196254642214626e-05,1.0,1e-04
4.625105793820694e-05,1.0,1e-04
3.645479227998294e-05,1.0,1e-04
3.5134260542690754e-05,1.0,1e-04
3.4559870982775465e-05,1.0,1e-04
7.317610288737342e-05,1.0,1e-04
3.369034675415605e-05,1.0,1e-04
3.0353989131981507e-05,1.0,1e-04
4.278384949429892e-05,1.0,1e-04
3.278737131040543e-05,1.0,1e-04
4.013157376903109e-05,1.0,1e-04
5.876809518667869e-05,1.0,1e-04
4.6963803470134735e-05,1.0,1e-04
3.082104376517236e-05,1.0,1e-04
3.426845069043338e-05,1.0,1e-04
6.282565300352871e-05,1.0,1e-04
3.647404446383007e-05,1.0,1e-04
3.043137439817656e-05,1.0,1e-04
3.3862968848552555e-05,1.0,1e-04
4.6948855015216395e-05,1.0,1e-04
3.9992082747630775e-05,1.0,1e-04
6.0104979638708755e-05,1.0,1e-04
3.143791400361806e-05,1.0,1e-04
3.096183354500681e-05,1.0,1e-04
3.9257378375623375e-05,1.0,1e-04
3.051840758416802e-05,1.0,1e-04
5.5868906201794744e-05,1.0,1e-04
4.140585588174872e-05,1.0,1e-04
6.644824316026643e-05,1.0,1e-04
3.443470995989628e-05,1.0,1e-04
3.944608033634722e-05,1.0,1e-04
5.6624125136295334e-05,1.0,1e-04
6.928652874194086e-05,1.0,1e-04
5.757743929279968e-05,1.0,1e-04
6.267822027439252e-05,1.0,1e-04
7.675871893297881e-05,1.0,1e-04
6.55910189379938e-05,1.0,1e-04
3.101312177022919e-05,1.0,1e-04
3.1168026907835156e-05,1.0,1e-04
6.848876364529133e-05,1.0,1e-04
3.1205592676997185e-05,1.0,1e-04
4.391052425489761e-05,1.0,1e-04
5.1208171498728916e-05,1.0,1e-04
7.850812835386023e-05,1.0,1e-04
4.056147736264393e-05,1.0,1e-04
3.009986539836973e-05,1.0,1e-04
3.087660297751427e-05,1.0,1e-04
2.698949356272351e-05,1.0,1e-04
2.74484100373229e-05,1.0,1e-04
4.101857848581858e-05,1.0,1e-04
4.811718099517748e-05,1.0,1e-04
2.863031295419205e-05,1.0,1e-04
5.01355534652248e-05,1.0,1e-04
3.030255356861744e-05,1.0,1e-04
4.74773405585438e-05,1.0,1e-04
2.825775845849421e-05,1.0,1e-04
3.827206455753185e-05,1.0,1e-04
4.00217468268238e-05,1.0,1e-04
3.794368967646733e-05,1.0,1e-04
3.535452196956612e-05,1.0,1e-04
3.733041376108304e-05,1.0,1e-04
7.375598215730861e-05,1.0,1e-04
4.615812576957978e-05,1.0,1e-04
3.519821984809823e-05,1.0,1e-04
4.9529713578522205e-05,1.0,1e-04
2.9612414436996914e-05,1.0,1e-04
4.6265489800134674e-05,1.0,1e-04
4.383697159937583e-05,1.0,1e-04
3.638584530563094e-05,1.0,1e-04
3.802885112236254e-05,1.0,1e-04
3.6606004869099706e-05,1.0,1e-04
2.9885926778661087e-05,1.0,1e-04
2.981312536576297e-05,1.0,1e-04
6.546470831381157e-05,1.0,1e-04
5.7702651247382164e-05,1.0,1e-04
3.235156327718869e-05,1.0,1e-04
3.854877650155686e-05,1.0,1e-04
3.6177174479234964e-05,1.0,1e-04
2.747461257968098e-05,1.0,1e-04
4.659375190385617e-05,1.0,1e-04
3.546310472302139e-05,1.0,1e-04
2.7081860025646165e-05,1.0,1e-04
3.692753307404928e-05,1.0,1e-04
3.3395819627912715e-05,1.0,1e-04
3.030548759852536e-05,1.0,1e-04
3.48148969351314e-05,1.0,1e-04
3.974018545704894e-05,1.0,1e-04
2.543927803344559e-05,1.0,1e-04
3.027455932169687e-05,1.0,1e-04
4.25796679337509e-05,1.0,1e-04
5.2008723287144676e-05,1.0,1e-04
7.503222877858207e-05,1.0,1e-04
3.379382178536616e-05,1.0,1e-04
3.3906660974025726e-05,1.0,1e-04
4.401053229230456e-05,1.0,1e-04
2.6607918698573485e-05,1.0,1e-04
4.8658410378266126e-05,1.0,1e-04
3.0325811167131178e-05,1.0,1e-04
4.9242367822444066e-05,1.0,1e-04
3.966149233747274e-05,1.0,1e-04
3.17025842377916e-05,1.0,1e-04
5.213786062086001e-05,1.0,1e-04
3.796220335061662e-05,1.0,1e-04
9.07586800167337e-05,1.0,1e-04
4.263427035766654e-05,1.0,1e-04
3.1330619094660506e-05,1.0,1e-04
2.9054594051558524e-05,1.0,1e-04
3.688559809233993e-05,1.0,1e-04
3.849498898489401e-05,1.0,1e-04
5.7321489293826744e-05,1.0,1e-04
7.631894550286233e-05,1.0,1e-04
3.9833692426327616e-05,1.0,1e-04
3.6730947613250464e-05,1.0,1e-04
3.774063952732831e-05,1.0,1e-04
6.276887143030763e-05,1.0,1e-04
2.7093623430118896e-05,1.0,1e-04
4.5189139200374484e-05,1.0,1e-04
4.479381823330186e-05,1.0,1e-04
2.6977913876180537e-05,1.0,1e-04
5.4131989600136876e-05,1.0,1e-04
3.8396232412196696e-05,1.0,1e-04
3.838281918433495e-05,1.0,1e-04
2.692087582545355e-05,1.0,1e-04
3.680532972794026e-05,1.0,1e-04
4.4158045056974515e-05,1.0,1e-04
3.1347408366855234e-05,1.0,1e-04
4.683787847170606e-05,1.0,1e-04
3.4000131563516334e-05,1.0,1e-04
4.049563722219318e-05,1.0,1e-04
2.6755731596495025e-05,1.0,1e-04
2.9963282941025682e-05,1.0,1e-04
3.650888174888678e-05,1.0,1e-04
2.9888824428780936e-05,1.0,1e-04
5.388414501794614e-05,1.0,1e-04
4.314313264330849e-05,1.0,1e-04
3.7939214962534606e-05,1.0,1e-04
2.4952869353001006e-05,1.0,1e-04
3.3313212043140084e-05,1.0,1e-04
4.4602740672416985e-05,1.0,1e-04
3.377400935278274e-05,1.0,1e-04
4.111225644010119e-05,1.0,1e-04
4.2301282519474626e-05,1.0,1e-04
2.828987271641381e-05,1.0,1e-04
2.4766879505477846e-05,1.0,1e-04
4.447622995940037e-05,1.0,1e-04
6.111020047683269e-05,1.0,1e-04
3.350684710312635e-05,1.0,1e-04
2.939359546871856e-05,1.0,1e-04
0.00012602015340235084,1.0,1e-04
2.8834543627453968e-05,1.0,1e-04
2.9126715162419714e-05,1.0,1e-04
2.6843985324376263e-05,1.0,1e-04
3.555736111593433e-05,1.0,1e-04
5.4613799875369295e-05,1.0,1e-04
3.517648656270467e-05,1.0,1e-04
2.8097385438741185e-05,1.0,1e-04
3.297702642157674e-05,1.0,1e-04
3.9966726035345346e-05,1.0,1e-04
3.9455346268368885e-05,1.0,1e-04
5.1387640269240364e-05,1.0,1e-04
3.572580317268148e-05,1.0,1e-04
8.196670387405902e-05,1.0,1e-04
3.465474583208561e-05,1.0,1e-04
4.110573718207888e-05,1.0,1e-04
3.273991751484573e-05,1.0,1e-04
4.4028252887073904e-05,1.0,1e-04
2.255982326460071e-05,1.0,1e-04
3.891351298079826e-05,1.0,1e-04
6.864852912258357e-05,1.0,1e-04
2.8286744054639712e-05,1.0,1e-04
2.9578299290733412e-05,1.0,1e-04
4.5429187593981624e-05,1.0,1e-04
2.6694275220506825e-05,1.0,1e-04
3.064402335439809e-05,1.0,1e-04
3.582447243388742e-05,1.0,1e-04
7.401496986858547e-05,1.0,1e-04
4.806888318853453e-05,1.0,1e-04
3.214265234419145e-05,1.0,1e-04
3.28282403643243e-05,1.0,1e-04
2.1245674361125566e-05,1.0,1e-04
3.7392812373582274e-05,1.0,1e-04
3.2595078664598987e-05,1.0,1e-04
6.663987733190879e-05,1.0,1e-04
3.8860303902765736e-05,1.0,1e-04
3.0208791940822266e-05,1.0,1e-04
3.1534327717963606e-05,1.0,1e-04
2.1240291971480474e-05,1.0,1e-04
2.4895050955819897e-05,1.0,1e-04
2.829216464306228e-05,1.0,1e-04
3.151059718220495e-05,1.0,1e-04
7.595391798531637e-05,1.0,1e-04
3.587183527997695e-05,1.0,1e-04
4.203848584438674e-05,1.0,1e-04
6.106209912104532e-05,1.0,1e-04
3.561193443601951e-05,1.0,1e-04
3.2957366784103215e-05,1.0,1e-04
7.054465095279738e-05,1.0,1e-04
3.041687341465149e-05,1.0,1e-04
2.8989061320316978e-05,1.0,1e-04
3.105929135926999e-05,1.0,1e-04
2.2849515517009422e-05,1.0,1e-04
2.5516050300211646e-05,1.0,1e-04
3.0153963962220587e-05,1.0,1e-04
2.326365574845113e-05,1.0,1e-04
4.000912304036319e-05,1.0,1e-04
4.198695023660548e-05,1.0,1e-04
5.65601876587607e-05,1.0,1e-04
3.553912029019557e-05,1.0,1e-04
2.68814528681105e-05,1.0,1e-04
4.657697718357667e-05,1.0,1e-04
4.054174860357307e-05,1.0,1e-04
4.27836348535493e-05,1.0,1e-04
3.4236738429171965e-05,1.0,1e-04
3.640246723080054e-05,1.0,1e-04
3.9940947317518294e-05,1.0,1e-04
2.6996945962309837e-05,1.0,1e-04
2.400392259005457e-05,1.0,1e-04
4.033121149404906e-05,1.0,1e-04
2.4443814254482277e-05,1.0,1e-04
3.121894769719802e-05,1.0,1e-04
2.6953382985084318e-05,1.0,1e-04
2.092436443490442e-05,1.0,1e-04
3.031907181139104e-05,1.0,1e-04
2.946144923043903e-05,1.0,1e-04
2.383355240453966e-05,1.0,1e-04
1.881449315987993e-05,1.0,1e-04
4.628087845048867e-05,1.0,1e-04
3.618221671786159e-05,1.0,1e-04
2.7130521630169824e-05,1.0,1e-04
3.803730214713141e-05,1.0,1e-04
3.5247579944552854e-05,1.0,1e-04
2.5378871214343235e-05,1.0,1e-04
2.243942981294822e-05,1.0,1e-04
2.639796548464801e-05,1.0,1e-04
2.3988979592104442e-05,1.0,1e-04
1.8533162801759318e-05,1.0,1e-04
1.7721391486702487e-05,1.0,1e-04
3.5121338441967964e-05,1.0,1e-04
4.3622098019113764e-05,1.0,1e-04
3.984844806836918e-05,1.0,1e-04
2.3024653273751028e-05,1.0,1e-04
2.2003092453815043e-05,1.0,1e-04
2.4802453481242992e-05,1.0,1e-04
2.5704826839501038e-05,1.0,1e-04
2.325058630958665e-05,1.0,1e-04
6.1162376368884e-05,1.0,1e-04
4.815667853108607e-05,1.0,1e-04
1.849799809860997e-05,1.0,1e-04
3.0258106562541798e-05,1.0,1e-04
2.2935941160540096e-05,1.0,1e-04
3.711698445840739e-05,1.0,1e-04
2.179691546189133e-05,1.0,1e-04
6.662627856712788e-05,1.0,1e-04
3.750554606085643e-05,1.0,1e-04
2.1095393094583414e-05,1.0,1e-04
2.181897434638813e-05,1.0,1e-04
1.754793083819095e-05,1.0,1e-04
3.013307650689967e-05,1.0,1e-04
2.1744393961853348e-05,1.0,1e-04
2.3370350390905514e-05,1.0,1e-04
4.781462121172808e-05,1.0,1e-04
2.6938587325275876e-05,1.0,1e-04
2.370532092754729e-05,1.0,1e-04
3.1996838515624404e-05,1.0,1e-04
3.058727452298626e-05,1.0,1e-04
2.9217013434390537e-05,1.0,1e-04
3.831706635537557e-05,1.0,1e-04
2.4045026293606497e-05,1.0,1e-04
1.9678678654599935e-05,1.0,1e-04
5.051297557656653e-05,1.0,1e-04
4.780784365721047e-05,1.0,1e-04
4.0569211705587804e-05,1.0,1e-04
2.0727051378344186e-05,1.0,1e-04
4.772416650666855e-05,1.0,1e-04
2.4434188162558712e-05,1.0,1e-04
2.9212053050287068e-05,1.0,1e-04
3.4991870052181184e-05,1.0,1e-04
1.752942625898868e-05,1.0,1e-04
2.0691868485300802e-05,1.0,1e-04
2.790854705381207e-05,1.0,1e-04
3.419554923311807e-05,1.0,1e-04
3.8214653613977134e-05,1.0,1e-04
2.6290597816114314e-05,1.0,1e-04
2.9174065275583416e-05,1.0,1e-04
2.780424438242335e-05,1.0,1e-04
4.020122651127167e-05,1.0,1e-04
2.9135051590856165e-05,1.0,1e-04
2.1382667910074815e-05,1.0,1e-04
3.0523737223120406e-05,1.0,1e-04
2.082773244183045e-05,1.0,1e-04
3.324169301777147e-05,1.0,1e-04
2.8309594199527055e-05,1.0,1e-04
2.2564554456039332e-05,1.0,1e-04
3.148538962705061e-05,1.0,1e-04
2.2113359591457993e-05,1.0,1e-04
2.0396289983182214e-05,1.0,1e-04
3.480716986814514e-05,1.0,1e-04
2.4757722712820396e-05,1.0,1e-04
1.7761887647793628e-05,1.0,1e-04
2.6913941837847233e-05,1.0,1e-04
1.8820401237462647e-05,1.0,1e-04
3.6697398172691464e-05,1.0,1e-04
2.8076121452613734e-05,1.0,1e-04
3.588964318623766e-05,1.0,1e-04
1.6060255802585743e-05,1.0,1e-04
1.8948474462376907e-05,1.0,1e-04
5.333330773282796e-05,1.0,1e-04
3.6165565688861534e-05,1.0,1e-04
5.076938396086916e-05,1.0,1e-04
2.8416030545486137e-05,1.0,1e-04
2.0582136130542494e-05,1.0,1e-04
5.473888813867234e-05,1.0,1e-04
1.816656003938988e-05,1.0,1e-04
3.099514651694335e-05,1.0,1e-04
2.9297207220224664e-05,1.0,1e-04
2.0057712390553206e-05,1.0,1e-04
1.799908932298422e-05,1.0,1e-04
2.5242836272809654e-05,1.0,1e-04
2.774554377538152e-05,1.0,1e-04
2.1189527615206316e-05,1.0,1e-04
2.093086004606448e-05,1.0,1e-04
1.948305180121679e-05,1.0,1e-04
3.1243605917552486e-05,1.0,1e-04
4.249841731507331e-05,1.0,1e-04
1.9719773263204843e-05,1.0,1e-04
4.6605531679233536e-05,1.0,1e-04
4.1112238250207156e-05,1.0,1e-04
2.861374923668336e-05,1.0,1e-04
1.7500218746135943e-05,1.0,1e-04
4.32011584052816e-05,1.0,1e-04
1.595711728441529e-05,1.0,1e-04
2.6743475245893933e-05,1.0,1e-04
1.8829299733624794e-05,1.0,1e-04
2.8900005418108776e-05,1.0,1e-04
1.7919777747010812e-05,1.0,1e-04
3.27243578794878e-05,1.0,1e-04
2.3168257030192763e-05,1.0,1e-04
2.303469955222681e-05,1.0,1e-04
1.5398642062791623e-05,1.0,1e-04
4.1396306187380105e-05,1.0,1e-04
1.8580796677269973e-05,1.0,1e-04
1.8182630810770206e-05,1.0,1e-04
2.0137496903771535e-05,1.0,1e-04
1.8723831090028398e-05,1.0,1e-04
2.0793164367205463e-05,1.0,1e-04
3.176603058818728e-05,1.0,1e-04
2.2514283045893535e-05,1.0,1e-04
1.717955274216365e-05,1.0,1e-04
2.2421945686801337e-05,1.0,1e-04
1.9380629964871332e-05,1.0,1e-04
3.018889037775807e-05,1.0,1e-04
3.240968726458959e-05,1.0,1e-04
2.7421638151281513e-05,1.0,1e-04
3.19859100272879e-05,1.0,1e-04
1.7429267245461233e-05,1.0,1e-04
2.2464313587988727e-05,1.0,1e-04
2.642586150614079e-05,1.0,1e-04
1.932215855049435e-05,1.0,1e-04
4.210143379168585e-05,1.0,1e-04
2.5792187443585135e-05,1.0,1e-04
3.6903722502756864e-05,1.0,1e-04
1.586353209859226e-05,1.0,1e-04
1.925065225805156e-05,1.0,1e-04
2.3037762730382383e-05,1.0,1e-04
2.0613721062545665e-05,1.0,1e-04
1.7357726392219774e-05,1.0,1e-04
1.7671842215349898e-05,1.0,1e-04
2.915547702286858e-05,1.0,1e-04
2.8098185794078745e-05,1.0,1e-04
2.8206062779645436e-05,1.0,1e-04
2.3208702259580605e-05,1.0,1e-04
1.8848844774765894e-05,1.0,1e-04
3.8002548535587266e-05,1.0,1e-04
1.7363690858474e-05,1.0,1e-04
2.0622099327738397e-05,1.0,1e-04
1.4742411622137297e-05,1.0,1e-04
2.3244894691742957e-05,1.0,1e-04
2.5726827516336925e-05,1.0,1e-04
6.067486901883967e-05,1.0,1e-04
3.263346297899261e-05,1.0,1e-04
1.981391505978536e-05,1.0,1e-04
2.7195750590180978e-05,1.0,1e-04
3.7266105209710076e-05,1.0,1e-04
3.539106546668336e-05,1.0,1e-04
1.62789219757542e-05,1.0,1e-04
2.144935933756642e-05,1.0,1e-04
2.673564995347988e-05,1.0,1e-04
2.3867945856181905e-05,1.0,1e-04
1.5833125871722586e-05,1.0,1e-04
1.4861002455290873e-05,1.0,1e-04
2.3744889404042624e-05,1.0,1e-04
1.987707946682349e-05,1.0,1e-04
2.234267958556302e-05,1.0,1e-04
1.6531052096979693e-05,1.0,1e-04
2.080309423035942e-05,1.0,1e-04
1.9945024178014137e-05,1.0,1e-04
1.5305064152926207e-05,1.0,1e-04
4.702494334196672e-05,1.0,1e-04
2.337598016310949e-05,1.0,1e-04
2.2242069462663494e-05,1.0,1e-04
2.552545629441738e-05,1.0,1e-04
2.884334207919892e-05,1.0,1e-04
1.784647611202672e-05,1.0,1e-04
1.9826444258796982e-05,1.0,1e-04
2.1070825823699124e-05,1.0,1e-04
3.601478965720162e-05,1.0,1e-04
5.5034426623024046e-05,1.0,1e-04
2.296959974046331e-05,1.0,1e-04
1.870472260634415e-05,1.0,1e-04
1.640346999920439e-05,1.0,1e-04
1.7885740817291662e-05,1.0,1e-04
1.5473699022550136e-05,1.0,1e-04
1.7994290828937665e-05,1.0,1e-04
2.004617635975592e-05,1.0,1e-04
2.0289491658331826e-05,1.0,1e-04
1.737438105919864e-05,1.0,1e-04
1.893114131235052e-05,1.0,1e-04
1.4238162293622736e-05,1.0,1e-04
4.6811281208647415e-05,1.0,1e-04
5.2951378165744245e-05,1.0,1e-04
2.684069113456644e-05,1.0,1e-04
2.3208585844258778e-05,1.0,1e-04
2.520690395613201e-05,1.0,1e-04
1.9308501578052528e-05,1.0,1e-04
4.3359996197978035e-05,1.0,1e-04
1.8383412680123e-05,1.0,1e-04
2.1953466784907505e-05,1.0,1e-04
3.349934195284732e-05,1.0,1e-04
1.4524845028063282e-05,1.0,1e-04
1.7457863577874377e-05,1.0,1e-04
3.149835538351908e-05,1.0,1e-04
1.3555712030210998e-05,1.0,1e-04
1.5082719983183779e-05,1.0,1e-04
2.175201734644361e-05,1.0,1e-04
1.959507426363416e-05,1.0,1e-04
1.586171129019931e-05,1.0,1e-04
1.4144582564767916e-05,1.0,1e-04
2.2222169718588702e-05,1.0,1e-04
1.5321131286327727e-05,1.0,1e-04
3.1293657229980454e-05,1.0,1e-04
1.3337576092453673e-05,1.0,1e-04
3.066023418796249e-05,1.0,1e-04
2.419824159005657e-05,1.0,1e-04
1.9232757040299475e-05,1.0,1e-04
2.1160849428270012e-05,1.0,1e-04
2.0954530555172823e-05,1.0,1e-04
3.2881125662242994e-05,1.0,1e-04
1.6128104107338004e-05,1.0,1e-04
3.205663233529776e-05,1.0,1e-04
2.0449781004572287e-05,1.0,1e-04
1.5173913197941147e-05,1.0,1e-04
2.080023114103824e-05,1.0,1e-04
1.61859679792542e-05,1.0,1e-04
2.477303678460885e-05,1.0,1e-04
1.474295731895836e-05,1.0,1e-04
2.4684970412636176e-05,1.0,1e-04
2.431477878417354e-05,1.0,1e-04
1.838108255469706e-05,1.0,1e-04
1.9354818505235016e-05,1.0,1e-04
2.643153493409045e-05,1.0,1e-04
1.9059869373450056e-05,1.0,1e-04
1.6899308320716955e-05,1.0,1e-04
2.0321000192780048e-05,1.0,1e-04
1.604409953870345e-05,1.0,1e-04
2.096165917464532e-05,1.0,1e-04
1.8938926586997695e-05,1.0,1e-04
2.034656426985748e-05,1.0,1e-04
2.2820349840912968e-05,1.0,1e-04
1.8956179701490328e-05,1.0,1e-04
1.612155210750643e-05,1.0,1e-04
1.2990678442292847e-05,1.0,1e-04
2.7083589884568937e-05,1.0,1e-04
2.3746373699395917e-05,1.0,1e-04
1.2288556717976462e-05,1.0,1e-04
1.6800395314930938e-05,1.0,1e-04
7.249829650390893e-05,1.0,1e-04
1.5600056940456852e-05,1.0,1e-04
1.4416948033613153e-05,1.0,1e-04
1.7438136637792923e-05,1.0,1e-04
4.5959543058415875e-05,1.0,1e-04
2.4153794583980925e-05,1.0,1e-04
1.455760320823174e-05,1.0,1e-04
1.465178866055794e-05,1.0,1e-04
2.284574838995468e-05,1.0,1e-04
1.4015243323228788e-05,1.0,1e-04
1.8841057681129314e-05,1.0,1e-04
1.3351258530747145e-05,1.0,1e-04
2.097722790495027e-05,1.0,1e-04
1.5181650269369129e-05,1.0,1e-04
2.222107650595717e-05,1.0,1e-04
1.4282243682828266e-05,1.0,1e-04
1.7732645574142225e-05,1.0,1e-04
1.771227289282251e-05,1.0,1e-04
1.4367487892741337e-05,1.0,1e-04
1.2208678526803851e-05,1.0,1e-04
2.329315793758724e-05,1.0,1e-04
1.9168795915902592e-05,1.0,1e-04
4.233145955367945e-05,1.0,1e-04
1.4821644981566351e-05,1.0,1e-04
2.2626085410593078e-05,1.0,1e-04
2.057236088148784e-05,1.0,1e-04
1.903004158521071e-05,1.0,1e-04
2.7926513212150894e-05,1.0,1e-04
2.6813062504515983e-05,1.0,1e-04
2.4804867280181497e-05,1.0,1e-04
3.380164707778022e-05,1.0,1e-04
2.9254408218548633e-05,1.0,1e-04
2.8968041078769602e-05,1.0,1e-04
2.6698733563534915e-05,1.0,1e-04
1.3058618606009986e-05,1.0,1e-04
1.6008345482987352e-05,1.0,1e-04
2.8077995011699386e-05,1.0,1e-04
1.2023320778098423e-05,1.0,1e-04
1.6211572074098513e-05,1.0,1e-04
1.5885538232396357e-05,1.0,1e-04
1.3878150639357045e-05,1.0,1e-04
1.8502001694287173e-05,1.0,1e-04
1.3711833162233233e-05,1.0,1e-04
5.5666547268629074e-05,1.0,1e-04
2.6650553991203196e-05,1.0,1e-04
1.367727145407116e-05,1.0,1e-04
1.6065536328824237e-05,1.0,1e-04
1.751440140651539e-05,1.0,1e-04
3.1317347747972235e-05,1.0,1e-04
3.400223795324564e-05,1.0,1e-04
1.200305632664822e-05,1.0,1e-04
1.3905539162806235e-05,1.0,1e-04
2.2900509065948427e-05,1.0,1e-04
1.1555435776244849e-05,1.0,1e-04
1.0834835848072544e-05,1.0,1e-04
2.8819651561207138e-05,1.0,1e-04
1.239283665199764e-05,1.0,1e-04
1.2404774679453112e-05,1.0,1e-04
3.529235618771054e-05,1.0,1e-04
1.791895556380041e-05,1.0,1e-04
1.1853433534270152e-05,1.0,1e-04
2.0643896277761087e-05,1.0,1e-04
1.4612984159612097e-05,1.0,1e-04
1.4701255167892668e-05,1.0,1e-04
1.715501093713101e-05,1.0,1e-04
2.2187869035406038e-05,1.0,1e-04
2.3655136828892864e-05,1.0,1e-04
4.021204949822277e-05,1.0,1e-04
1.4183897292241454e-05,1.0,1e-04
2.081629281747155e-05,1.0,1e-04
1.734992656565737e-05,1.0,1e-04
2.0773384676431306e-05,1.0,1e-04
2.216996654169634e-05,1.0,1e-04
1.5132703993003815e-05,1.0,1e-04
1.470421102567343e-05,1.0,1e-04
1.543671532999724e-05,1.0,1e-04
3.961746551794931e-05,1.0,1e-04
2.069086804112885e-05,1.0,1e-04
1.212881034007296e-05,1.0,1e-04
2.5088009351748042e-05,1.0,1e-04
1.3178398148738779e-05,1.0,1e-04
1.9463188436930068e-05,1.0,1e-04
1.2916749255964532e-05,1.0,1e-04
1.5272811651811935e-05,1.0,1e-04
2.5039398678927682e-05,1.0,1e-04
1.4424677829083521e-05,1.0,1e-04
1.8354096027906053e-05,1.0,1e-04
1.5960633390932344e-05,1.0,1e-04
2.0514622519840486e-05,1.0,1e-04
2.2063581127440557e-05,1.0,1e-04
3.052906322409399e-05,1.0,1e-04
2.681094156287145e-05,1.0,1e-04
1.6600091839791276e-05,1.0,1e-04
1.4983760593167972e-05,1.0,1e-04
3.652143641375005e-05,1.0,1e-04
1.3036504242336378e-05,1.0,1e-04
1.4843074495729525e-05,1.0,1e-04
1.6266354577965103e-05,1.0,1e-04
1.5167231140367221e-05,1.0,1e-04
1.833156420616433e-05,1.0,1e-04
1.212581992149353e-05,1.0,1e-04
1.848349165811669e-05,1.0,1e-04
1.1936286682612263e-05,1.0,1e-04
1.3318473975232337e-05,1.0,1e-04
