loss,accuracy,lr
2.0265469551086426,0.19499999284744263,0.001
0.9062104225158691,0.7049999833106995,0.001
0.6630790829658508,0.800000011920929,0.001
0.5461196303367615,0.8199999928474426,0.001
0.4632682502269745,0.8299999833106995,0.001
0.37899574637413025,0.8899999856948853,0.001
0.39517584443092346,0.8949999809265137,0.001
0.3834519684314728,0.9049999713897705,0.001
0.3155285120010376,0.925000011920929,0.001
0.23487460613250732,0.9449999928474426,0.001
0.24208250641822815,0.925000011920929,0.001
0.1901276558637619,0.9549999833106995,0.001
0.18237978219985962,0.9700000286102295,0.001
0.1265607327222824,0.9800000190734863,0.001
0.10002526640892029,0.9900000095367432,0.001
0.07771074026823044,0.9950000047683716,0.001
0.12921296060085297,0.9599999785423279,0.001
0.16229885816574097,0.9449999928474426,0.001
0.25181806087493896,0.9449999928474426,0.001
0.23731587827205658,0.9399999976158142,0.001
0.2128242701292038,0.9549999833106995,0.001
0.17698901891708374,0.949999988079071,0.001
0.1566731333732605,0.9800000190734863,0.001
0.2060299813747406,0.9449999928474426,0.001
0.16932101547718048,0.9700000286102295,0.001
0.15845923125743866,0.9449999928474426,0.001
0.08116338402032852,1.0,0.00020000001
0.08242762833833694,1.0,0.00020000001
0.08196540921926498,0.9950000047683716,0.00020000001
0.05197266489267349,0.9950000047683716,0.00020000001
0.05705277994275093,0.9950000047683716,0.00020000001
0.04031263291835785,1.0,0.00020000001
0.039826348423957825,1.0,0.00020000001
0.041947007179260254,1.0,0.00020000001
0.06914021819829941,0.9950000047683716,0.00020000001
0.03644706308841705,1.0,0.00020000001
0.04861597716808319,0.9900000095367432,0.00020000001
0.055822648108005524,0.9900000095367432,0.00020000001
0.04438500478863716,0.9950000047683716,0.00020000001
0.03394357115030289,1.0,0.00020000001
0.029902392998337746,1.0,0.00020000001
0.03529459610581398,0.9950000047683716,0.00020000001
0.02423514425754547,1.0,0.00020000001
0.03312000632286072,0.9950000047683716,0.00020000001
0.027655838057398796,1.0,0.00020000001
0.04918549582362175,0.9900000095367432,0.00020000001
0.02811504900455475,1.0,0.00020000001
0.02396148443222046,1.0,0.00020000001
0.024963503703475,1.0,0.00020000001
0.028049713000655174,1.0,0.00020000001
0.02404141239821911,1.0,0.00020000001
0.020892515778541565,1.0,0.00020000001
0.022054776549339294,1.0,0.00020000001
0.020560016855597496,1.0,0.00020000001
0.017643101513385773,1.0,0.00020000001
0.0208198931068182,1.0,0.00020000001
0.015551145188510418,1.0,0.00020000001
0.014849538914859295,1.0,0.00020000001
0.014122407883405685,1.0,0.00020000001
0.012260290794074535,1.0,0.00020000001
0.013381329365074635,1.0,0.00020000001
0.015671750530600548,1.0,0.00020000001
0.011987723410129547,1.0,0.00020000001
0.013036682270467281,1.0,0.00020000001
0.011267581023275852,1.0,0.00020000001
0.01048630103468895,1.0,0.00020000001
0.012910118326544762,1.0,0.00020000001
0.008767180144786835,1.0,0.00020000001
0.012570342980325222,1.0,0.00020000001
0.009265465661883354,1.0,0.00020000001
0.00809271540492773,1.0,0.00020000001
0.009504898451268673,1.0,0.00020000001
0.00898788496851921,1.0,0.00020000001
0.010221805423498154,1.0,0.00020000001
0.009083193726837635,1.0,0.00020000001
0.01579177938401699,1.0,0.00020000001
0.017076771706342697,1.0,0.00020000001
0.017935579642653465,1.0,0.00020000001
0.03574489429593086,0.9950000047683716,0.00020000001
0.02236422710120678,1.0,0.00020000001
0.024068089202046394,0.9900000095367432,0.00020000001
0.02283294126391411,0.9900000095367432,1e-04
0.01645122654736042,0.9950000047683716,1e-04
0.02587796002626419,1.0,1e-04
0.015092408284544945,1.0,1e-04
0.013605808839201927,1.0,1e-04
0.01508808508515358,1.0,1e-04
0.011892673559486866,1.0,1e-04
0.03638949990272522,0.9900000095367432,1e-04
0.013880488462746143,1.0,1e-04
0.02608230523765087,0.9950000047683716,1e-04
0.017201915383338928,1.0,1e-04
0.0200054831802845,1.0,1e-04
0.0197996124625206,0.9950000047683716,1e-04
0.01371670700609684,1.0,1e-04
0.014564400538802147,1.0,1e-04
0.016591286286711693,1.0,1e-04
0.01148762833327055,1.0,1e-04
0.01102675125002861,1.0,1e-04
0.009857443161308765,1.0,1e-04
0.012901267036795616,1.0,1e-04
0.013948383741080761,1.0,1e-04
0.012012588791549206,1.0,1e-04
0.010740377008914948,1.0,1e-04
0.01064198836684227,1.0,1e-04
0.008895796723663807,1.0,1e-04
0.02350301295518875,1.0,1e-04
0.009991463273763657,1.0,1e-04
0.008344851434230804,1.0,1e-04
0.007832011207938194,1.0,1e-04
0.006304958835244179,1.0,1e-04
0.007967006415128708,1.0,1e-04
0.006142184603959322,1.0,1e-04
0.007640915457159281,1.0,1e-04
0.007875198498368263,1.0,1e-04
0.006148059386759996,1.0,1e-04
0.007454116363078356,1.0,1e-04
0.00822362955659628,1.0,1e-04
0.0071190763264894485,1.0,1e-04
0.006897380575537682,1.0,1e-04
0.005638447590172291,1.0,1e-04
0.019808268174529076,0.9900000095367432,1e-04
0.007545871660113335,1.0,1e-04
0.0059968410059809685,1.0,1e-04
0.006759156007319689,1.0,1e-04
0.0072332387790083885,1.0,1e-04
0.008812316693365574,1.0,1e-04
0.0068422178737819195,1.0,1e-04
0.010236036963760853,1.0,1e-04
0.008004987612366676,1.0,1e-04
0.0055107916705310345,1.0,1e-04
0.010589833371341228,1.0,1e-04
0.009335202164947987,1.0,1e-04
0.01137829665094614,1.0,1e-04
0.010204212740063667,1.0,1e-04
0.014489739201962948,0.9950000047683716,1e-04
0.008275236003100872,1.0,1e-04
0.005988995544612408,1.0,1e-04
0.009960658848285675,1.0,1e-04
0.021387241780757904,0.9950000047683716,1e-04
0.010342958383262157,1.0,1e-04
0.008757704868912697,1.0,1e-04
0.008226067759096622,1.0,1e-04
0.008173984475433826,1.0,1e-04
0.006159939803183079,1.0,1e-04
0.005248032044619322,1.0,1e-04
0.023545367643237114,0.9950000047683716,1e-04
0.006606134586036205,1.0,1e-04
0.017755812034010887,1.0,1e-04
0.020547527819871902,0.9950000047683716,1e-04
0.022343482822179794,1.0,1e-04
0.012063341215252876,1.0,1e-04
0.010817748494446278,1.0,1e-04
0.013000371865928173,1.0,1e-04
0.013611651957035065,1.0,1e-04
0.013317675329744816,1.0,1e-04
0.014594611711800098,1.0,1e-04
0.015479876659810543,1.0,1e-04
0.0059533677995204926,1.0,1e-04
0.0055768718011677265,1.0,1e-04
0.006471538916230202,1.0,1e-04
0.008092479780316353,1.0,1e-04
0.006424886640161276,1.0,1e-04
0.0061489432118833065,1.0,1e-04
0.004846247378736734,1.0,1e-04
0.005595534574240446,1.0,1e-04
0.017647694796323776,1.0,1e-04
0.012192091904580593,1.0,1e-04
0.006356558762490749,1.0,1e-04
0.006575492210686207,1.0,1e-04
0.012786857783794403,0.9950000047683716,1e-04
0.014169757254421711,1.0,1e-04
0.014015339314937592,1.0,1e-04
0.005222122650593519,1.0,1e-04
0.008746393024921417,1.0,1e-04
0.010626247152686119,1.0,1e-04
0.011107534170150757,1.0,1e-04
0.009888287633657455,1.0,1e-04
0.01083544734865427,1.0,1e-04
0.005722171161323786,1.0,1e-04
0.0076461052522063255,1.0,1e-04
0.00518710445612669,1.0,1e-04
0.011932427994906902,0.9950000047683716,1e-04
0.004772564396262169,1.0,1e-04
0.004353189375251532,1.0,1e-04
0.0053949421271681786,1.0,1e-04
0.025873957201838493,0.9950000047683716,1e-04
0.013419156894087791,1.0,1e-04
0.05538906529545784,0.9850000143051147,1e-04
0.05608643591403961,0.9900000095367432,1e-04
0.028122825548052788,0.9900000095367432,1e-04
0.017459943890571594,1.0,1e-04
0.008384401910007,1.0,1e-04
0.012680021114647388,1.0,1e-04
0.01665876805782318,1.0,1e-04
0.005978659261018038,1.0,1e-04
0.006775198504328728,1.0,1e-04
0.006234778091311455,1.0,1e-04
0.005454725585877895,1.0,1e-04
0.013289364986121655,1.0,1e-04
0.006683683488518,1.0,1e-04
0.006163114681839943,1.0,1e-04
0.007295931689441204,1.0,1e-04
0.008041726425290108,1.0,1e-04
0.013067947700619698,0.9950000047683716,1e-04
0.008080563507974148,1.0,1e-04
0.0148233100771904,0.9950000047683716,1e-04
0.020083894953131676,0.9950000047683716,1e-04
0.02462385594844818,0.9950000047683716,1e-04
0.009593487717211246,1.0,1e-04
0.006766119971871376,1.0,1e-04
0.010746151208877563,1.0,1e-04
0.011565173044800758,1.0,1e-04
0.01574154570698738,0.9950000047683716,1e-04
0.007058287970721722,1.0,1e-04
0.006057864986360073,1.0,1e-04
0.009130170568823814,1.0,1e-04
0.0102291414514184,1.0,1e-04
0.006543346680700779,1.0,1e-04
0.00871641281992197,1.0,1e-04
0.02497379295527935,0.9900000095367432,1e-04
0.004426742438226938,1.0,1e-04
0.007045714650303125,1.0,1e-04
0.00638752244412899,1.0,1e-04
0.0094055887311697,1.0,1e-04
0.007101929280906916,1.0,1e-04
0.007544149644672871,1.0,1e-04
0.005717871710658073,1.0,1e-04
0.004748217295855284,1.0,1e-04
0.010310533456504345,1.0,1e-04
0.005248376168310642,1.0,1e-04
0.003381893737241626,1.0,1e-04
0.00430786469951272,1.0,1e-04
0.004357700236141682,1.0,1e-04
0.003059948794543743,1.0,1e-04
0.00557271484285593,1.0,1e-04
0.0035043670795857906,1.0,1e-04
0.004134343471378088,1.0,1e-04
0.0032008206471800804,1.0,1e-04
0.003362493822351098,1.0,1e-04
0.004108947701752186,1.0,1e-04
0.0030622584745287895,1.0,1e-04
0.003348976606503129,1.0,1e-04
0.0059476508758962154,1.0,1e-04
0.0053713065572083,1.0,1e-04
0.003155715996399522,1.0,1e-04
0.009128260426223278,0.9950000047683716,1e-04
0.004001493565738201,1.0,1e-04
0.0031100178603082895,1.0,1e-04
0.0059935059398412704,1.0,1e-04
0.003591058775782585,1.0,1e-04
0.003757031634449959,1.0,1e-04
0.006198906805366278,1.0,1e-04
0.009889792650938034,1.0,1e-04
0.003631272818893194,1.0,1e-04
0.004654782358556986,1.0,1e-04
0.0035935265477746725,1.0,1e-04
0.003978371154516935,1.0,1e-04
0.0036109641660004854,1.0,1e-04
0.003871099092066288,1.0,1e-04
0.0030253485310822725,1.0,1e-04
0.004109890665858984,1.0,1e-04
0.002774470951408148,1.0,1e-04
0.0032604685984551907,1.0,1e-04
0.0021846983581781387,1.0,1e-04
0.003293633460998535,1.0,1e-04
0.0023839673958718777,1.0,1e-04
0.0019665760919451714,1.0,1e-04
0.0021523875184357166,1.0,1e-04
0.0023243208415806293,1.0,1e-04
0.0025224864948540926,1.0,1e-04
0.004175621084868908,1.0,1e-04
0.003006079699844122,1.0,1e-04
0.002572429133579135,1.0,1e-04
0.0026365285739302635,1.0,1e-04
0.0021140924654901028,1.0,1e-04
0.0029714994598180056,1.0,1e-04
0.002409227890893817,1.0,1e-04
0.002132963389158249,1.0,1e-04
0.003483925713226199,1.0,1e-04
0.0056218551471829414,1.0,1e-04
0.0019345630425959826,1.0,1e-04
0.007137219421565533,1.0,1e-04
0.003399419831112027,1.0,1e-04
0.014533099718391895,0.9950000047683716,1e-04
0.002877301536500454,1.0,1e-04
0.0025392738170921803,1.0,1e-04
0.0033866241574287415,1.0,1e-04
0.005047298036515713,1.0,1e-04
0.004330660682171583,1.0,1e-04
0.0033272153232246637,1.0,1e-04
0.004723993130028248,1.0,1e-04
0.005037577822804451,1.0,1e-04
0.0026831405702978373,1.0,1e-04
0.00285952421836555,1.0,1e-04
0.002629679162055254,1.0,1e-04
0.0021183721255511045,1.0,1e-04
0.0029166131280362606,1.0,1e-04
0.002556878374889493,1.0,1e-04
0.007214946672320366,1.0,1e-04
0.002280773129314184,1.0,1e-04
0.004595642909407616,1.0,1e-04
0.012286598794162273,1.0,1e-04
0.01521230861544609,0.9950000047683716,1e-04
0.006362008396536112,1.0,1e-04
0.0061430130153894424,1.0,1e-04
0.0049566663801670074,1.0,1e-04
0.0023542277049273252,1.0,1e-04
0.0028137587942183018,1.0,1e-04
0.003531052963808179,1.0,1e-04
0.0035964613780379295,1.0,1e-04
0.0028437559958547354,1.0,1e-04
0.0028178372886031866,1.0,1e-04
0.006208492908626795,1.0,1e-04
0.002467160113155842,1.0,1e-04
0.002057497389614582,1.0,1e-04
0.002020665444433689,1.0,1e-04
0.004513745196163654,1.0,1e-04
0.004425934050232172,1.0,1e-04
0.0026488688308745623,1.0,1e-04
0.005311955232173204,1.0,1e-04
0.0022228986490517855,1.0,1e-04
0.005951872561126947,1.0,1e-04
0.002374827628955245,1.0,1e-04
0.005174589343369007,1.0,1e-04
0.005078309215605259,1.0,1e-04
0.0021200638730078936,1.0,1e-04
0.002411691937595606,1.0,1e-04
0.0040840329602360725,1.0,1e-04
0.003096566302701831,1.0,1e-04
0.0023700895253568888,1.0,1e-04
0.0028303582221269608,1.0,1e-04
0.002187079517170787,1.0,1e-04
0.0032772081904113293,1.0,1e-04
0.0023088485468178988,1.0,1e-04
0.0024791411124169827,1.0,1e-04
0.002111288718879223,1.0,1e-04
0.0018720615189522505,1.0,1e-04
0.0025864960625767708,1.0,1e-04
0.0019121118821203709,1.0,1e-04
0.0020612517837435007,1.0,1e-04
0.0017111051129177213,1.0,1e-04
0.0019599981606006622,1.0,1e-04
0.0017962561687454581,1.0,1e-04
0.0024074765387922525,1.0,1e-04
0.005139913409948349,1.0,1e-04
0.001680666347965598,1.0,1e-04
0.003196120262145996,1.0,1e-04
0.004001403693109751,1.0,1e-04
0.004225863143801689,1.0,1e-04
0.0035573020577430725,1.0,1e-04
0.0022488152608275414,1.0,1e-04
0.002937461482360959,1.0,1e-04
0.001373333390802145,1.0,1e-04
0.00183147715870291,1.0,1e-04
0.0016275451052933931,1.0,1e-04
0.0013579183723777533,1.0,1e-04
0.0015154624124988914,1.0,1e-04
0.0021567074581980705,1.0,1e-04
0.002106232102960348,1.0,1e-04
0.0028761655557900667,1.0,1e-04
0.0020504132844507694,1.0,1e-04
0.001569321728311479,1.0,1e-04
0.002351956209167838,1.0,1e-04
0.024013031274080276,0.9950000047683716,1e-04
0.005502022337168455,1.0,1e-04
0.009269560687243938,0.9950000047683716,1e-04
0.016247114166617393,0.9950000047683716,1e-04
0.01401479821652174,1.0,1e-04
0.011547666974365711,1.0,1e-04
0.010332333855330944,1.0,1e-04
0.013564513996243477,1.0,1e-04
0.009695825167000294,1.0,1e-04
0.0059739393182098866,1.0,1e-04
0.004978792276233435,1.0,1e-04
0.007737865671515465,1.0,1e-04
0.003216274781152606,1.0,1e-04
0.003372948383912444,1.0,1e-04
0.003229452995583415,1.0,1e-04
0.0035432428121566772,1.0,1e-04
0.004773171618580818,1.0,1e-04
0.004695975687354803,1.0,1e-04
0.0020544803701341152,1.0,1e-04
0.002576354658231139,1.0,1e-04
0.009641368873417377,1.0,1e-04
0.0032604343723505735,1.0,1e-04
0.01049432996660471,0.9950000047683716,1e-04
0.014950037002563477,0.9950000047683716,1e-04
0.0073957075364887714,1.0,1e-04
0.0035197893157601357,1.0,1e-04
0.005047761369496584,1.0,1e-04
0.003045513527467847,1.0,1e-04
0.0031766952015459538,1.0,1e-04
0.007083028554916382,1.0,1e-04
0.003883862867951393,1.0,1e-04
0.003463404718786478,1.0,1e-04
0.0038256177213042974,1.0,1e-04
0.007316733710467815,0.9950000047683716,1e-04
0.002768972422927618,1.0,1e-04
0.007020149379968643,1.0,1e-04
0.004409030079841614,1.0,1e-04
0.0043183304369449615,1.0,1e-04
0.004390447400510311,1.0,1e-04
0.0035476621706038713,1.0,1e-04
0.003400647547096014,1.0,1e-04
0.004232564941048622,1.0,1e-04
0.002547565381973982,1.0,1e-04
0.0030213207937777042,1.0,1e-04
0.0018306635320186615,1.0,1e-04
0.003915371373295784,1.0,1e-04
0.0028464854694902897,1.0,1e-04
0.0026285341009497643,1.0,1e-04
0.0027144402265548706,1.0,1e-04
0.002395177260041237,1.0,1e-04
0.0016245358856394887,1.0,1e-04
0.004755941219627857,1.0,1e-04
0.002174354624003172,1.0,1e-04
0.003260820172727108,1.0,1e-04
0.0030813710764050484,1.0,1e-04
0.0030685842502862215,1.0,1e-04
0.0032898441422730684,1.0,1e-04
0.0023816698230803013,1.0,1e-04
0.006690074224025011,1.0,1e-04
0.002249095356091857,1.0,1e-04
0.002366097643971443,1.0,1e-04
0.01550934836268425,0.9950000047683716,1e-04
0.0033530653454363346,1.0,1e-04
0.006161918863654137,1.0,1e-04
0.007289351895451546,1.0,1e-04
0.007167235482484102,1.0,1e-04
0.008640002459287643,1.0,1e-04
0.005537556950002909,1.0,1e-04
0.004478869494050741,1.0,1e-04
0.0027023584116250277,1.0,1e-04
0.0026614333037286997,1.0,1e-04
0.0017053154297173023,1.0,1e-04
0.007464365568011999,1.0,1e-04
0.0017702610930427909,1.0,1e-04
0.002358954632654786,1.0,1e-04
0.0028411417733877897,1.0,1e-04
0.0064573208801448345,1.0,1e-04
0.0035440728534013033,1.0,1e-04
0.002552265767008066,1.0,1e-04
0.0053788721561431885,1.0,1e-04
0.0035612850915640593,1.0,1e-04
0.007136859931051731,1.0,1e-04
0.006118993740528822,1.0,1e-04
0.004309010226279497,1.0,1e-04
0.006697896867990494,1.0,1e-04
0.005465884227305651,1.0,1e-04
0.005469032563269138,1.0,1e-04
0.0025259575340896845,1.0,1e-04
0.003170415759086609,1.0,1e-04
0.003060627495869994,1.0,1e-04
0.0018448269693180919,1.0,1e-04
0.0018640074413269758,1.0,1e-04
0.001635427470318973,1.0,1e-04
0.001740241190418601,1.0,1e-04
0.0022369513753801584,1.0,1e-04
0.005326003301888704,1.0,1e-04
0.0020719163585454226,1.0,1e-04
0.002074479591101408,1.0,1e-04
0.0013525278773158789,1.0,1e-04
0.0014430107548832893,1.0,1e-04
0.0017318256432190537,1.0,1e-04
0.002537910593673587,1.0,1e-04
0.0015078086871653795,1.0,1e-04
0.0014355883467942476,1.0,1e-04
0.0015013414667919278,1.0,1e-04
0.035041261464357376,0.9850000143051147,1e-04
0.004738088697195053,1.0,1e-04
0.006661750841885805,1.0,1e-04
0.014106187969446182,1.0,1e-04
0.008788328617811203,1.0,1e-04
0.006905755959451199,1.0,1e-04
0.005745772272348404,1.0,1e-04
0.004363170359283686,1.0,1e-04
0.008989990688860416,0.9950000047683716,1e-04
0.004429614637047052,1.0,1e-04
0.005828181281685829,1.0,1e-04
0.009104623459279537,1.0,1e-04
0.006731221452355385,1.0,1e-04
0.0053697871044278145,1.0,1e-04
0.005753365345299244,1.0,1e-04
0.004234489984810352,1.0,1e-04
0.003391985548660159,1.0,1e-04
0.003334308508783579,1.0,1e-04
0.0026284309569746256,1.0,1e-04
0.0022977804765105247,1.0,1e-04
0.002528439974412322,1.0,1e-04
0.002658155048266053,1.0,1e-04
0.007292745169252157,1.0,1e-04
0.0017773418221622705,1.0,1e-04
0.002257646294310689,1.0,1e-04
0.002348397858440876,1.0,1e-04
0.0030829841271042824,1.0,1e-04
0.0030937655828893185,1.0,1e-04
0.0039260489866137505,1.0,1e-04
0.011870045214891434,0.9950000047683716,1e-04
0.0025679876562207937,1.0,1e-04
0.0034013944678008556,1.0,1e-04
0.004386782180517912,1.0,1e-04
0.008059666492044926,1.0,1e-04
0.0035261064767837524,1.0,1e-04
0.002989086788147688,1.0,1e-04
0.0022156776394695044,1.0,1e-04
0.002080793958157301,1.0,1e-04
0.0015884883468970656,1.0,1e-04
0.0016197322402149439,1.0,1e-04
0.001888929633423686,1.0,1e-04
0.0036750538274645805,1.0,1e-04
0.0022825077176094055,1.0,1e-04
0.0028135054744780064,1.0,1e-04
0.008683686144649982,0.9950000047683716,1e-04
0.0014090564800426364,1.0,1e-04
0.002164010191336274,1.0,1e-04
0.0025941599160432816,1.0,1e-04
0.0032324634958058596,1.0,1e-04
0.0046984367072582245,1.0,1e-04
0.005082456860691309,1.0,1e-04
0.002972171874716878,1.0,1e-04
0.008625178597867489,1.0,1e-04
0.0032394034788012505,1.0,1e-04
0.004377023316919804,1.0,1e-04
0.0033890800550580025,1.0,1e-04
0.0032667801715433598,1.0,1e-04
0.002621869556605816,1.0,1e-04
0.0030826276633888483,1.0,1e-04
0.0025759325362741947,1.0,1e-04
0.0037515664007514715,1.0,1e-04
0.00258381268940866,1.0,1e-04
0.00239924225024879,1.0,1e-04
0.001860076212324202,1.0,1e-04
0.0024260699283331633,1.0,1e-04
0.0022568977437913418,1.0,1e-04
0.0018801998812705278,1.0,1e-04
0.00549117149785161,1.0,1e-04
0.0013424797216430306,1.0,1e-04
0.0024765250273048878,1.0,1e-04
0.007850767113268375,0.9950000047683716,1e-04
0.0023271525278687477,1.0,1e-04
0.0012028325581923127,1.0,1e-04
0.001393812708556652,1.0,1e-04
0.0019684082362800837,1.0,1e-04
0.0016122699016705155,1.0,1e-04
0.003188646398484707,1.0,1e-04
0.001341786584816873,1.0,1e-04
0.0022979816421866417,1.0,1e-04
0.0017357441829517484,1.0,1e-04
0.002988441614434123,1.0,1e-04
0.0012423506705090404,1.0,1e-04
0.0037177903577685356,1.0,1e-04
0.002857984509319067,1.0,1e-04
0.0013097375631332397,1.0,1e-04
0.0020854552276432514,1.0,1e-04
0.0015794120263308287,1.0,1e-04
0.0013679888797923923,1.0,1e-04
0.002317753853276372,1.0,1e-04
0.0011439704103395343,1.0,1e-04
0.004878429230302572,0.9950000047683716,1e-04
0.0033002812415361404,1.0,1e-04
0.006593806203454733,0.9950000047683716,1e-04
0.01227862574160099,0.9950000047683716,1e-04
0.008756279945373535,0.9950000047683716,1e-04
0.0015159217873588204,1.0,1e-04
0.004050707444548607,1.0,1e-04
0.0026332030538469553,1.0,1e-04
0.0013568662106990814,1.0,1e-04
0.0016754568787291646,1.0,1e-04
0.0012610742123797536,1.0,1e-04
0.0015813070349395275,1.0,1e-04
0.001166340196505189,1.0,1e-04
0.006541697774082422,0.9950000047683716,1e-04
0.0011163195595145226,1.0,1e-04
0.0016541328513994813,1.0,1e-04
0.0028598192147910595,1.0,1e-04
0.0035819485783576965,1.0,1e-04
0.005083397496491671,1.0,1e-04
0.0025136130861938,1.0,1e-04
0.0021240601781755686,1.0,1e-04
0.0027633875142782927,1.0,1e-04
0.0019378787837922573,1.0,1e-04
0.002102987375110388,1.0,1e-04
0.0020852352026849985,1.0,1e-04
0.0019388347864151,1.0,1e-04
0.003026715014129877,1.0,1e-04
0.0013313848758116364,1.0,1e-04
0.0016834379639476538,1.0,1e-04
0.003600055817514658,1.0,1e-04
0.00162232865113765,1.0,1e-04
0.001271109445951879,1.0,1e-04
0.0015847280155867338,1.0,1e-04
0.0017273128032684326,1.0,1e-04
0.002871081465855241,1.0,1e-04
0.001477500656619668,1.0,1e-04
0.0014887484721839428,1.0,1e-04
0.0012112866388633847,1.0,1e-04
0.0013706120662391186,1.0,1e-04
0.0012920888839289546,1.0,1e-04
0.001111880992539227,1.0,1e-04
0.0011808468261733651,1.0,1e-04
0.0011745860101655126,1.0,1e-04
0.0009690466686151922,1.0,1e-04
0.0009723148541525006,1.0,1e-04
0.0011043434496968985,1.0,1e-04
0.0008852830505929887,1.0,1e-04
0.0007149313460104167,1.0,1e-04
0.0007596647483296692,1.0,1e-04
0.0006571821868419647,1.0,1e-04
0.0009947104845196009,1.0,1e-04
0.0006846092874184251,1.0,1e-04
0.0009836188983172178,1.0,1e-04
0.00063483597477898,1.0,1e-04
0.0017023524269461632,1.0,1e-04
0.0007849230896681547,1.0,1e-04
0.0023410527501255274,1.0,1e-04
0.00069762411294505,1.0,1e-04
0.0010587065480649471,1.0,1e-04
0.0012954805279150605,1.0,1e-04
0.0011877078795805573,1.0,1e-04
0.000993895111605525,1.0,1e-04
0.0007556013879366219,1.0,1e-04
0.0008026126306504011,1.0,1e-04
0.0007787029608152807,1.0,1e-04
0.0007577751530334353,1.0,1e-04
0.0009289233130402863,1.0,1e-04
0.0007070608553476632,1.0,1e-04
0.0008108363253995776,1.0,1e-04
0.0006450379732996225,1.0,1e-04
0.000605723587796092,1.0,1e-04
0.0008267968660220504,1.0,1e-04
0.0005891165346838534,1.0,1e-04
0.0007844911306165159,1.0,1e-04
0.0008291697013191879,1.0,1e-04
0.0032375899609178305,1.0,1e-04
0.0008377998601645231,1.0,1e-04
0.0008336560567840934,1.0,1e-04
0.0009364491561427712,1.0,1e-04
0.001367950695566833,1.0,1e-04
0.0009148927638307214,1.0,1e-04
0.0012816633097827435,1.0,1e-04
0.00405615009367466,1.0,1e-04
0.0008528953767381608,1.0,1e-04
0.0009456026600673795,1.0,1e-04
0.0020650068763643503,1.0,1e-04
0.0015655761817470193,1.0,1e-04
0.0009715236956253648,1.0,1e-04
0.0011768350377678871,1.0,1e-04
0.001909017562866211,1.0,1e-04
0.0010990493465214968,1.0,1e-04
0.003310093656182289,1.0,1e-04
0.000846230483148247,1.0,1e-04
0.001895295805297792,1.0,1e-04
0.0022569727152585983,1.0,1e-04
0.003554619150236249,1.0,1e-04
0.003910583443939686,1.0,1e-04
0.004726069048047066,1.0,1e-04
0.005029032006859779,1.0,1e-04
0.001062419731169939,1.0,1e-04
0.0008589591598138213,1.0,1e-04
0.0020026862621307373,1.0,1e-04
0.0034669125452637672,1.0,1e-04
0.002073094015941024,1.0,1e-04
0.002079661237075925,1.0,1e-04
0.0022066854871809483,1.0,1e-04
0.0018062025774270296,1.0,1e-04
0.0035931554157286882,1.0,1e-04
0.0014746661763638258,1.0,1e-04
0.001201687497086823,1.0,1e-04
0.0010555707849562168,1.0,1e-04
0.002820535795763135,1.0,1e-04
0.0028173744212836027,1.0,1e-04
0.0007510481518693268,1.0,1e-04
0.0015514588449150324,1.0,1e-04
0.0015591796254739165,1.0,1e-04
0.002430067164823413,1.0,1e-04
0.0019628903828561306,1.0,1e-04
0.002223670482635498,1.0,1e-04
0.002030373550951481,1.0,1e-04
0.0016264382284134626,1.0,1e-04
0.002257254673168063,1.0,1e-04
0.004283695016056299,1.0,1e-04
0.0018577947048470378,1.0,1e-04
0.0007814065902493894,1.0,1e-04
0.0019254928920418024,1.0,1e-04
0.0007519180071540177,1.0,1e-04
0.0007767557399347425,1.0,1e-04
0.0009558791643939912,1.0,1e-04
0.0012406506575644016,1.0,1e-04
0.000914954929612577,1.0,1e-04
0.0008438871009275317,1.0,1e-04
0.0005934893852099776,1.0,1e-04
0.000812339480035007,1.0,1e-04
0.0008793604210950434,1.0,1e-04
0.0004737490671686828,1.0,1e-04
0.0014687713701277971,1.0,1e-04
0.0005350306164473295,1.0,1e-04
0.0006314575439319015,1.0,1e-04
0.0011309577384963632,1.0,1e-04
0.0011777249164879322,1.0,1e-04
0.0005275743897072971,1.0,1e-04
0.00047609879402443767,1.0,1e-04
0.0004523218085523695,1.0,1e-04
0.0005705258809030056,1.0,1e-04
0.0006090641254559159,1.0,1e-04
0.0006177871837280691,1.0,1e-04
0.005534520838409662,1.0,1e-04
0.0005029684398323298,1.0,1e-04
0.0021082654129713774,1.0,1e-04
0.0039029386825859547,1.0,1e-04
0.0013369829393923283,1.0,1e-04
0.0018766173161566257,1.0,1e-04
0.0010313347447663546,1.0,1e-04
0.0013064335798844695,1.0,1e-04
0.0033355422783643007,1.0,1e-04
0.0009939044248312712,1.0,1e-04
0.0009116081637330353,1.0,1e-04
0.004849723074585199,1.0,1e-04
0.002019895939156413,1.0,1e-04
0.037976764142513275,0.9900000095367432,1e-04
0.029771041125059128,0.9950000047683716,1e-04
0.009976016357541084,0.9950000047683716,1e-04
0.005669561214745045,1.0,1e-04
0.007250325288623571,1.0,1e-04
0.0033099958673119545,1.0,1e-04
0.0033653147984296083,1.0,1e-04
0.0022163433022797108,1.0,1e-04
0.001664727577008307,1.0,1e-04
0.001729192677885294,1.0,1e-04
0.0018766936846077442,1.0,1e-04
0.0062254201620817184,1.0,1e-04
0.004085145890712738,1.0,1e-04
0.003105773823335767,1.0,1e-04
0.005933810491114855,1.0,1e-04
0.0027534940745681524,1.0,1e-04
0.008382820524275303,1.0,1e-04
0.003311749082058668,1.0,1e-04
0.005734316073358059,1.0,1e-04
0.004548232536762953,1.0,1e-04
0.0043187690898776054,1.0,1e-04
0.0029525356367230415,1.0,1e-04
0.004721580073237419,1.0,1e-04
0.001955946208909154,1.0,1e-04
0.0258281659334898,0.9900000095367432,1e-04
0.004683197010308504,1.0,1e-04
0.016821471974253654,1.0,1e-04
0.022092794999480247,1.0,1e-04
0.01528820488601923,0.9950000047683716,1e-04
0.008809535764157772,1.0,1e-04
0.004082974512130022,1.0,1e-04
0.006125116255134344,1.0,1e-04
0.0037061760667711496,1.0,1e-04
0.004980793688446283,1.0,1e-04
0.0033402368426322937,1.0,1e-04
0.0043993559665977955,1.0,1e-04
0.0030541359446942806,1.0,1e-04
0.001991992350667715,1.0,1e-04
0.002395752351731062,1.0,1e-04
0.0015681260265409946,1.0,1e-04
0.0024389007594436407,1.0,1e-04
0.002044600434601307,1.0,1e-04
0.0015997927403077483,1.0,1e-04
0.0012017304543405771,1.0,1e-04
0.002383455168455839,1.0,1e-04
0.0015285785775631666,1.0,1e-04
0.0012618963373824954,1.0,1e-04
0.008827664889395237,0.9950000047683716,1e-04
0.0022618791554123163,1.0,1e-04
0.001900697243399918,1.0,1e-04
0.004022128414362669,1.0,1e-04
0.003289240412414074,1.0,1e-04
0.0025831374805420637,1.0,1e-04
0.001604550052434206,1.0,1e-04
0.002335683209821582,1.0,1e-04
0.003885517828166485,1.0,1e-04
0.0021567833609879017,1.0,1e-04
0.0010812054388225079,1.0,1e-04
0.0010126834968104959,1.0,1e-04
0.0019376351265236735,1.0,1e-04
0.0014397426275536418,1.0,1e-04
0.0018283119425177574,1.0,1e-04
0.0013533529127016664,1.0,1e-04
0.0013393409317359328,1.0,1e-04
0.0012313384795561433,1.0,1e-04
0.002250948455184698,1.0,1e-04
0.0012590582482516766,1.0,1e-04
0.004932274576276541,1.0,1e-04
0.0018466970650479198,1.0,1e-04
0.004349722992628813,1.0,1e-04
0.0019044098444283009,1.0,1e-04
0.0018143558409065008,1.0,1e-04
0.002108771586790681,1.0,1e-04
0.002097819931805134,1.0,1e-04
0.0014230161905288696,1.0,1e-04
0.001320310402661562,1.0,1e-04
0.0023367167450487614,1.0,1e-04
0.0014310447731986642,1.0,1e-04
0.0033870714250952005,1.0,1e-04
0.0012412758078426123,1.0,1e-04
0.0035969603341072798,1.0,1e-04
0.002273566322401166,1.0,1e-04
0.0026547855231910944,1.0,1e-04
0.0045197997242212296,1.0,1e-04
0.0011582088191062212,1.0,1e-04
0.0011274219723418355,1.0,1e-04
0.0030752671882510185,1.0,1e-04
0.0017844107933342457,1.0,1e-04
0.0018578888848423958,1.0,1e-04
0.002169982297345996,1.0,1e-04
0.0019923343788832426,1.0,1e-04
0.0017370700370520353,1.0,1e-04
0.0011133122025057673,1.0,1e-04
0.0011852368479594588,1.0,1e-04
0.0035278266295790672,1.0,1e-04
0.0016859620809555054,1.0,1e-04
0.0017259132582694292,1.0,1e-04
0.0011231866665184498,1.0,1e-04
0.0017015212215483189,1.0,1e-04
0.0027121787425130606,1.0,1e-04
0.0010342840105295181,1.0,1e-04
0.001537720556370914,1.0,1e-04
0.0013661831617355347,1.0,1e-04
0.0010845181532204151,1.0,1e-04
0.0014067053562030196,1.0,1e-04
0.001017992733977735,1.0,1e-04
0.0010800702730193734,1.0,1e-04
0.0023016345221549273,1.0,1e-04
0.0010117035126313567,1.0,1e-04
0.0008139291312545538,1.0,1e-04
0.004285893868654966,1.0,1e-04
0.0008643604232929647,1.0,1e-04
0.0008276514708995819,1.0,1e-04
0.0018991312244907022,1.0,1e-04
0.0007195058278739452,1.0,1e-04
0.0006982720806263387,1.0,1e-04
0.0007078152266331017,1.0,1e-04
0.000864253262989223,1.0,1e-04
0.001007643062621355,1.0,1e-04
0.0006558490567840636,1.0,1e-04
0.0007230634219013155,1.0,1e-04
0.004575435537844896,1.0,1e-04
0.0010408781236037612,1.0,1e-04
0.0010078432969748974,1.0,1e-04
0.0013471085112541914,1.0,1e-04
0.006395427044481039,1.0,1e-04
0.0019427601946517825,1.0,1e-04
0.0038109433371573687,1.0,1e-04
0.0019828928634524345,1.0,1e-04
0.0018400681437924504,1.0,1e-04
0.0008630926022306085,1.0,1e-04
0.0011673945700749755,1.0,1e-04
0.000972545298282057,1.0,1e-04
0.0018838996766135097,1.0,1e-04
0.0014544588048011065,1.0,1e-04
0.0007378499140031636,1.0,1e-04
0.0007735546678304672,1.0,1e-04
0.001071781269274652,1.0,1e-04
0.0018194034928455949,1.0,1e-04
0.0008688504458405077,1.0,1e-04
0.0006982918712310493,1.0,1e-04
0.0022179768420755863,1.0,1e-04
0.0008087990572676063,1.0,1e-04
0.000684344966430217,1.0,1e-04
0.0008764529484324157,1.0,1e-04
0.0009220628999173641,1.0,1e-04
0.0007845844374969602,1.0,1e-04
0.0022095427848398685,1.0,1e-04
0.0007432745187543333,1.0,1e-04
0.0005827918066643178,1.0,1e-04
0.001856209826655686,1.0,1e-04
0.001973888371139765,1.0,1e-04
0.0010118972277268767,1.0,1e-04
0.0013296953402459621,1.0,1e-04
0.0006619937485083938,1.0,1e-04
0.0005342030781321228,1.0,1e-04
0.0007385794306173921,1.0,1e-04
0.0015362738631665707,1.0,1e-04
0.0004646412271540612,1.0,1e-04
0.0014734240248799324,1.0,1e-04
0.00668879970908165,1.0,1e-04
0.0006477655260823667,1.0,1e-04
0.0006116730510257185,1.0,1e-04
0.0006779133691452444,1.0,1e-04
0.0008669886155985296,1.0,1e-04
0.0019581224769353867,1.0,1e-04
0.0007879523327574134,1.0,1e-04
0.0013867903035134077,1.0,1e-04
0.0019272901117801666,1.0,1e-04
0.002873141784220934,1.0,1e-04
0.0012727470602840185,1.0,1e-04
0.0016220210818573833,1.0,1e-04
0.0018399435793980956,1.0,1e-04
0.0011906378204002976,1.0,1e-04
0.0013906004605814815,1.0,1e-04
0.001003393204882741,1.0,1e-04
0.0010479618795216084,1.0,1e-04
0.0006279826629906893,1.0,1e-04
0.0006259323563426733,1.0,1e-04
0.0008495983202010393,1.0,1e-04
0.0011539286933839321,1.0,1e-04
0.0005217476282268763,1.0,1e-04
0.0016047939425334334,1.0,1e-04
0.0006121683400124311,1.0,1e-04
0.0005321148782968521,1.0,1e-04
0.0006836482207290828,1.0,1e-04
0.000508566852658987,1.0,1e-04
0.0018005188321694732,1.0,1e-04
0.0004885948728770018,1.0,1e-04
0.0007793504046276212,1.0,1e-04
0.0012985647190362215,1.0,1e-04
0.0031086441595107317,1.0,1e-04
0.001137404004111886,1.0,1e-04
0.0014991562347859144,1.0,1e-04
0.00040676246862858534,1.0,1e-04
0.0011272431584075093,1.0,1e-04
0.0005569197819568217,1.0,1e-04
0.0005907649756409228,1.0,1e-04
0.0006241181981749833,1.0,1e-04
0.0003811058704741299,1.0,1e-04
0.0005425383569672704,1.0,1e-04
0.0008442382677458227,1.0,1e-04
0.0005241362378001213,1.0,1e-04
0.00041167414747178555,1.0,1e-04
0.0008012789767235518,1.0,1e-04
0.0008824956603348255,1.0,1e-04
0.00035916303750127554,1.0,1e-04
0.0006884554168209434,1.0,1e-04
0.0010997784556820989,1.0,1e-04
0.0003226634580641985,1.0,1e-04
0.00027314131148159504,1.0,1e-04
0.0002494917716830969,1.0,1e-04
0.0004146195133216679,1.0,1e-04
0.001088473480194807,1.0,1e-04
0.00026292362599633634,1.0,1e-04
0.00037475547287613153,1.0,1e-04
0.0005218180012889206,1.0,1e-04
0.0004684201267082244,1.0,1e-04
0.00037328177131712437,1.0,1e-04
0.0007558089564554393,1.0,1e-04
0.00027542957104742527,1.0,1e-04
0.00040680839447304606,1.0,1e-04
0.000544115318916738,1.0,1e-04
0.0004035741148982197,1.0,1e-04
0.00044757843716070056,1.0,1e-04
0.0006108498200774193,1.0,1e-04
0.0003214064345229417,1.0,1e-04
0.0003428366908337921,1.0,1e-04
0.0007509969873353839,1.0,1e-04
0.0003035409899894148,1.0,1e-04
0.0002923370630014688,1.0,1e-04
0.0005119858542457223,1.0,1e-04
0.0009110739920288324,1.0,1e-04
0.0020725494250655174,1.0,1e-04
0.0009024161845445633,1.0,1e-04
0.0003192790609318763,1.0,1e-04
0.0002964931773021817,1.0,1e-04
0.0004484291421249509,1.0,1e-04
0.0004060777719132602,1.0,1e-04
0.00022093152801971883,1.0,1e-04
0.0004025702946819365,1.0,1e-04
0.0014527338789775968,1.0,1e-04
0.00027443462749943137,1.0,1e-04
0.0002903771819546819,1.0,1e-04
0.00029404149972833693,1.0,1e-04
0.0017723299097269773,1.0,1e-04
0.0008045803988352418,1.0,1e-04
0.0004448843828868121,1.0,1e-04
0.00032383145298808813,1.0,1e-04
0.00037776355748064816,1.0,1e-04
0.0004512793093454093,1.0,1e-04
0.00037549794069491327,1.0,1e-04
0.0003297660150565207,1.0,1e-04
0.0004222413117531687,1.0,1e-04
0.00048672937555238605,1.0,1e-04
0.0004744611796922982,1.0,1e-04
0.0005187973147258162,1.0,1e-04
0.0016771170776337385,1.0,1e-04
0.00033222054480575025,1.0,1e-04
0.0015836431412026286,1.0,1e-04
0.00038319022860378027,1.0,1e-04
0.0003402566653676331,1.0,1e-04
0.0005718182073906064,1.0,1e-04
0.0004237141693010926,1.0,1e-04
0.000495954358484596,1.0,1e-04
0.0005745608941651881,1.0,1e-04
0.0004816603031940758,1.0,1e-04
0.0003686351701617241,1.0,1e-04
0.0003898227878380567,1.0,1e-04
0.0003800121194217354,1.0,1e-04
0.0006216458859853446,1.0,1e-04
0.00028309557819738984,1.0,1e-04
0.0003722291730809957,1.0,1e-04
0.00024069154460448772,1.0,1e-04
0.0004793794360011816,1.0,1e-04
0.0009258809150196612,1.0,1e-04
0.001276700641028583,1.0,1e-04
0.00041555598727427423,1.0,1e-04
0.000568106712307781,1.0,1e-04
0.00036877303500659764,1.0,1e-04
0.0003163649816997349,1.0,1e-04
0.00047160909161902964,1.0,1e-04
0.002663095248863101,1.0,1e-04
0.0006973461713641882,1.0,1e-04
0.0012496963609009981,1.0,1e-04
0.002156957285478711,1.0,1e-04
0.001490037771873176,1.0,1e-04
0.004939365666359663,1.0,1e-04
0.0009144156356342137,1.0,1e-04
0.0007328148349188268,1.0,1e-04
0.0007203971617855132,1.0,1e-04
0.0030129665974527597,1.0,1e-04
0.0007764902547933161,1.0,1e-04
0.00141095370054245,1.0,1e-04
0.007079832721501589,1.0,1e-04
0.002747293096035719,1.0,1e-04
0.0035547681618481874,1.0,1e-04
0.0015583856729790568,1.0,1e-04
0.0021601065527647734,1.0,1e-04
0.0011222150642424822,1.0,1e-04
0.001539968536235392,1.0,1e-04
0.0008549889898858964,1.0,1e-04
0.0018536875722929835,1.0,1e-04
0.0009459097636863589,1.0,1e-04
0.0013761388836428523,1.0,1e-04
0.0008039133390411735,1.0,1e-04
0.0014845207333564758,1.0,1e-04
0.0008286440279334784,1.0,1e-04
0.0011086635058745742,1.0,1e-04
0.0006667817360721529,1.0,1e-04
0.0009783752029761672,1.0,1e-04
0.0007472538854926825,1.0,1e-04
0.0003713347832672298,1.0,1e-04
0.0005659653688780963,1.0,1e-04
0.00047141395043581724,1.0,1e-04
0.0005473518394865096,1.0,1e-04
0.001066629309207201,1.0,1e-04
0.0012902009766548872,1.0,1e-04
0.0005998957203701138,1.0,1e-04
0.0006053786491975188,1.0,1e-04
0.0009271582821384072,1.0,1e-04
0.0005394566105678678,1.0,1e-04
0.0008331809658557177,1.0,1e-04
0.0006166632520034909,1.0,1e-04
0.000485999888041988,1.0,1e-04
0.0007389744860120118,1.0,1e-04
0.00047707598423585296,1.0,1e-04
0.0009265199187211692,1.0,1e-04
0.00046751147601753473,1.0,1e-04
0.00035132875200361013,1.0,1e-04
0.0006995153380557895,1.0,1e-04
0.0005164918839000165,1.0,1e-04
0.000779635040089488,1.0,1e-04
0.0005365623510442674,1.0,1e-04
0.0002905373403336853,1.0,1e-04
0.0014402716187760234,1.0,1e-04
0.0003414061793591827,1.0,1e-04
0.0004916836624033749,1.0,1e-04
0.003590433858335018,1.0,1e-04
0.000771551625803113,1.0,1e-04
0.024102825671434402,0.9950000047683716,1e-04
0.009192176163196564,0.9950000047683716,1e-04
0.001154541503638029,1.0,1e-04
0.0013903421349823475,1.0,1e-04
0.002793420571833849,1.0,1e-04
0.004647808615118265,1.0,1e-04
0.000994326313957572,1.0,1e-04
0.0005728838732466102,1.0,1e-04
0.002300974214449525,1.0,1e-04
0.0005530383205041289,1.0,1e-04
0.0005472092889249325,1.0,1e-04
0.000673100003041327,1.0,1e-04
0.0009319571545347571,1.0,1e-04
0.0026003322564065456,1.0,1e-04
0.0008697174489498138,1.0,1e-04
0.0007561487145721912,1.0,1e-04
0.0013529116986319423,1.0,1e-04
0.025294482707977295,0.9950000047683716,1e-04
0.0007817785372026265,1.0,1e-04
0.0036151199601590633,1.0,1e-04
0.012795601040124893,1.0,1e-04
0.0044843959622085094,1.0,1e-04
0.0029997604433447123,1.0,1e-04
0.004121616017073393,1.0,1e-04
0.0014622003072872758,1.0,1e-04
0.0015321832615882158,1.0,1e-04
0.0018820345867425203,1.0,1e-04
0.001220789272338152,1.0,1e-04
0.0017066592117771506,1.0,1e-04
0.0011634391266852617,1.0,1e-04
0.00119374122004956,1.0,1e-04
0.0014038697117939591,1.0,1e-04
0.0011486033909022808,1.0,1e-04
0.00079996237764135,1.0,1e-04
0.001602497068233788,1.0,1e-04
0.0017592826625332236,1.0,1e-04
0.0014121850254014134,1.0,1e-04
0.003320276038721204,1.0,1e-04
0.0006579237524420023,1.0,1e-04
0.0008219578303396702,1.0,1e-04
0.0016207722947001457,1.0,1e-04
0.0011993629159405828,1.0,1e-04
0.0017516036750748754,1.0,1e-04
0.0016189086018130183,1.0,1e-04
0.001587482402101159,1.0,1e-04
0.0007467734976671636,1.0,1e-04
0.0010331404628232121,1.0,1e-04
0.0007232028292492032,1.0,1e-04
0.0007434511790052056,1.0,1e-04
0.0009406823082827032,1.0,1e-04
0.0007212848868221045,1.0,1e-04
0.0006627927650697529,1.0,1e-04
0.0005564684979617596,1.0,1e-04
0.0004592054756358266,1.0,1e-04
0.0005976055981591344,1.0,1e-04
0.00037417985731735826,1.0,1e-04
0.0005220936727710068,1.0,1e-04
0.00041304260957986116,1.0,1e-04
0.0005429990123957396,1.0,1e-04
0.0004108170105610043,1.0,1e-04
0.0005293732974678278,1.0,1e-04
0.00038628338370472193,1.0,1e-04
0.0004172179033048451,1.0,1e-04
0.0004730329674202949,1.0,1e-04
0.0010216149967163801,1.0,1e-04
0.00037598382914438844,1.0,1e-04
0.0004448180552572012,1.0,1e-04
0.0003953039413318038,1.0,1e-04
0.0011483542621135712,1.0,1e-04
0.002933204872533679,1.0,1e-04
0.0005043090786784887,1.0,1e-04
0.00034549535484984517,1.0,1e-04
0.00039129145443439484,1.0,1e-04
0.0006107454537414014,1.0,1e-04
0.0006100884638726711,1.0,1e-04
0.0008668137597851455,1.0,1e-04
0.003848802763968706,1.0,1e-04
0.00356379896402359,1.0,1e-04
0.0007407539524137974,1.0,1e-04
0.007294950075447559,1.0,1e-04
0.026788799092173576,0.9950000047683716,1e-04
0.005618935916572809,1.0,1e-04
0.0015740733360871673,1.0,1e-04
0.0020946862641721964,1.0,1e-04
0.003638825612142682,1.0,1e-04
0.005658682435750961,1.0,1e-04
0.0031021921895444393,1.0,1e-04
0.003182817017659545,1.0,1e-04
0.0014625954208895564,1.0,1e-04
0.0009104355704039335,1.0,1e-04
0.003464494366198778,1.0,1e-04
0.0010440658079460263,1.0,1e-04
0.0011584360618144274,1.0,1e-04
0.0020930999889969826,1.0,1e-04
0.0016558346105739474,1.0,1e-04
0.0007631507469341159,1.0,1e-04
0.0008469783351756632,1.0,1e-04
0.0014033850748091936,1.0,1e-04
0.0008421367965638638,1.0,1e-04
0.0006663258536718786,1.0,1e-04
0.0008392887539230287,1.0,1e-04
0.0007167388685047626,1.0,1e-04
0.0007204918074421585,1.0,1e-04
0.006249363534152508,1.0,1e-04
0.0012756664073094726,1.0,1e-04
0.0013130041770637035,1.0,1e-04
0.0006894064717926085,1.0,1e-04
0.0011129692429676652,1.0,1e-04
0.0009569655521772802,1.0,1e-04
0.0007715430692769587,1.0,1e-04
0.0007038894109427929,1.0,1e-04
0.000900105747859925,1.0,1e-04
0.0009760220418684185,1.0,1e-04
0.0005455825594253838,1.0,1e-04
0.0005004869890399277,1.0,1e-04
0.0012721325038000941,1.0,1e-04
0.0006005956092849374,1.0,1e-04
0.0007222529966384172,1.0,1e-04
0.004878128878772259,1.0,1e-04
0.0007291512447409332,1.0,1e-04
0.0006138833705335855,1.0,1e-04
0.0015883438754826784,1.0,1e-04
0.0013713057851418853,1.0,1e-04
0.0017900958191603422,1.0,1e-04
0.0010236224625259638,1.0,1e-04
0.0007537216879427433,1.0,1e-04
0.000687436549924314,1.0,1e-04
0.000635466305539012,1.0,1e-04
0.0009178343461826444,1.0,1e-04
0.0008002104586921632,1.0,1e-04
0.000587749935220927,1.0,1e-04
0.0006666513509117067,1.0,1e-04
0.0007442261558026075,1.0,1e-04
0.0004946773406118155,1.0,1e-04
0.00040962561615742743,1.0,1e-04
0.0005151326768100262,1.0,1e-04
0.0017391513101756573,1.0,1e-04
0.00032863111118786037,1.0,1e-04
0.000427869672421366,1.0,1e-04
0.00042816411587409675,1.0,1e-04
0.0004131712485104799,1.0,1e-04
0.0005383981624618173,1.0,1e-04
0.00033388775773346424,1.0,1e-04
0.00042111839866265655,1.0,1e-04
0.00033933535451069474,1.0,1e-04
0.0002685919462237507,1.0,1e-04
0.00045266482629813254,1.0,1e-04
0.0004322946770116687,1.0,1e-04
0.0003192319709341973,1.0,1e-04
0.0003564144717529416,1.0,1e-04
0.0004253835941199213,1.0,1e-04
0.00037308153696358204,1.0,1e-04
0.0008305335650220513,1.0,1e-04
0.0003453766694292426,1.0,1e-04
0.0004726109909825027,1.0,1e-04
0.000798574707005173,1.0,1e-04
0.005090341437608004,1.0,1e-04
0.0033052379731088877,1.0,1e-04
0.002317543840035796,1.0,1e-04
0.0013666135491803288,1.0,1e-04
0.0010091267758980393,1.0,1e-04
0.0007840640028007329,1.0,1e-04
0.0007330573862418532,1.0,1e-04
0.0012969855451956391,1.0,1e-04
0.006638441234827042,1.0,1e-04
0.0007379717426374555,1.0,1e-04
0.0008482845732942224,1.0,1e-04
0.0015409612096846104,1.0,1e-04
0.0013825964415445924,1.0,1e-04
0.0009471231023781002,1.0,1e-04
0.0022682833950966597,1.0,1e-04
0.0188345555216074,0.9950000047683716,1e-04
0.0016676720697432756,1.0,1e-04
0.009101999923586845,1.0,1e-04
0.009277349337935448,1.0,1e-04
0.004509825259447098,1.0,1e-04
0.0030292021110653877,1.0,1e-04
0.0024775569327175617,1.0,1e-04
0.004037852399051189,1.0,1e-04
0.001486295717768371,1.0,1e-04
0.0017278417944908142,1.0,1e-04
0.0017293530981987715,1.0,1e-04
0.005112709477543831,1.0,1e-04
0.0014774433802813292,1.0,1e-04
0.001026335870847106,1.0,1e-04
0.0029146838933229446,1.0,1e-04
0.0033919676207005978,1.0,1e-04
0.005328851751983166,1.0,1e-04
0.002385996049270034,1.0,1e-04
0.002278353786095977,1.0,1e-04
0.004204598721116781,1.0,1e-04
0.00832537654787302,1.0,1e-04
0.003914624452590942,1.0,1e-04
0.004365505650639534,1.0,1e-04
0.004755305591970682,1.0,1e-04
0.015909405425190926,0.9950000047683716,1e-04
0.0031148968264460564,1.0,1e-04
0.011138205416500568,1.0,1e-04
0.022270165383815765,0.9950000047683716,1e-04
0.011426388286054134,0.9950000047683716,1e-04
0.0037627050187438726,1.0,1e-04
0.001680451910942793,1.0,1e-04
0.0011031621834263206,1.0,1e-04
0.0008915276848711073,1.0,1e-04
0.0011136009125038981,1.0,1e-04
0.0011644710320979357,1.0,1e-04
0.0007391211111098528,1.0,1e-04
0.0010298920096829534,1.0,1e-04
0.0012916511623188853,1.0,1e-04
0.008250661194324493,1.0,1e-04
0.0006674844771623611,1.0,1e-04
0.0007205751026049256,1.0,1e-04
0.0007785975467413664,1.0,1e-04
0.0008614103426225483,1.0,1e-04
0.0016820511082187295,1.0,1e-04
0.0017945674480870366,1.0,1e-04
0.005624188110232353,0.9950000047683716,1e-04
0.0017912546172738075,1.0,1e-04
0.0015006358735263348,1.0,1e-04
0.0010802947217598557,1.0,1e-04
0.0012582725612446666,1.0,1e-04
0.0011459249071776867,1.0,1e-04
0.00494425231590867,0.9950000047683716,1e-04
0.00122894998639822,1.0,1e-04
0.0010398526210337877,1.0,1e-04
0.0027453326620161533,1.0,1e-04
0.003245097119361162,1.0,1e-04
0.005509384907782078,1.0,1e-04
0.002988173859193921,1.0,1e-04
0.00417561549693346,1.0,1e-04
0.002769471611827612,1.0,1e-04
0.004832768812775612,1.0,1e-04
0.001746966503560543,1.0,1e-04
0.0018704804824665189,1.0,1e-04
0.0009599837940186262,1.0,1e-04
0.0011959611438214779,1.0,1e-04
0.001415135688148439,1.0,1e-04
0.002269164891913533,1.0,1e-04
0.0008023068075999618,1.0,1e-04
0.0010819985764101148,1.0,1e-04
0.0008837195346131921,1.0,1e-04
0.0010514106834307313,1.0,1e-04
0.0020716851577162743,1.0,1e-04
0.0007134521729312837,1.0,1e-04
0.0009356692316941917,1.0,1e-04
0.0006771699991077185,1.0,1e-04
0.0008822560193948448,1.0,1e-04
0.0010440103942528367,1.0,1e-04
0.0018315239576622844,1.0,1e-04
0.0008920739637687802,1.0,1e-04
0.0009126109653152525,1.0,1e-04
0.00043598192860372365,1.0,1e-04
0.0008200558950193226,1.0,1e-04
0.0004561103996820748,1.0,1e-04
0.0004335606936365366,1.0,1e-04
0.000392566726077348,1.0,1e-04
0.00047064776299521327,1.0,1e-04
0.0004240019479766488,1.0,1e-04
0.0007523524109274149,1.0,1e-04
0.00089408946223557,1.0,1e-04
0.00033213215647265315,1.0,1e-04
0.0007283538579940796,1.0,1e-04
0.00031111930729821324,1.0,1e-04
0.0005696566076949239,1.0,1e-04
0.00036488237674348056,1.0,1e-04
0.0007083304808475077,1.0,1e-04
0.0004215339431539178,1.0,1e-04
0.00031001889146864414,1.0,1e-04
0.00035276185371913016,1.0,1e-04
0.0003707089344970882,1.0,1e-04
0.0004161349788773805,1.0,1e-04
0.00031459861202165484,1.0,1e-04
0.00037974462611600757,1.0,1e-04
0.00035170017508789897,1.0,1e-04
0.00028072387794964015,1.0,1e-04
0.004550646990537643,1.0,1e-04
0.0002962882281281054,1.0,1e-04
0.0017246648203581572,1.0,1e-04
0.0004702861187979579,1.0,1e-04
0.0008110252092592418,1.0,1e-04
0.0005686512449756265,1.0,1e-04
0.0005918391980230808,1.0,1e-04
0.0006406245520338416,1.0,1e-04
0.000657740281894803,1.0,1e-04
0.0008232492837123573,1.0,1e-04
0.0005873371846973896,1.0,1e-04
0.0005038109375163913,1.0,1e-04
0.0005678944289684296,1.0,1e-04
0.00042404624400660396,1.0,1e-04
0.00045217337901704013,1.0,1e-04
0.000767361605539918,1.0,1e-04
0.001190419658087194,1.0,1e-04
0.0004050113493576646,1.0,1e-04
0.0008087123860605061,1.0,1e-04
0.0015219097258523107,1.0,1e-04
0.0004916450125165284,1.0,1e-04
0.00041458994382992387,1.0,1e-04
0.0004007571842521429,1.0,1e-04
0.00025606583221815526,1.0,1e-04
0.00034825634793378413,1.0,1e-04
0.0006925777997821569,1.0,1e-04
0.001046825316734612,1.0,1e-04
0.0003239633806515485,1.0,1e-04
0.0007200549589470029,1.0,1e-04
0.0004135823983233422,1.0,1e-04
0.0005498589016497135,1.0,1e-04
0.003350081853568554,1.0,1e-04
0.0002956469252239913,1.0,1e-04
0.000590035633649677,1.0,1e-04
0.0006475122063420713,1.0,1e-04
0.0012264838442206383,1.0,1e-04
0.002591079566627741,1.0,1e-04
0.0007122519891709089,1.0,1e-04
0.0008593162638135254,1.0,1e-04
0.0008178596035577357,1.0,1e-04
0.000584137043915689,1.0,1e-04
0.0008464543498121202,1.0,1e-04
0.00045849793241359293,1.0,1e-04
0.0004908255068585277,1.0,1e-04
0.0005668235244229436,1.0,1e-04
0.0007815432036295533,1.0,1e-04
0.00042287548421882093,1.0,1e-04
0.00047566817374899983,1.0,1e-04
0.00031647548894397914,1.0,1e-04
0.00038125424180179834,1.0,1e-04
0.0006769634201191366,1.0,1e-04
0.00038300041342154145,1.0,1e-04
0.0003078739682678133,1.0,1e-04
0.0003612282162066549,1.0,1e-04
0.00028470437973737717,1.0,1e-04
0.0018900497816503048,1.0,1e-04
0.00038193489308469,1.0,1e-04
0.0003629644925240427,1.0,1e-04
0.0005599864525720477,1.0,1e-04
0.0010169217130169272,1.0,1e-04
0.0013841253239661455,1.0,1e-04
0.0003130840777885169,1.0,1e-04
0.0004597397055476904,1.0,1e-04
0.0007525977562181652,1.0,1e-04
0.000498729816172272,1.0,1e-04
0.0011996018001809716,1.0,1e-04
0.00034410477383062243,1.0,1e-04
0.0005055916262790561,1.0,1e-04
0.0003280897799413651,1.0,1e-04
0.000564482354093343,1.0,1e-04
0.0005073308711871505,1.0,1e-04
0.00115715351421386,1.0,1e-04
0.00033095412072725594,1.0,1e-04
0.0005021158140152693,1.0,1e-04
0.0005496250232681632,1.0,1e-04
0.0003480780578684062,1.0,1e-04
0.00042039071558974683,1.0,1e-04
0.00027252809377387166,1.0,1e-04
0.00025242019910365343,1.0,1e-04
0.00023133702052291483,1.0,1e-04
0.00023118201352190226,1.0,1e-04
0.0004148563602939248,1.0,1e-04
0.000495278974995017,1.0,1e-04
0.0002921649138443172,1.0,1e-04
0.00023244888870976865,1.0,1e-04
0.00044261233415454626,1.0,1e-04
0.0002849270240403712,1.0,1e-04
0.0004134659538976848,1.0,1e-04
0.0002881822001654655,1.0,1e-04
0.0001769851369317621,1.0,1e-04
0.0004908191622234881,1.0,1e-04
0.00041894280002452433,1.0,1e-04
0.00025738353724591434,1.0,1e-04
0.0002485197619535029,1.0,1e-04
0.0002210843376815319,1.0,1e-04
0.00028588686836883426,1.0,1e-04
0.0002838521031662822,1.0,1e-04
0.00024287808628287166,1.0,1e-04
0.0003292594919912517,1.0,1e-04
0.0003945094358641654,1.0,1e-04
0.001399682485498488,1.0,1e-04
0.00023834273451939225,1.0,1e-04
0.0003886088670697063,1.0,1e-04
0.0003366710734553635,1.0,1e-04
0.00017693977861199528,1.0,1e-04
0.0002483489806763828,1.0,1e-04
0.0003643465170171112,1.0,1e-04
0.0007043038494884968,1.0,1e-04
0.00029951674514450133,1.0,1e-04
0.00021395845396909863,1.0,1e-04
0.0001869573025032878,1.0,1e-04
0.00017401443619746715,1.0,1e-04
0.000276995706371963,1.0,1e-04
0.0002032535703619942,1.0,1e-04
0.0002829449949786067,1.0,1e-04
0.0006370629416778684,1.0,1e-04
0.0002791041333694011,1.0,1e-04
0.00022653955966234207,1.0,1e-04
0.0002597349230200052,1.0,1e-04
0.00023805481032468379,1.0,1e-04
0.00033891413477249444,1.0,1e-04
0.00015525521303061396,1.0,1e-04
0.0001924741518450901,1.0,1e-04
0.00020753707212861627,1.0,1e-04
0.0002398911747150123,1.0,1e-04
0.00019236373191233724,1.0,1e-04
0.0001454232697142288,1.0,1e-04
0.00014042193652130663,1.0,1e-04
0.00028298867982812226,1.0,1e-04
0.0001924520474858582,1.0,1e-04
0.0005819372599944472,1.0,1e-04
0.00030199054162949324,1.0,1e-04
0.00027868777397088706,1.0,1e-04
0.00013689763727597892,1.0,1e-04
0.0002920893603004515,1.0,1e-04
0.0007810057722963393,1.0,1e-04
0.00023989066539797932,1.0,1e-04
0.00024994020350277424,1.0,1e-04
0.00019571477605495602,1.0,1e-04
0.00012134887219872326,1.0,1e-04
0.00012462683662306517,1.0,1e-04
0.00013396232679951936,1.0,1e-04
0.00015781918773427606,1.0,1e-04
0.00011932806228287518,1.0,1e-04
0.0023821278009563684,1.0,1e-04
0.00015196482127066702,1.0,1e-04
0.00029365820228122175,1.0,1e-04
0.0007104086689651012,1.0,1e-04
0.0005277846939861774,1.0,1e-04
0.001358678680844605,1.0,1e-04
0.0005581713630817831,1.0,1e-04
0.0008726731757633388,1.0,1e-04
0.00033757826895453036,1.0,1e-04
0.000432430359069258,1.0,1e-04
0.0002917658712249249,1.0,1e-04
0.00025745772290974855,1.0,1e-04
0.0003761900879908353,1.0,1e-04
0.0002596423728391528,1.0,1e-04
0.0002774205058813095,1.0,1e-04
0.0002844617119990289,1.0,1e-04
0.00013584591215476394,1.0,1e-04
0.000148575592902489,1.0,1e-04
0.00018147383525501937,1.0,1e-04
0.0002112443617079407,1.0,1e-04
0.0008266540826298296,1.0,1e-04
0.0002675495343282819,1.0,1e-04
