loss,accuracy,lr
2.269517421722412,0.26923078298568726,0.001
1.8390058279037476,0.46666666865348816,0.001
1.6470162868499756,0.5564102530479431,0.001
1.4970232248306274,0.5948718190193176,0.001
1.3895108699798584,0.6256410479545593,0.001
1.2842735052108765,0.6794871687889099,0.001
1.1845698356628418,0.728205144405365,0.001
1.087181568145752,0.7333333492279053,0.001
1.0189722776412964,0.7461538314819336,0.001
0.9415596127510071,0.7538461685180664,0.001
0.8769713640213013,0.7692307829856873,0.001
0.8208926320075989,0.8256410360336304,0.001
0.7591295838356018,0.8384615182876587,0.001
0.7122087478637695,0.8307692408561707,0.001
0.6467717289924622,0.8487179279327393,0.001
0.6156279444694519,0.8615384697914124,0.001
0.6254982352256775,0.8487179279327393,0.001
0.6203892827033997,0.8717948794364929,0.001
0.5605449080467224,0.879487156867981,0.001
0.5175108909606934,0.8871794939041138,0.001
0.47616544365882874,0.8974359035491943,0.001
0.44394543766975403,0.9051281809806824,0.001
0.45784398913383484,0.8897435665130615,0.001
0.42617687582969666,0.8999999761581421,0.001
0.4107978940010071,0.9153845906257629,0.001
0.39128363132476807,0.9179487228393555,0.001
0.3391959071159363,0.9384615421295166,0.001
0.3530410826206207,0.9179487228393555,0.001
0.37807226181030273,0.9384615421295166,0.001
0.34655147790908813,0.964102566242218,0.001
0.31948041915893555,0.9461538195610046,0.001
0.27876943349838257,0.9564102292060852,0.001
0.261152982711792,0.9615384340286255,0.001
0.2802148461341858,0.9435897469520569,0.001
0.282339870929718,0.9487179517745972,0.001
0.2570219039916992,0.964102566242218,0.001
0.27155694365501404,0.9461538195610046,0.001
0.2475469410419464,0.9564102292060852,0.001
0.21446183323860168,0.9769230484962463,0.001
0.1926741749048233,0.9897435903549194,0.001
0.18672510981559753,0.9666666388511658,0.001
0.16191905736923218,0.9794871807098389,0.001
0.15742316842079163,0.9846153855323792,0.001
0.15280357003211975,0.9897435903549194,0.001
0.16056343913078308,0.971794843673706,0.001
0.20682959258556366,0.964102566242218,0.001
0.18984752893447876,0.9871794581413269,0.001
0.2825061082839966,0.9435897469520569,0.001
0.20992328226566315,0.9666666388511658,0.001
0.22889895737171173,0.9435897469520569,0.001
0.19764871895313263,0.9794871807098389,0.001
0.16758409142494202,0.9692307710647583,0.001
0.15985439717769623,0.964102566242218,0.001
0.16218407452106476,0.971794843673706,0.001
0.12192956358194351,0.9846153855323792,0.00020000001
0.10258345305919647,0.9897435903549194,0.00020000001
0.09120472520589828,0.9948717951774597,0.00020000001
0.09021708369255066,0.9923076629638672,0.00020000001
0.07906185835599899,0.9948717951774597,0.00020000001
0.08476228266954422,0.9974358677864075,0.00020000001
0.07310676574707031,1.0,0.00020000001
0.07333898544311523,0.9974358677864075,0.00020000001
0.062069155275821686,1.0,0.00020000001
0.06594539433717728,1.0,0.00020000001
0.06741638481616974,0.9974358677864075,0.00020000001
0.059357501566410065,1.0,0.00020000001
0.06461115926504135,0.9948717951774597,0.00020000001
0.07797379791736603,0.9948717951774597,0.00020000001
0.0738162249326706,0.9974358677864075,0.00020000001
0.08056236803531647,0.9948717951774597,0.00020000001
0.06973372399806976,0.9974358677864075,0.00020000001
0.06286206096410751,1.0,0.00020000001
0.05831197276711464,1.0,0.00020000001
0.05665730684995651,1.0,0.00020000001
0.056502845138311386,0.9948717951774597,0.00020000001
0.05949850752949715,0.9974358677864075,0.00020000001
0.06469979137182236,0.9974358677864075,0.00020000001
0.0678088590502739,1.0,0.00020000001
0.05338336154818535,1.0,0.00020000001
0.05674789473414421,1.0,0.00020000001
0.052869342267513275,0.9974358677864075,0.00020000001
0.04959786683320999,1.0,0.00020000001
0.04947337508201599,1.0,0.00020000001
0.04624710977077484,1.0,0.00020000001
0.04934046417474747,1.0,0.00020000001
0.052193887531757355,1.0,0.00020000001
0.052276864647865295,0.9974358677864075,0.00020000001
0.06800070405006409,0.9948717951774597,0.00020000001
0.057090289890766144,0.9948717951774597,0.00020000001
0.04666147381067276,1.0,0.00020000001
0.05025491490960121,1.0,0.00020000001
0.04341692849993706,1.0,0.00020000001
0.04406892880797386,1.0,0.00020000001
0.04171544685959816,1.0,0.00020000001
0.04757009074091911,0.9974358677864075,0.00020000001
0.0445968322455883,1.0,0.00020000001
0.04988057166337967,1.0,0.00020000001
0.047198422253131866,1.0,0.00020000001
0.04407088831067085,0.9974358677864075,0.00020000001
0.04488774761557579,1.0,0.00020000001
0.04152355715632439,1.0,0.00020000001
0.03978883475065231,1.0,0.00020000001
0.04610805958509445,0.9974358677864075,0.00020000001
0.04988068342208862,0.9974358677864075,0.00020000001
0.06856947392225266,0.9897435903549194,0.00020000001
0.0467960499227047,1.0,0.00020000001
0.04352600872516632,1.0,0.00020000001
0.039571553468704224,1.0,0.00020000001
0.03888775408267975,1.0,0.00020000001
0.03685043379664421,1.0,0.00020000001
0.03132204711437225,1.0,0.00020000001
0.035035427659749985,0.9974358677864075,0.00020000001
0.03830471634864807,1.0,0.00020000001
0.04629842936992645,1.0,0.00020000001
0.0393219031393528,1.0,0.00020000001
0.03531748801469803,1.0,0.00020000001
0.036059390753507614,1.0,0.00020000001
0.037778340280056,0.9974358677864075,0.00020000001
0.0383782833814621,1.0,0.00020000001
0.036475758999586105,1.0,0.00020000001
0.03582180663943291,1.0,0.00020000001
0.03430886194109917,1.0,1e-04
0.0322369709610939,1.0,1e-04
0.038848042488098145,0.9974358677864075,1e-04
0.03144795075058937,1.0,1e-04
0.03751034289598465,1.0,1e-04
0.03536481037735939,1.0,1e-04
0.033281344920396805,1.0,1e-04
0.03592909127473831,1.0,1e-04
0.02841666340827942,1.0,1e-04
0.029544712975621223,1.0,1e-04
0.030573798343539238,0.9974358677864075,1e-04
0.029532557353377342,1.0,1e-04
0.031069140881299973,1.0,1e-04
0.030223729088902473,1.0,1e-04
0.030008681118488312,1.0,1e-04
0.033152829855680466,1.0,1e-04
0.028883090242743492,1.0,1e-04
0.029278671368956566,1.0,1e-04
0.02776552364230156,1.0,1e-04
0.025105468928813934,1.0,1e-04
0.029367612674832344,1.0,1e-04
0.028093915432691574,1.0,1e-04
0.026528136804699898,1.0,1e-04
0.030615437775850296,1.0,1e-04
0.02699773758649826,1.0,1e-04
0.024479813873767853,1.0,1e-04
0.02830583043396473,1.0,1e-04
0.03136952593922615,1.0,1e-04
0.02711452543735504,1.0,1e-04
0.030552003532648087,1.0,1e-04
0.028881672769784927,0.9974358677864075,1e-04
0.02442627027630806,1.0,1e-04
0.028270605951547623,1.0,1e-04
0.030392123386263847,0.9974358677864075,1e-04
0.028577163815498352,1.0,1e-04
0.03074125573039055,1.0,1e-04
0.03285288065671921,1.0,1e-04
0.026828790083527565,1.0,1e-04
0.024315856397151947,1.0,1e-04
0.02588619664311409,1.0,1e-04
0.029226217418909073,1.0,1e-04
0.023458709940314293,1.0,1e-04
0.029320476576685905,1.0,1e-04
0.02954026497900486,1.0,1e-04
0.03304141014814377,1.0,1e-04
0.02669825404882431,1.0,1e-04
0.025178974494338036,1.0,1e-04
0.031309325248003006,0.9974358677864075,1e-04
0.02408580109477043,1.0,1e-04
0.02770300582051277,1.0,1e-04
0.02883211523294449,1.0,1e-04
0.0301885437220335,1.0,1e-04
0.02559501864016056,1.0,1e-04
0.023014819249510765,1.0,1e-04
0.03234636038541794,1.0,1e-04
0.025170844048261642,1.0,1e-04
0.0269976444542408,0.9974358677864075,1e-04
0.025546571239829063,1.0,1e-04
0.02797602117061615,1.0,1e-04
0.02428598329424858,1.0,1e-04
0.028304224833846092,1.0,1e-04
0.0241436418145895,1.0,1e-04
0.023663628846406937,1.0,1e-04
0.024842694401741028,1.0,1e-04
0.02196049876511097,1.0,1e-04
0.020060237497091293,1.0,1e-04
0.022544214501976967,1.0,1e-04
0.02681703120470047,1.0,1e-04
0.02508443407714367,1.0,1e-04
0.02549147792160511,1.0,1e-04
0.02863912656903267,1.0,1e-04
0.023636067286133766,1.0,1e-04
0.024464201182127,0.9974358677864075,1e-04
0.021695183590054512,1.0,1e-04
0.02703963965177536,0.9974358677864075,1e-04
0.026571596041321754,1.0,1e-04
0.025615418329834938,1.0,1e-04
0.024520665407180786,1.0,1e-04
0.021012796089053154,1.0,1e-04
0.024986183270812035,1.0,1e-04
0.02356468141078949,1.0,1e-04
0.02152632735669613,1.0,1e-04
0.020432379096746445,1.0,1e-04
0.029269035905599594,0.9974358677864075,1e-04
0.019076621159911156,1.0,1e-04
0.02290867082774639,1.0,1e-04
0.022238263860344887,1.0,1e-04
0.025580791756510735,0.9974358677864075,1e-04
0.029336435720324516,0.9974358677864075,1e-04
0.02560359798371792,1.0,1e-04
0.03251152113080025,0.9974358677864075,1e-04
0.034842900931835175,0.9974358677864075,1e-04
0.025638286024332047,1.0,1e-04
0.04939290136098862,0.9871794581413269,1e-04
0.02684493362903595,0.9974358677864075,1e-04
0.025583015754818916,1.0,1e-04
0.0333247184753418,0.9974358677864075,1e-04
0.03379356861114502,1.0,1e-04
0.024932751432061195,0.9974358677864075,1e-04
0.024161547422409058,1.0,1e-04
0.022997567430138588,1.0,1e-04
0.022860081866383553,1.0,1e-04
0.019996847957372665,1.0,1e-04
0.01956775039434433,1.0,1e-04
0.021588949486613274,1.0,1e-04
0.01812663860619068,1.0,1e-04
0.02430393360555172,1.0,1e-04
0.02308816835284233,1.0,1e-04
0.018578918650746346,1.0,1e-04
0.018682552501559258,1.0,1e-04
0.021433889865875244,1.0,1e-04
0.018977854400873184,1.0,1e-04
0.017195288091897964,1.0,1e-04
0.016370875760912895,1.0,1e-04
0.017778262495994568,1.0,1e-04
0.019767217338085175,1.0,1e-04
0.017004868015646935,1.0,1e-04
0.01851680874824524,1.0,1e-04
0.019089872017502785,1.0,1e-04
0.017979921773076057,1.0,1e-04
0.020390668883919716,1.0,1e-04
0.020316118374466896,1.0,1e-04
0.0190394576638937,1.0,1e-04
0.021313145756721497,1.0,1e-04
0.01660059206187725,1.0,1e-04
0.016621267423033714,1.0,1e-04
0.015483231283724308,1.0,1e-04
0.014513117261230946,1.0,1e-04
0.014848297461867332,1.0,1e-04
0.018380580469965935,0.9974358677864075,1e-04
0.01579672284424305,1.0,1e-04
0.019541775807738304,1.0,1e-04
0.019192945212125778,1.0,1e-04
0.01822088286280632,1.0,1e-04
0.025682542473077774,0.9948717951774597,1e-04
0.02082681469619274,1.0,1e-04
0.030430760234594345,1.0,1e-04
0.022050898522138596,1.0,1e-04
0.023164883255958557,1.0,1e-04
0.02257581427693367,1.0,1e-04
0.016641223803162575,1.0,1e-04
0.016804708167910576,1.0,1e-04
0.015092980116605759,1.0,1e-04
0.01733173429965973,1.0,1e-04
0.0185399129986763,1.0,1e-04
0.01615508459508419,1.0,1e-04
0.018074041232466698,1.0,1e-04
0.014768827706575394,1.0,1e-04
0.01757458783686161,1.0,1e-04
0.020626576617360115,1.0,1e-04
0.01603817753493786,1.0,1e-04
0.01901787705719471,1.0,1e-04
0.026040274649858475,0.9974358677864075,1e-04
0.018700703978538513,1.0,1e-04
0.028334014117717743,1.0,1e-04
0.027169164270162582,1.0,1e-04
0.018172111362218857,1.0,1e-04
0.018477456644177437,1.0,1e-04
0.02591721899807453,0.9974358677864075,1e-04
0.018151454627513885,1.0,1e-04
0.016591960564255714,1.0,1e-04
0.020547281950712204,1.0,1e-04
0.017406171187758446,1.0,1e-04
0.015961626544594765,1.0,1e-04
0.016376826912164688,1.0,1e-04
0.018081724643707275,1.0,1e-04
0.014972789213061333,1.0,1e-04
0.017671190202236176,1.0,1e-04
0.018172292038798332,1.0,1e-04
0.01737954281270504,1.0,1e-04
0.014492293819785118,1.0,1e-04
0.014919707551598549,1.0,1e-04
0.016696877777576447,1.0,1e-04
0.01530112698674202,1.0,1e-04
0.01456107571721077,1.0,1e-04
0.017757220193743706,1.0,1e-04
0.016501745209097862,1.0,1e-04
0.01662369631230831,1.0,1e-04
0.016059234738349915,1.0,1e-04
0.02318619005382061,0.9974358677864075,1e-04
0.02018633671104908,0.9948717951774597,1e-04
0.019089223816990852,1.0,1e-04
0.030163342133164406,0.9974358677864075,1e-04
0.029764346778392792,1.0,1e-04
0.020488545298576355,1.0,1e-04
0.01653536967933178,1.0,1e-04
0.020824603736400604,1.0,1e-04
0.016281111165881157,1.0,1e-04
0.02184617891907692,0.9974358677864075,1e-04
0.016553780063986778,1.0,1e-04
0.03073926642537117,0.9974358677864075,1e-04
0.03776545822620392,0.9974358677864075,1e-04
0.05696998909115791,0.9923076629638672,1e-04
0.04055628553032875,0.9948717951774597,1e-04
0.029296085238456726,1.0,1e-04
0.02587967924773693,1.0,1e-04
0.02153005637228489,1.0,1e-04
0.01903250440955162,1.0,1e-04
0.015564565546810627,1.0,1e-04
0.016348673030734062,1.0,1e-04
0.016434958204627037,1.0,1e-04
0.01782364211976528,1.0,1e-04
0.01941927708685398,1.0,1e-04
0.018917156383395195,1.0,1e-04
0.016475440934300423,1.0,1e-04
0.01747681014239788,1.0,1e-04
0.014934300445020199,1.0,1e-04
0.01574915461242199,1.0,1e-04
0.01374465599656105,1.0,1e-04
0.012420919723808765,1.0,1e-04
0.013220959343016148,1.0,1e-04
0.014290562830865383,1.0,1e-04
0.011474709957838058,1.0,1e-04
0.012452765367925167,1.0,1e-04
0.017080985009670258,0.9974358677864075,1e-04
0.012044485658407211,1.0,1e-04
0.014117740094661713,1.0,1e-04
0.013484157621860504,1.0,1e-04
0.012547253631055355,1.0,1e-04
0.012453348375856876,1.0,1e-04
0.012515176087617874,1.0,1e-04
0.013167966157197952,1.0,1e-04
0.013140451163053513,1.0,1e-04
0.01050905603915453,1.0,1e-04
0.011033655144274235,1.0,1e-04
0.013580579310655594,1.0,1e-04
0.010599414817988873,1.0,1e-04
0.011470260098576546,1.0,1e-04
0.012577691115438938,1.0,1e-04
0.01122034527361393,1.0,1e-04
0.011954037472605705,1.0,1e-04
0.011308444663882256,1.0,1e-04
0.011506044305860996,1.0,1e-04
0.014849052764475346,1.0,1e-04
0.013347461819648743,1.0,1e-04
0.014300604350864887,1.0,1e-04
0.012797852978110313,1.0,1e-04
0.012599693611264229,1.0,1e-04
0.01319220382720232,1.0,1e-04
0.014794489368796349,1.0,1e-04
0.012720517814159393,1.0,1e-04
0.01051188725978136,1.0,1e-04
0.018086811527609825,1.0,1e-04
0.014254264533519745,1.0,1e-04
0.017887653782963753,0.9974358677864075,1e-04
0.01273441407829523,1.0,1e-04
0.015214191749691963,1.0,1e-04
0.016278406605124474,0.9974358677864075,1e-04
0.013605687767267227,1.0,1e-04
0.01351645402610302,1.0,1e-04
0.015492584556341171,1.0,1e-04
0.014046075753867626,1.0,1e-04
0.014386854134500027,1.0,1e-04
0.018785784021019936,1.0,1e-04
0.013874485157430172,1.0,1e-04
0.012005102820694447,1.0,1e-04
0.014292755164206028,1.0,1e-04
0.0153849758207798,1.0,1e-04
0.013009883463382721,1.0,1e-04
0.013703376054763794,1.0,1e-04
0.012547899968922138,1.0,1e-04
0.012844684533774853,1.0,1e-04
0.011142738163471222,1.0,1e-04
0.012341137044131756,1.0,1e-04
0.01369381695985794,1.0,1e-04
0.014969940297305584,1.0,1e-04
0.013583116233348846,1.0,1e-04
0.013020643033087254,1.0,1e-04
0.01349127572029829,1.0,1e-04
0.011321538127958775,1.0,1e-04
0.01080215536057949,1.0,1e-04
0.010261223651468754,1.0,1e-04
0.011664459481835365,1.0,1e-04
0.014912390150129795,1.0,1e-04
0.012328177690505981,0.9974358677864075,1e-04
0.01071064081043005,1.0,1e-04
0.013908054679632187,1.0,1e-04
0.018239088356494904,0.9948717951774597,1e-04
0.012332353740930557,1.0,1e-04
0.013408521190285683,1.0,1e-04
0.012451213784515858,1.0,1e-04
0.013460825197398663,1.0,1e-04
0.013044356368482113,1.0,1e-04
0.011586748994886875,1.0,1e-04
0.012351433746516705,1.0,1e-04
0.012417272664606571,1.0,1e-04
0.017709480598568916,0.9974358677864075,1e-04
0.009835798293352127,1.0,1e-04
0.011880327016115189,1.0,1e-04
0.01290147379040718,1.0,1e-04
0.010114112868905067,1.0,1e-04
0.012064559385180473,1.0,1e-04
0.011614924296736717,1.0,1e-04
0.012700371444225311,1.0,1e-04
0.012548903003334999,1.0,1e-04
0.023639850318431854,0.9948717951774597,1e-04
0.014075454324483871,1.0,1e-04
0.017933716997504234,1.0,1e-04
0.01847922056913376,1.0,1e-04
0.023341404274106026,0.9948717951774597,1e-04
0.014474024996161461,1.0,1e-04
0.012164636515080929,1.0,1e-04
0.010962549597024918,1.0,1e-04
0.014120126143097878,1.0,1e-04
0.009921090677380562,1.0,1e-04
0.009967650286853313,1.0,1e-04
0.010606369934976101,1.0,1e-04
0.009728946723043919,1.0,1e-04
0.009930398315191269,1.0,1e-04
0.008968204259872437,1.0,1e-04
0.009149421937763691,1.0,1e-04
0.01020591240376234,1.0,1e-04
0.009393966756761074,1.0,1e-04
0.018026798963546753,0.9974358677864075,1e-04
0.012587481178343296,1.0,1e-04
0.014705880545079708,1.0,1e-04
0.011800618842244148,1.0,1e-04
0.012307275086641312,1.0,1e-04
0.009854969568550587,1.0,1e-04
0.016070395708084106,1.0,1e-04
0.010972543619573116,1.0,1e-04
0.02147010713815689,1.0,1e-04
0.018882086500525475,0.9974358677864075,1e-04
0.012915811501443386,1.0,1e-04
0.015425489284098148,1.0,1e-04
0.013673740439116955,1.0,1e-04
0.01173771545290947,1.0,1e-04
0.013199091888964176,1.0,1e-04
0.013476552441716194,1.0,1e-04
0.01124704722315073,1.0,1e-04
0.011648162268102169,1.0,1e-04
0.010206671431660652,1.0,1e-04
0.009610236622393131,1.0,1e-04
0.008907672017812729,1.0,1e-04
0.011003849096596241,1.0,1e-04
0.008993297815322876,1.0,1e-04
0.012660447508096695,1.0,1e-04
0.008336263708770275,1.0,1e-04
0.012144941836595535,1.0,1e-04
0.008635709062218666,1.0,1e-04
0.010943510569632053,1.0,1e-04
0.009814994409680367,1.0,1e-04
0.010219147428870201,1.0,1e-04
0.009088589809834957,1.0,1e-04
0.008805658668279648,1.0,1e-04
0.009085341356694698,1.0,1e-04
0.009430051781237125,1.0,1e-04
0.007823766209185123,1.0,1e-04
0.010460100136697292,1.0,1e-04
0.007619332056492567,1.0,1e-04
0.013759465888142586,1.0,1e-04
0.009032312780618668,1.0,1e-04
0.01141731720417738,1.0,1e-04
0.012721246108412743,1.0,1e-04
0.014637692831456661,0.9974358677864075,1e-04
0.013619320467114449,1.0,1e-04
0.014404061250388622,1.0,1e-04
0.015701645985245705,1.0,1e-04
0.016809523105621338,1.0,1e-04
0.012192261405289173,1.0,1e-04
0.010679014027118683,1.0,1e-04
0.013806096278131008,0.9974358677864075,1e-04
0.011610745452344418,1.0,1e-04
0.01715906150639057,1.0,1e-04
0.012021391652524471,1.0,1e-04
0.012409155257046223,1.0,1e-04
0.01115277037024498,1.0,1e-04
0.010415276512503624,1.0,1e-04
0.0132279172539711,0.9974358677864075,1e-04
0.01292850635945797,1.0,1e-04
0.04167929291725159,0.9948717951774597,1e-04
0.02152232825756073,1.0,1e-04
0.020546507090330124,1.0,1e-04
0.016862768679857254,1.0,1e-04
0.013462850823998451,1.0,1e-04
0.016769282519817352,1.0,1e-04
0.015561886131763458,0.9948717951774597,1e-04
0.015235473401844501,1.0,1e-04
0.030574189499020576,0.9923076629638672,1e-04
0.015506123192608356,1.0,1e-04
0.015527898445725441,1.0,1e-04
0.013475887477397919,1.0,1e-04
0.01439025066792965,1.0,1e-04
0.015158168971538544,1.0,1e-04
0.010640527121722698,1.0,1e-04
0.012845927849411964,1.0,1e-04
0.011783580295741558,1.0,1e-04
0.00964785274118185,1.0,1e-04
0.009351938031613827,1.0,1e-04
0.008179833181202412,1.0,1e-04
0.010548354126513004,1.0,1e-04
0.01164306327700615,1.0,1e-04
0.011295611970126629,1.0,1e-04
0.009128328412771225,1.0,1e-04
0.009741302579641342,1.0,1e-04
0.008796362206339836,1.0,1e-04
0.009525511413812637,1.0,1e-04
0.008282794617116451,1.0,1e-04
0.009663550183176994,1.0,1e-04
0.011212317273020744,0.9974358677864075,1e-04
0.009776660241186619,1.0,1e-04
0.012624136172235012,1.0,1e-04
0.009509733878076077,1.0,1e-04
0.009303910657763481,1.0,1e-04
0.01009330339729786,1.0,1e-04
0.010829647071659565,1.0,1e-04
0.009601271711289883,1.0,1e-04
0.010231646709144115,1.0,1e-04
0.008693818002939224,1.0,1e-04
0.008854311890900135,1.0,1e-04
0.00871847104281187,1.0,1e-04
0.008632097393274307,1.0,1e-04
0.006975840777158737,1.0,1e-04
0.007836549542844296,1.0,1e-04
0.007005568593740463,1.0,1e-04
0.007908372208476067,1.0,1e-04
0.0073102982714772224,1.0,1e-04
0.006363401189446449,1.0,1e-04
0.007257438264787197,1.0,1e-04
0.006338637787848711,1.0,1e-04
0.006894790101796389,1.0,1e-04
0.006859240587800741,1.0,1e-04
0.00640786113217473,1.0,1e-04
0.007597153540700674,1.0,1e-04
0.006708160508424044,1.0,1e-04
0.010165054351091385,1.0,1e-04
0.009212137199938297,1.0,1e-04
0.009883575141429901,1.0,1e-04
0.008658763952553272,1.0,1e-04
0.009243369102478027,1.0,1e-04
0.00861311610788107,1.0,1e-04
0.007408857345581055,1.0,1e-04
0.008245276287198067,1.0,1e-04
0.007965900003910065,1.0,1e-04
0.007326172664761543,1.0,1e-04
0.006947596091777086,1.0,1e-04
0.008121147751808167,1.0,1e-04
0.00670857448130846,1.0,1e-04
0.006598816718906164,1.0,1e-04
0.007379531394690275,1.0,1e-04
0.006693111266940832,1.0,1e-04
0.006470103282481432,1.0,1e-04
0.006853107828646898,1.0,1e-04
0.00634720828384161,1.0,1e-04
0.005831100512295961,1.0,1e-04
0.007565807551145554,1.0,1e-04
0.007790267001837492,1.0,1e-04
0.007375308778136969,1.0,1e-04
0.011011247523128986,0.9974358677864075,1e-04
0.014961362816393375,0.9974358677864075,1e-04
0.01194723043590784,1.0,1e-04
0.017040563747286797,1.0,1e-04
0.01999499462544918,1.0,1e-04
0.01299878116697073,1.0,1e-04
0.013896401971578598,1.0,1e-04
0.01448298804461956,1.0,1e-04
0.011720621958374977,1.0,1e-04
0.009912203066051006,1.0,1e-04
0.00916687399148941,1.0,1e-04
0.008474809117615223,1.0,1e-04
0.0077188038267195225,1.0,1e-04
0.008299228735268116,1.0,1e-04
0.008580473251640797,1.0,1e-04
0.008695579133927822,1.0,1e-04
0.006662131752818823,1.0,1e-04
0.00907056499272585,1.0,1e-04
0.008913474157452583,1.0,1e-04
0.009287633933126926,1.0,1e-04
0.009466934017837048,1.0,1e-04
0.005779232829809189,1.0,1e-04
0.007071086671203375,1.0,1e-04
0.006522379349917173,1.0,1e-04
0.01072744932025671,1.0,1e-04
0.006897473242133856,1.0,1e-04
0.007418189197778702,1.0,1e-04
0.007699389476329088,1.0,1e-04
0.008556964807212353,1.0,1e-04
0.012104217894375324,1.0,1e-04
0.0075838095508515835,1.0,1e-04
0.010444292798638344,1.0,1e-04
0.008583582937717438,1.0,1e-04
0.009662141092121601,1.0,1e-04
0.0093753756955266,1.0,1e-04
0.010624334216117859,1.0,1e-04
0.0164053775370121,1.0,1e-04
0.018075205385684967,1.0,1e-04
0.012760169804096222,1.0,1e-04
0.008414262905716896,1.0,1e-04
0.00905399490147829,1.0,1e-04
0.01108256820589304,1.0,1e-04
0.006806796416640282,1.0,1e-04
0.007691248785704374,1.0,1e-04
0.008742005564272404,1.0,1e-04
0.0068769752979278564,1.0,1e-04
0.008638528175652027,1.0,1e-04
0.008284452371299267,1.0,1e-04
0.008338890969753265,1.0,1e-04
0.008127221837639809,1.0,1e-04
0.006730545312166214,1.0,1e-04
0.00682478491216898,1.0,1e-04
0.006133620161563158,1.0,1e-04
0.007419064175337553,1.0,1e-04
0.006299597676843405,1.0,1e-04
0.007457681931555271,1.0,1e-04
0.00916267279535532,1.0,1e-04
0.007857611402869225,1.0,1e-04
0.006335381418466568,1.0,1e-04
0.008727108128368855,1.0,1e-04
0.008592342957854271,1.0,1e-04
0.008217033930122852,1.0,1e-04
0.008029608055949211,1.0,1e-04
0.01265676785260439,0.9974358677864075,1e-04
0.006596735212951899,1.0,1e-04
0.011392918415367603,1.0,1e-04
0.015534757636487484,1.0,1e-04
0.013070810586214066,1.0,1e-04
0.02112107165157795,0.9974358677864075,1e-04
0.01357649639248848,1.0,1e-04
0.0247885100543499,1.0,1e-04
0.024515509605407715,0.9974358677864075,1e-04
0.014748251996934414,1.0,1e-04
0.015129643492400646,1.0,1e-04
0.0176616869866848,1.0,1e-04
0.01267160288989544,1.0,1e-04
0.010204547084867954,1.0,1e-04
0.010534963570535183,1.0,1e-04
0.01033256109803915,1.0,1e-04
0.010030409321188927,1.0,1e-04
0.008242899551987648,1.0,1e-04
0.008550945669412613,1.0,1e-04
0.007992382161319256,1.0,1e-04
0.011425072327256203,0.9974358677864075,1e-04
0.007922161370515823,1.0,1e-04
0.011299915611743927,1.0,1e-04
0.010313006117939949,1.0,1e-04
0.009407274425029755,1.0,1e-04
0.008934833109378815,1.0,1e-04
0.008729496039450169,1.0,1e-04
0.007539111655205488,1.0,1e-04
0.010835752822458744,0.9974358677864075,1e-04
0.00673734350129962,1.0,1e-04
0.008620270527899265,1.0,1e-04
0.010832545347511768,1.0,1e-04
0.011163168586790562,1.0,1e-04
0.007807865738868713,1.0,1e-04
0.012483455240726471,0.9974358677864075,1e-04
0.012151764705777168,0.9974358677864075,1e-04
0.017091182991862297,1.0,1e-04
0.01795485056936741,1.0,1e-04
0.020455870777368546,0.9974358677864075,1e-04
0.013493295758962631,0.9974358677864075,1e-04
0.012587794102728367,1.0,1e-04
0.014563778415322304,1.0,1e-04
0.0109421880915761,1.0,1e-04
0.012897036969661713,1.0,1e-04
0.009471254423260689,1.0,1e-04
0.008883941918611526,1.0,1e-04
0.010068399831652641,1.0,1e-04
0.009143069386482239,1.0,1e-04
0.008288535289466381,1.0,1e-04
0.008397710509598255,1.0,1e-04
0.0072670672088861465,1.0,1e-04
0.008075905032455921,1.0,1e-04
0.006470296531915665,1.0,1e-04
0.00706326961517334,1.0,1e-04
0.007864794693887234,1.0,1e-04
0.007101600524038076,1.0,1e-04
0.006197331007570028,1.0,1e-04
0.005855616647750139,1.0,1e-04
0.009381231851875782,1.0,1e-04
0.005347436293959618,1.0,1e-04
0.007922977209091187,1.0,1e-04
0.006811418104916811,1.0,1e-04
0.007857626304030418,1.0,1e-04
0.007191360928118229,1.0,1e-04
0.006013782229274511,1.0,1e-04
0.008280479349195957,1.0,1e-04
0.010173032060265541,1.0,1e-04
0.006558824330568314,1.0,1e-04
0.006177988834679127,1.0,1e-04
0.006341441534459591,1.0,1e-04
0.006260724738240242,1.0,1e-04
0.006503161508589983,1.0,1e-04
0.007023273501545191,1.0,1e-04
0.005120433401316404,1.0,1e-04
0.005973260849714279,1.0,1e-04
0.00794248841702938,1.0,1e-04
0.006071698386222124,1.0,1e-04
0.00673341890797019,1.0,1e-04
0.009846823289990425,1.0,1e-04
0.007078315131366253,1.0,1e-04
0.008818763308227062,1.0,1e-04
0.011825060471892357,1.0,1e-04
0.005830190144479275,1.0,1e-04
0.010943248867988586,0.9974358677864075,1e-04
0.005785762798041105,1.0,1e-04
0.006777836941182613,1.0,1e-04
0.011129360646009445,1.0,1e-04
0.0072331796400249004,1.0,1e-04
0.007283525075763464,1.0,1e-04
0.009544112719595432,1.0,1e-04
0.005707746837288141,1.0,1e-04
0.016136638820171356,0.9948717951774597,1e-04
0.025338994339108467,0.9948717951774597,1e-04
0.02061433345079422,0.9974358677864075,1e-04
0.008891327306628227,1.0,1e-04
0.012947777286171913,1.0,1e-04
0.019848398864269257,0.9948717951774597,1e-04
0.011985519900918007,1.0,1e-04
0.03070901148021221,0.9897435903549194,1e-04
0.02205546386539936,0.9974358677864075,1e-04
0.012432153336703777,1.0,1e-04
0.008842517621815205,1.0,1e-04
0.008856100030243397,1.0,1e-04
0.007117453496903181,1.0,1e-04
0.005941728595644236,1.0,1e-04
0.006726243067532778,1.0,1e-04
0.007378204260021448,1.0,1e-04
0.005437248386442661,1.0,1e-04
0.005995167884975672,1.0,1e-04
0.006051694042980671,1.0,1e-04
0.005501229781657457,1.0,1e-04
0.005945522338151932,1.0,1e-04
0.007760311011224985,0.9974358677864075,1e-04
0.00793371070176363,1.0,1e-04
0.018853409215807915,0.9974358677864075,1e-04
0.011996529996395111,1.0,1e-04
0.009996559470891953,1.0,1e-04
0.007111836224794388,1.0,1e-04
0.006696875672787428,1.0,1e-04
0.007542149629443884,1.0,1e-04
0.005492259282618761,1.0,1e-04
0.007424996234476566,1.0,1e-04
0.005905557423830032,1.0,1e-04
0.006626529153436422,1.0,1e-04
0.0063536884263157845,1.0,1e-04
0.005740737076848745,1.0,1e-04
0.005299519747495651,1.0,1e-04
0.005574787966907024,1.0,1e-04
0.005864930339157581,1.0,1e-04
0.005568894557654858,1.0,1e-04
0.0072213453240692616,0.9974358677864075,1e-04
0.004854140337556601,1.0,1e-04
0.0052627441473305225,1.0,1e-04
0.006387857720255852,1.0,1e-04
0.005126744043081999,1.0,1e-04
0.0053079621866345406,1.0,1e-04
0.00452964473515749,1.0,1e-04
0.0059055425226688385,1.0,1e-04
0.004203392192721367,1.0,1e-04
0.009060027077794075,1.0,1e-04
0.005896382033824921,1.0,1e-04
0.005242203362286091,1.0,1e-04
0.005227769259363413,1.0,1e-04
0.005492042750120163,1.0,1e-04
0.005419925320893526,1.0,1e-04
0.004269272089004517,1.0,1e-04
0.004659904632717371,1.0,1e-04
0.004646725952625275,1.0,1e-04
0.004805673845112324,1.0,1e-04
0.005489762406796217,1.0,1e-04
0.0038693819660693407,1.0,1e-04
0.00390788447111845,1.0,1e-04
0.004422822501510382,1.0,1e-04
0.005305021069943905,1.0,1e-04
0.00372437946498394,1.0,1e-04
0.004780002869665623,1.0,1e-04
0.004585289396345615,1.0,1e-04
0.00442925002425909,1.0,1e-04
0.004469670820981264,1.0,1e-04
0.003959626890718937,1.0,1e-04
0.00461927242577076,1.0,1e-04
0.0037659716326743364,1.0,1e-04
0.0036265759263187647,1.0,1e-04
0.0037116610910743475,1.0,1e-04
0.004006309900432825,1.0,1e-04
0.003935817629098892,1.0,1e-04
0.003725383197888732,1.0,1e-04
0.0038313688710331917,1.0,1e-04
0.004250410478562117,1.0,1e-04
0.0037461735773831606,1.0,1e-04
0.004103449173271656,1.0,1e-04
0.007446305360645056,0.9974358677864075,1e-04
0.016960645094513893,0.9974358677864075,1e-04
0.03706788644194603,0.9923076629638672,1e-04
0.012465151958167553,1.0,1e-04
0.009725376032292843,1.0,1e-04
0.01378338411450386,0.9974358677864075,1e-04
0.00784576591104269,1.0,1e-04
0.017156152054667473,1.0,1e-04
0.014159115962684155,1.0,1e-04
0.009974810294806957,1.0,1e-04
0.008063133805990219,1.0,1e-04
0.0069394526071846485,1.0,1e-04
0.006644389126449823,1.0,1e-04
0.006433312315493822,1.0,1e-04
0.004737964831292629,1.0,1e-04
0.005535642150789499,1.0,1e-04
0.005189890507608652,1.0,1e-04
0.0051774331368505955,1.0,1e-04
0.005206655710935593,1.0,1e-04
0.00518513098359108,1.0,1e-04
0.0043404800817370415,1.0,1e-04
0.004349750000983477,1.0,1e-04
0.004205543082207441,1.0,1e-04
0.005454666912555695,1.0,1e-04
0.008069443516433239,1.0,1e-04
0.006857868749648333,1.0,1e-04
0.005722017027437687,1.0,1e-04
0.005394448526203632,1.0,1e-04
0.00577039597555995,1.0,1e-04
0.006656065583229065,1.0,1e-04
0.006196900736540556,1.0,1e-04
0.0043813991360366344,1.0,1e-04
0.005646511446684599,1.0,1e-04
0.005340113304555416,1.0,1e-04
0.007459212560206652,0.9974358677864075,1e-04
0.004501922521740198,1.0,1e-04
0.008688491769134998,1.0,1e-04
0.010904270224273205,1.0,1e-04
0.009834560565650463,1.0,1e-04
0.007071193773299456,1.0,1e-04
0.005465459078550339,1.0,1e-04
0.0058518159203231335,1.0,1e-04
0.005068776663392782,1.0,1e-04
0.005327828228473663,1.0,1e-04
0.005465298425406218,1.0,1e-04
0.004762176424264908,1.0,1e-04
0.004796029068529606,1.0,1e-04
0.00519218947738409,1.0,1e-04
0.003872183384373784,1.0,1e-04
0.0039338963106274605,1.0,1e-04
0.005317318718880415,1.0,1e-04
0.004621435888111591,1.0,1e-04
0.005149661563336849,1.0,1e-04
0.006922112312167883,1.0,1e-04
0.005148096010088921,1.0,1e-04
0.004651357885450125,1.0,1e-04
0.006433415226638317,1.0,1e-04
0.005756241735070944,1.0,1e-04
0.005116282030940056,1.0,1e-04
0.004857433028519154,1.0,1e-04
0.0045996676199138165,1.0,1e-04
0.004276979714632034,1.0,1e-04
0.019544942304491997,0.9974358677864075,1e-04
0.005288909655064344,1.0,1e-04
0.007762504741549492,1.0,1e-04
0.009145819582045078,1.0,1e-04
0.010393780656158924,1.0,1e-04
0.007664720993489027,1.0,1e-04
0.006814925000071526,1.0,1e-04
0.0071220556274056435,1.0,1e-04
0.005900877062231302,1.0,1e-04
0.005670440383255482,1.0,1e-04
0.006430483423173428,1.0,1e-04
0.004438027273863554,1.0,1e-04
0.006264274474233389,1.0,1e-04
0.0054972791112959385,1.0,1e-04
0.0052273208275437355,1.0,1e-04
0.007063713390380144,1.0,1e-04
0.005417022854089737,1.0,1e-04
0.004053009673953056,1.0,1e-04
0.013517259620130062,0.9948717951774597,1e-04
0.00960149522870779,0.9974358677864075,1e-04
0.025124192237854004,0.9948717951774597,1e-04
0.01137279812246561,1.0,1e-04
0.03479834645986557,0.9923076629638672,1e-04
0.051488105207681656,0.9846153855323792,1e-04
0.03789416700601578,0.9948717951774597,1e-04
0.013674414716660976,1.0,1e-04
0.01088276319205761,0.9974358677864075,1e-04
0.007171535398811102,1.0,1e-04
0.007193592377007008,1.0,1e-04
0.006365648936480284,1.0,1e-04
0.006432055030018091,1.0,1e-04
0.005871945060789585,1.0,1e-04
0.005691940896213055,1.0,1e-04
0.005082248710095882,1.0,1e-04
0.008076988160610199,0.9974358677864075,1e-04
0.005084580276161432,1.0,1e-04
0.006509862374514341,1.0,1e-04
0.007185565307736397,1.0,1e-04
0.00741652911528945,1.0,1e-04
0.006932716351002455,1.0,1e-04
0.00534204812720418,1.0,1e-04
0.005790305323898792,1.0,1e-04
0.0050498410128057,1.0,1e-04
0.004649072885513306,1.0,1e-04
0.006248778663575649,1.0,1e-04
0.006447021849453449,1.0,1e-04
0.004047591704875231,1.0,1e-04
0.0055201975628733635,1.0,1e-04
0.007201485335826874,1.0,1e-04
0.0052934312261641026,1.0,1e-04
0.004420361947268248,1.0,1e-04
0.004818455781787634,1.0,1e-04
0.004700723569840193,1.0,1e-04
0.005208449438214302,1.0,1e-04
0.004309171810746193,1.0,1e-04
0.003988285083323717,1.0,1e-04
0.005578299053013325,1.0,1e-04
0.005502388812601566,1.0,1e-04
0.007992716506123543,1.0,1e-04
0.014445156790316105,0.9923076629638672,1e-04
0.008987744338810444,1.0,1e-04
0.006561009678989649,1.0,1e-04
0.005813729949295521,1.0,1e-04
0.007622960954904556,1.0,1e-04
0.004932144191116095,1.0,1e-04
0.0046159448102116585,1.0,1e-04
0.005047505255788565,1.0,1e-04
0.004622268490493298,1.0,1e-04
0.004301802255213261,1.0,1e-04
0.0035882415249943733,1.0,1e-04
0.011932657100260258,0.9948717951774597,1e-04
0.005209295079112053,1.0,1e-04
0.00852961279451847,1.0,1e-04
0.015134603716433048,1.0,1e-04
0.00927726924419403,1.0,1e-04
0.006973786745220423,1.0,1e-04
0.010250219143927097,1.0,1e-04
0.007189158815890551,1.0,1e-04
0.007159342058002949,1.0,1e-04
0.004930009134113789,1.0,1e-04
0.0072022536769509315,1.0,1e-04
0.006866354960948229,1.0,1e-04
0.007529968861490488,1.0,1e-04
0.009662899188697338,1.0,1e-04
0.006663542706519365,1.0,1e-04
0.012792790308594704,1.0,1e-04
0.008912904188036919,1.0,1e-04
0.010307127609848976,0.9974358677864075,1e-04
0.010595817118883133,1.0,1e-04
0.0062560406513512135,1.0,1e-04
0.00599843543022871,1.0,1e-04
0.0070936232805252075,1.0,1e-04
0.005733323283493519,1.0,1e-04
0.004889214877039194,1.0,1e-04
0.00487350020557642,1.0,1e-04
0.006218910217285156,1.0,1e-04
0.00523022748529911,1.0,1e-04
0.006124334409832954,1.0,1e-04
0.009956106543540955,1.0,1e-04
0.00811611209064722,1.0,1e-04
0.0037916959263384342,1.0,1e-04
0.003946845419704914,1.0,1e-04
0.004160955082625151,1.0,1e-04
0.003186545567587018,1.0,1e-04
0.004470002371817827,1.0,1e-04
0.004204872064292431,1.0,1e-04
0.004469524137675762,1.0,1e-04
0.0035440255887806416,1.0,1e-04
0.0038330378010869026,1.0,1e-04
0.0048610190860927105,1.0,1e-04
0.0033178399316966534,1.0,1e-04
0.0052092173136770725,1.0,1e-04
0.005512941628694534,1.0,1e-04
0.004396383184939623,1.0,1e-04
0.004277243744581938,1.0,1e-04
0.006027962546795607,1.0,1e-04
0.004733639303594828,1.0,1e-04
0.0032765204086899757,1.0,1e-04
0.005036850925534964,1.0,1e-04
0.0037951795384287834,1.0,1e-04
0.004344429355114698,1.0,1e-04
0.004989332985132933,1.0,1e-04
0.004377168137580156,1.0,1e-04
0.003643052652478218,1.0,1e-04
0.003956095781177282,1.0,1e-04
0.003175219753757119,1.0,1e-04
0.0030643101781606674,1.0,1e-04
0.003582319477573037,1.0,1e-04
0.003151386510580778,1.0,1e-04
0.0033533365931361914,1.0,1e-04
0.0032467625569552183,1.0,1e-04
0.003061574650928378,1.0,1e-04
0.003248730907216668,1.0,1e-04
0.003024243051186204,1.0,1e-04
0.004317861516028643,1.0,1e-04
0.007994032464921474,1.0,1e-04
0.033517349511384964,0.9923076629638672,1e-04
0.010616389103233814,0.9948717951774597,1e-04
0.006707740481942892,1.0,1e-04
0.010796544142067432,1.0,1e-04
0.009207462891936302,1.0,1e-04
0.007697578519582748,1.0,1e-04
0.008529632352292538,0.9974358677864075,1e-04
0.006647234782576561,1.0,1e-04
0.015370496548712254,0.9974358677864075,1e-04
0.009598394855856895,0.9974358677864075,1e-04
0.011630247347056866,0.9974358677864075,1e-04
0.0065561761148273945,1.0,1e-04
0.005803763400763273,1.0,1e-04
0.007020868826657534,1.0,1e-04
0.008742189966142178,1.0,1e-04
0.006763416808098555,1.0,1e-04
0.006090585608035326,1.0,1e-04
0.004027004353702068,1.0,1e-04
0.004190059378743172,1.0,1e-04
0.0042791226878762245,1.0,1e-04
0.004827565513551235,1.0,1e-04
0.003838158678263426,1.0,1e-04
0.003451908938586712,1.0,1e-04
0.0039044530130922794,1.0,1e-04
0.004072976764291525,1.0,1e-04
0.00426832027733326,1.0,1e-04
0.004579968750476837,1.0,1e-04
0.0031342243310064077,1.0,1e-04
0.00338764488697052,1.0,1e-04
0.004670119844377041,1.0,1e-04
0.00398609321564436,1.0,1e-04
0.005045925732702017,1.0,1e-04
0.0038677218835800886,1.0,1e-04
0.004344976041465998,1.0,1e-04
0.004418002441525459,1.0,1e-04
0.003489490132778883,1.0,1e-04
0.00442865863442421,1.0,1e-04
0.008554442785680294,0.9974358677864075,1e-04
0.004076473414897919,1.0,1e-04
0.004243223927915096,1.0,1e-04
0.007449108641594648,1.0,1e-04
0.0053243134170770645,1.0,1e-04
0.005122429691255093,1.0,1e-04
0.004018826875835657,1.0,1e-04
0.003991726785898209,1.0,1e-04
0.003988321404904127,1.0,1e-04
0.0038746173959225416,1.0,1e-04
0.007920502685010433,1.0,1e-04
0.003656824119389057,1.0,1e-04
0.0053710429929196835,1.0,1e-04
0.005116477143019438,1.0,1e-04
0.006824429612606764,1.0,1e-04
0.0045992787927389145,1.0,1e-04
0.004105311818420887,1.0,1e-04
0.004891735035926104,1.0,1e-04
0.0054578231647610664,1.0,1e-04
0.004748151171952486,1.0,1e-04
0.005392137449234724,1.0,1e-04
0.003942059352993965,1.0,1e-04
0.004333076998591423,1.0,1e-04
0.0036187260411679745,1.0,1e-04
0.0034807096235454082,1.0,1e-04
0.0031740753911435604,1.0,1e-04
0.006902995519340038,1.0,1e-04
0.003297107759863138,1.0,1e-04
0.0044507794082164764,1.0,1e-04
0.00567823089659214,1.0,1e-04
0.004015888087451458,1.0,1e-04
0.003858378855511546,1.0,1e-04
0.00734149431809783,1.0,1e-04
0.00381419132463634,1.0,1e-04
0.0037560551427304745,1.0,1e-04
0.004415030125528574,1.0,1e-04
0.004178858827799559,1.0,1e-04
0.009019105695188046,0.9974358677864075,1e-04
0.004469031933695078,1.0,1e-04
0.007571093272417784,0.9974358677864075,1e-04
0.0062035308219492435,1.0,1e-04
0.005912049673497677,1.0,1e-04
0.004632585681974888,1.0,1e-04
0.004514644853770733,1.0,1e-04
0.0039679729379713535,1.0,1e-04
0.0032729231752455235,1.0,1e-04
0.003367036348208785,1.0,1e-04
0.004300381988286972,1.0,1e-04
0.003629404352977872,1.0,1e-04
0.0035048378631472588,1.0,1e-04
0.003907152451574802,1.0,1e-04
0.0035574135836213827,1.0,1e-04
0.003412786405533552,1.0,1e-04
0.00859376322478056,1.0,1e-04
0.003215774428099394,1.0,1e-04
0.0037815384566783905,1.0,1e-04
0.004317347425967455,1.0,1e-04
0.004703331273049116,1.0,1e-04
0.006688870023936033,0.9974358677864075,1e-04
0.003978796303272247,1.0,1e-04
0.0045159729197621346,1.0,1e-04
0.005800515413284302,1.0,1e-04
0.004305622540414333,1.0,1e-04
0.0037626733537763357,1.0,1e-04
0.004620493855327368,1.0,1e-04
0.003610521089285612,1.0,1e-04
0.0035354536958038807,1.0,1e-04
0.003073703031986952,1.0,1e-04
0.004171067848801613,1.0,1e-04
0.003238896606490016,1.0,1e-04
0.0032868788111954927,1.0,1e-04
0.003152466844767332,1.0,1e-04
0.0028679235838353634,1.0,1e-04
0.004109072498977184,1.0,1e-04
0.008493163622915745,0.9974358677864075,1e-04
0.012089800089597702,1.0,1e-04
0.015950173139572144,1.0,1e-04
0.00823947787284851,1.0,1e-04
0.004864799790084362,1.0,1e-04
0.005651405081152916,1.0,1e-04
0.003191891126334667,1.0,1e-04
0.0034956317394971848,1.0,1e-04
0.0036216801963746548,1.0,1e-04
0.0032939899247139692,1.0,1e-04
0.004607742186635733,1.0,1e-04
0.010122104547917843,0.9948717951774597,1e-04
0.0038889842107892036,1.0,1e-04
0.012874453328549862,1.0,1e-04
0.008467302657663822,1.0,1e-04
0.017156139016151428,0.9974358677864075,1e-04
0.008409135974943638,1.0,1e-04
0.004937268327921629,1.0,1e-04
0.004473392385989428,1.0,1e-04
0.006089845206588507,1.0,1e-04
0.00636831670999527,1.0,1e-04
0.005827970802783966,1.0,1e-04
0.012015425600111485,0.9974358677864075,1e-04
0.008252725936472416,0.9974358677864075,1e-04
0.00446352269500494,1.0,1e-04
0.0035925996489822865,1.0,1e-04
0.0031374350655823946,1.0,1e-04
0.005172559525817633,1.0,1e-04
0.003590271808207035,1.0,1e-04
0.0037989451084285975,1.0,1e-04
0.0041547780856490135,1.0,1e-04
0.003789650509133935,1.0,1e-04
0.0033080007415264845,1.0,1e-04
0.0036560737062245607,1.0,1e-04
0.0029331580735743046,1.0,1e-04
0.0024807346053421497,1.0,1e-04
0.002454044297337532,1.0,1e-04
0.005029879976063967,1.0,1e-04
0.002792389364913106,1.0,1e-04
0.007668514735996723,1.0,1e-04
0.0048705823719501495,1.0,1e-04
0.004864485934376717,1.0,1e-04
0.003952702973037958,1.0,1e-04
0.00497570913285017,1.0,1e-04
0.0026172467041760683,1.0,1e-04
0.00329900742508471,1.0,1e-04
0.003786953864619136,1.0,1e-04
0.006503972224891186,1.0,1e-04
0.003182397224009037,1.0,1e-04
0.009465595707297325,1.0,1e-04
0.004207921214401722,1.0,1e-04
0.006582111120223999,1.0,1e-04
0.008293978869915009,1.0,1e-04
0.006138536147773266,1.0,1e-04
0.005831442773342133,1.0,1e-04
0.003912961110472679,1.0,1e-04
0.004495998844504356,1.0,1e-04
0.0033305492252111435,1.0,1e-04
0.003324817167595029,1.0,1e-04
0.0026894104667007923,1.0,1e-04
0.002925859298557043,1.0,1e-04
0.0022883235942572355,1.0,1e-04
0.00272762100212276,1.0,1e-04
0.003670423524454236,1.0,1e-04
0.0025098351761698723,1.0,1e-04
0.004210143815726042,1.0,1e-04
0.003599664196372032,1.0,1e-04
0.0028883861377835274,1.0,1e-04
0.008545826189219952,1.0,1e-04
0.004025055095553398,1.0,1e-04
0.0065156882628798485,1.0,1e-04
0.006148064974695444,1.0,1e-04
0.004164873156696558,1.0,1e-04
0.004454564303159714,1.0,1e-04
0.0031064229551702738,1.0,1e-04
0.003641432151198387,1.0,1e-04
0.003076365916058421,1.0,1e-04
0.003211189527064562,1.0,1e-04
0.0033275613095611334,1.0,1e-04
0.002689915709197521,1.0,1e-04
0.0027833874337375164,1.0,1e-04
0.0034264030400663614,1.0,1e-04
0.0026959890965372324,1.0,1e-04
0.0027752877213060856,1.0,1e-04
0.002329200739040971,1.0,1e-04
0.0022268889006227255,1.0,1e-04
0.0020137359388172626,1.0,1e-04
0.005970169324427843,0.9974358677864075,1e-04
0.00221362360753119,1.0,1e-04
0.004779356997460127,1.0,1e-04
0.003190721618011594,1.0,1e-04
0.005862003657966852,1.0,1e-04
0.0067823827266693115,1.0,1e-04
0.005494897253811359,1.0,1e-04
0.004095248878002167,1.0,1e-04
0.004021211992949247,1.0,1e-04
0.00279398076236248,1.0,1e-04
0.0027233418077230453,1.0,1e-04
0.002787813078612089,1.0,1e-04
0.0025540031492710114,1.0,1e-04
0.0030599921010434628,1.0,1e-04
0.004385204054415226,1.0,1e-04
0.005890834145247936,0.9974358677864075,1e-04
0.02112707495689392,0.9974358677864075,1e-04
0.004572674632072449,1.0,1e-04
0.004673348274081945,1.0,1e-04
0.0033907496836036444,1.0,1e-04
0.0029290178790688515,1.0,1e-04
0.00512731121852994,1.0,1e-04
0.0028947682585567236,1.0,1e-04
0.0033008710015565157,1.0,1e-04
0.0032333664130419493,1.0,1e-04
0.0029411274008452892,1.0,1e-04
0.0031715661752969027,1.0,1e-04
0.002399010118097067,1.0,1e-04
0.002490666229277849,1.0,1e-04
0.004119353834539652,1.0,1e-04
0.0025297950487583876,1.0,1e-04
0.0024059778079390526,1.0,1e-04
0.0027067603077739477,1.0,1e-04
0.0049981423653662205,1.0,1e-04
0.0032834643498063087,1.0,1e-04
0.0039044846780598164,1.0,1e-04
0.0036418954841792583,1.0,1e-04
0.0030326431151479483,1.0,1e-04
0.003212263574823737,1.0,1e-04
0.0024484607856720686,1.0,1e-04
0.0024330047890543938,1.0,1e-04
0.003260220866650343,1.0,1e-04
0.0026716229040175676,1.0,1e-04
0.0022665176074951887,1.0,1e-04
0.0021637880709022284,1.0,1e-04
0.002111440058797598,1.0,1e-04
0.0023219871800392866,1.0,1e-04
0.0018893275409936905,1.0,1e-04
0.001925503253005445,1.0,1e-04
0.0036933072842657566,1.0,1e-04
0.002170281019061804,1.0,1e-04
0.002025651279836893,1.0,1e-04
0.0026273662224411964,1.0,1e-04
0.002588107716292143,1.0,1e-04
0.0021362195257097483,1.0,1e-04
0.002484345342963934,1.0,1e-04
0.0020159799605607986,1.0,1e-04
0.002138344803825021,1.0,1e-04
0.005049681756645441,1.0,1e-04
0.008116640150547028,1.0,1e-04
0.010693426243960857,0.9974358677864075,1e-04
0.005838286131620407,1.0,1e-04
0.017140530049800873,1.0,1e-04
0.015965059399604797,1.0,1e-04
0.0066885813139379025,1.0,1e-04
0.006637864280492067,1.0,1e-04
0.004989191424101591,1.0,1e-04
0.004591706674546003,1.0,1e-04
0.004266836680471897,1.0,1e-04
0.005095560569316149,1.0,1e-04
0.006458288058638573,1.0,1e-04
0.018151573836803436,0.9948717951774597,1e-04
0.0054381126537919044,1.0,1e-04
0.0035447885747998953,1.0,1e-04
0.0037324221339076757,1.0,1e-04
0.0034900621976703405,1.0,1e-04
0.007583498489111662,1.0,1e-04
0.003092871978878975,1.0,1e-04
0.004817300476133823,1.0,1e-04
0.005592618137598038,1.0,1e-04
0.004915737081319094,1.0,1e-04
0.0038304885383695364,1.0,1e-04
0.003427638206630945,1.0,1e-04
0.002646374050527811,1.0,1e-04
0.003233242081478238,1.0,1e-04
0.009823422878980637,0.9974358677864075,1e-04
0.0036247014068067074,1.0,1e-04
0.010461421683430672,0.9974358677864075,1e-04
0.010452507995069027,1.0,1e-04
0.004004874732345343,1.0,1e-04
0.004339782986789942,1.0,1e-04
0.004663477651774883,1.0,1e-04
0.004568676929920912,1.0,1e-04
0.0030366263817995787,1.0,1e-04
0.0035384672228246927,1.0,1e-04
0.004426734987646341,1.0,1e-04
0.0059063066728413105,1.0,1e-04
0.0032641019206494093,1.0,1e-04
0.007620873395353556,0.9974358677864075,1e-04
0.0038474327884614468,1.0,1e-04
0.0031034762505441904,1.0,1e-04
0.003946101758629084,1.0,1e-04
0.004360176157206297,1.0,1e-04
0.0039192005060613155,1.0,1e-04
0.004721303470432758,1.0,1e-04
0.003572520799934864,1.0,1e-04
0.005778644699603319,1.0,1e-04
0.005047082435339689,1.0,1e-04
0.004443570971488953,1.0,1e-04
0.0030517675913870335,1.0,1e-04
0.002682044869288802,1.0,1e-04
0.0027699058409780264,1.0,1e-04
0.0031957339961081743,1.0,1e-04
0.0024644548539072275,1.0,1e-04
0.0042954967357218266,1.0,1e-04
0.0025817675050348043,1.0,1e-04
0.0033649029210209846,1.0,1e-04
0.003577937139198184,1.0,1e-04
0.0037471873220056295,1.0,1e-04
0.0031524987425655127,1.0,1e-04
0.0029297638684511185,1.0,1e-04
0.0030581816099584103,1.0,1e-04
0.0036658430472016335,1.0,1e-04
0.0038583180867135525,1.0,1e-04
0.004038073588162661,1.0,1e-04
0.0029740508180111647,1.0,1e-04
0.007186933886259794,1.0,1e-04
0.004177510272711515,1.0,1e-04
0.0031316170934587717,1.0,1e-04
0.0029246790800243616,1.0,1e-04
0.002742926822975278,1.0,1e-04
0.002638097619637847,1.0,1e-04
0.002940145321190357,1.0,1e-04
0.0022891280241310596,1.0,1e-04
0.003315952606499195,1.0,1e-04
0.0022657676599919796,1.0,1e-04
0.001726094982586801,1.0,1e-04
0.0016618683002889156,1.0,1e-04
0.002579738851636648,1.0,1e-04
0.0027009358163923025,1.0,1e-04
0.002252819947898388,1.0,1e-04
0.0019990948494523764,1.0,1e-04
0.0019989607390016317,1.0,1e-04
0.001990094780921936,1.0,1e-04
0.0027500763535499573,1.0,1e-04
0.003328179009258747,1.0,1e-04
0.007960531860589981,1.0,1e-04
0.008760586380958557,0.9974358677864075,1e-04
0.004954477306455374,1.0,1e-04
0.011766135692596436,0.9974358677864075,1e-04
0.009326016530394554,1.0,1e-04
0.007206717971712351,1.0,1e-04
0.004070413298904896,1.0,1e-04
0.005015613976866007,1.0,1e-04
0.004153896123170853,1.0,1e-04
0.003190749092027545,1.0,1e-04
0.0025358854327350855,1.0,1e-04
0.0034840439911931753,1.0,1e-04
0.004006592556834221,1.0,1e-04
0.002291118260473013,1.0,1e-04
0.002894338686019182,1.0,1e-04
0.0026147968601435423,1.0,1e-04
0.0023415395990014076,1.0,1e-04
0.0022149719297885895,1.0,1e-04
0.0021361818071454763,1.0,1e-04
0.0028818349819630384,1.0,1e-04
0.001781672122888267,1.0,1e-04
0.002053542761132121,1.0,1e-04
0.003276629839092493,1.0,1e-04
0.0018725312547758222,1.0,1e-04
0.0029228338971734047,1.0,1e-04
0.003257859032601118,1.0,1e-04
0.002561468631029129,1.0,1e-04
0.00218032649718225,1.0,1e-04
0.002010594354942441,1.0,1e-04
0.0017957499949261546,1.0,1e-04
0.001850590342655778,1.0,1e-04
0.0018101128516718745,1.0,1e-04
0.002112648682668805,1.0,1e-04
0.0018391321646049619,1.0,1e-04
0.0025213349144905806,1.0,1e-04
0.0023647842463105917,1.0,1e-04
0.001546026673167944,1.0,1e-04
0.0018342302646487951,1.0,1e-04
0.001832122216001153,1.0,1e-04
0.0014607396442443132,1.0,1e-04
0.0017664603656157851,1.0,1e-04
0.001602170872502029,1.0,1e-04
0.001526173553429544,1.0,1e-04
0.0028679221868515015,1.0,1e-04
0.002077281242236495,1.0,1e-04
0.0021571300458163023,1.0,1e-04
0.0021344542037695646,1.0,1e-04
0.0023920664098113775,1.0,1e-04
0.0020445873960852623,1.0,1e-04
0.0014470922760665417,1.0,1e-04
0.001922654453665018,1.0,1e-04
0.0016173827461898327,1.0,1e-04
0.002160414820536971,1.0,1e-04
0.0020230005029588938,1.0,1e-04
0.0021581100299954414,1.0,1e-04
0.0024960774462670088,1.0,1e-04
0.0015868358314037323,1.0,1e-04
0.0015464406460523605,1.0,1e-04
0.0018630969570949674,1.0,1e-04
0.001971352845430374,1.0,1e-04
0.002484002849087119,1.0,1e-04
0.0015312564792111516,1.0,1e-04
0.0020742982160300016,1.0,1e-04
0.0027941379230469465,1.0,1e-04
0.0015278204809874296,1.0,1e-04
0.0015492879319936037,1.0,1e-04
0.0024555884301662445,1.0,1e-04
0.0019306910689920187,1.0,1e-04
0.0018170838011428714,1.0,1e-04
0.002020068233832717,1.0,1e-04
0.0030607394874095917,1.0,1e-04
0.0022765847388654947,1.0,1e-04
0.0023684122134000063,1.0,1e-04
0.001749351853504777,1.0,1e-04
0.004011975601315498,1.0,1e-04
0.0020420292858034372,1.0,1e-04
0.0018514838302507997,1.0,1e-04
0.0033017853274941444,1.0,1e-04
0.0023137135431170464,1.0,1e-04
0.020001137629151344,0.9948717951774597,1e-04
0.0232850294560194,0.9948717951774597,1e-04
0.10414066910743713,0.971794843673706,1e-04
0.027708863839507103,0.9974358677864075,1e-04
0.018719013780355453,0.9948717951774597,1e-04
0.009536574594676495,1.0,1e-04
0.007623050827533007,1.0,1e-04
0.006076765712350607,1.0,1e-04
0.0034171135630458593,1.0,1e-04
0.0032323827035725117,1.0,1e-04
0.005582944955676794,1.0,1e-04
0.004305562004446983,1.0,1e-04
0.0062311324290931225,0.9974358677864075,1e-04
0.0048648398369550705,1.0,1e-04
0.01089530810713768,0.9974358677864075,1e-04
0.009783833287656307,1.0,1e-04
0.0054441820830106735,1.0,1e-04
0.0046170176938176155,1.0,1e-04
0.003992470912635326,1.0,1e-04
0.004073748365044594,1.0,1e-04
0.003399783279746771,1.0,1e-04
0.0030453489162027836,1.0,1e-04
0.0034845462068915367,1.0,1e-04
0.006817597430199385,1.0,1e-04
0.0029152389615774155,1.0,1e-04
0.005910055246204138,1.0,1e-04
0.003988318145275116,1.0,1e-04
0.0046147857792675495,1.0,1e-04
0.004892188124358654,1.0,1e-04
0.003954311832785606,1.0,1e-04
0.007060990668833256,1.0,1e-04
0.0034265394788235426,1.0,1e-04
0.003442486049607396,1.0,1e-04
0.004583860281854868,1.0,1e-04
0.003500390565022826,1.0,1e-04
0.0033469432964920998,1.0,1e-04
0.0031668718438595533,1.0,1e-04
0.002469079801812768,1.0,1e-04
0.002436809241771698,1.0,1e-04
0.0023601215798407793,1.0,1e-04
0.00245055858977139,1.0,1e-04
0.00339821120724082,1.0,1e-04
0.0026020710356533527,1.0,1e-04
0.002122514881193638,1.0,1e-04
0.0030093698296695948,1.0,1e-04
0.0018591972766444087,1.0,1e-04
0.002162093296647072,1.0,1e-04
0.002916559111326933,1.0,1e-04
0.00278479908592999,1.0,1e-04
0.0024603810161352158,1.0,1e-04
0.0025884404312819242,1.0,1e-04
0.0020684965420514345,1.0,1e-04
0.0019359529251232743,1.0,1e-04
0.0019342816667631269,1.0,1e-04
0.0019974084571003914,1.0,1e-04
0.0024567802902311087,1.0,1e-04
0.0017099041724577546,1.0,1e-04
0.0021628886461257935,1.0,1e-04
0.002449802355840802,1.0,1e-04
0.001664038049057126,1.0,1e-04
0.0022132967133075,1.0,1e-04
0.0022450785618275404,1.0,1e-04
0.002143384190276265,1.0,1e-04
0.0019224712159484625,1.0,1e-04
0.0019132213201373816,1.0,1e-04
0.0016270074993371964,1.0,1e-04
0.001630391925573349,1.0,1e-04
0.0014740569749847054,1.0,1e-04
0.001472660107538104,1.0,1e-04
0.0026617785915732384,1.0,1e-04
0.0014078960521146655,1.0,1e-04
0.0019163098186254501,1.0,1e-04
0.0027504502795636654,1.0,1e-04
0.0031614291947335005,1.0,1e-04
0.0023211122024804354,1.0,1e-04
0.002289488445967436,1.0,1e-04
