loss,accuracy,lr
0.7020362615585327,0.699999988079071,0.001
0.09335754811763763,1.0,0.001
0.00436163367703557,1.0,0.001
0.0013382817851379514,1.0,0.001
0.0007454807637259364,1.0,0.001
0.0005370710277929902,1.0,0.001
0.00039572868263348937,1.0,0.001
0.000292368174996227,1.0,0.001
0.00022253576025832444,1.0,0.001
0.00017783687508199364,1.0,0.001
0.00014957805979065597,1.0,0.001
0.000130712753161788,1.0,0.001
0.00011658391304081306,1.0,0.001
0.0001055058091878891,1.0,0.001
9.651327127357945e-05,1.0,0.001
8.8754270109348e-05,1.0,0.001
8.185931801563129e-05,1.0,0.001
7.585225102957338e-05,1.0,0.001
7.049470150377601e-05,1.0,0.001
6.566154479514807e-05,1.0,0.001
6.125147774582729e-05,1.0,0.001
5.731814235332422e-05,1.0,0.001
5.3790019592270255e-05,1.0,0.001
5.058965689386241e-05,1.0,0.001
4.7717057896079496e-05,1.0,0.001
4.510666258283891e-05,1.0,0.001
4.276444451534189e-05,1.0,0.001
4.066657129442319e-05,1.0,0.001
3.877131894114427e-05,1.0,0.00020000001
3.8425641832873225e-05,1.0,0.00020000001
3.8085923733888194e-05,1.0,0.00020000001
3.777600795729086e-05,1.0,0.00020000001
3.747205118997954e-05,1.0,0.00020000001
3.718001607921906e-05,1.0,0.00020000001
3.690585799631663e-05,1.0,0.00020000001
3.663765892270021e-05,1.0,0.00020000001
3.6381381505634636e-05,1.0,0.00020000001
3.611914144130424e-05,1.0,0.00020000001
3.58807374141179e-05,1.0,1e-04
3.576154267648235e-05,1.0,1e-04
3.564234430086799e-05,1.0,1e-04
3.554102295311168e-05,1.0,1e-04
3.5427783586783335e-05,1.0,1e-04
3.531454422045499e-05,1.0,1e-04
3.52191855199635e-05,1.0,1e-04
3.511786417220719e-05,1.0,1e-04
3.499866579659283e-05,1.0,1e-04
3.490926610538736e-05,1.0,1e-04
3.480198574834503e-05,1.0,1e-04
3.470662340987474e-05,1.0,1e-04
3.4617223718669266e-05,1.0,1e-04
3.450994336162694e-05,1.0,1e-04
3.442650631768629e-05,1.0,1e-04
3.434902464505285e-05,1.0,1e-04
3.424770329729654e-05,1.0,1e-04
3.415234459680505e-05,1.0,1e-04
3.4056982258334756e-05,1.0,1e-04
3.3967582567129284e-05,1.0,1e-04
3.3872223866637796e-05,1.0,1e-04
3.377686516614631e-05,1.0,1e-04
3.369938349351287e-05,1.0,1e-04
3.36099838023074e-05,1.0,1e-04
3.353250212967396e-05,1.0,1e-04
3.343714342918247e-05,1.0,1e-04
3.3347743737977e-05,1.0,1e-04
3.325834040879272e-05,1.0,1e-04
3.316894071758725e-05,1.0,1e-04
3.308550003566779e-05,1.0,1e-04
3.3013981010299176e-05,1.0,1e-04
3.291862230980769e-05,1.0,1e-04
3.283518162788823e-05,1.0,1e-04
3.275174094596878e-05,1.0,1e-04
3.267425927333534e-05,1.0,1e-04
3.259081859141588e-05,1.0,1e-04
3.250141890021041e-05,1.0,1e-04
3.2417978218290955e-05,1.0,1e-04
3.23345375363715e-05,1.0,1e-04
3.224513784516603e-05,1.0,1e-04
3.2161693525267765e-05,1.0,1e-04
3.208421549061313e-05,1.0,1e-04
3.198885315214284e-05,1.0,1e-04
3.1929252145346254e-05,1.0,1e-04
3.1851770472712815e-05,1.0,1e-04
3.1768333428772166e-05,1.0,1e-04
3.167893009958789e-05,1.0,1e-04
3.159548941766843e-05,1.0,1e-04
3.150608608848415e-05,1.0,1e-04
3.1440526072401553e-05,1.0,1e-04
3.1351122743217275e-05,1.0,1e-04
3.127364470856264e-05,1.0,1e-04
3.119616667390801e-05,1.0,1e-04
3.1118681363295764e-05,1.0,1e-04
3.1041199690662324e-05,1.0,1e-04
3.095775900874287e-05,1.0,1e-04
3.088027733610943e-05,1.0,1e-04
3.0796836654189974e-05,1.0,1e-04
3.071339597227052e-05,1.0,1e-04
3.064783595618792e-05,1.0,1e-04
3.057035428355448e-05,1.0,1e-04
3.0486908144666813e-05,1.0,1e-04
3.0409433747990988e-05,1.0,1e-04
3.032599124708213e-05,1.0,1e-04
3.0248507755459286e-05,1.0,1e-04
3.0176986911101267e-05,1.0,1e-04
3.0099505238467827e-05,1.0,1e-04
3.0022023565834388e-05,1.0,1e-04
2.9968383387313224e-05,1.0,1e-04
2.9861101211281493e-05,1.0,1e-04
2.978361771965865e-05,1.0,1e-04
2.9724022169830278e-05,1.0,1e-04
2.963461520266719e-05,1.0,1e-04
2.955713716801256e-05,1.0,1e-04
2.9491575332940556e-05,1.0,1e-04
2.9426015316857956e-05,1.0,1e-04
2.9324693969101645e-05,1.0,1e-04
2.9259132134029642e-05,1.0,1e-04
2.918760947068222e-05,1.0,1e-04
2.911012779804878e-05,1.0,1e-04
2.9050526791252196e-05,1.0,1e-04
2.8961123462067917e-05,1.0,1e-04
2.8895563445985317e-05,1.0,1e-04
2.8818079954362474e-05,1.0,1e-04
2.874656092899386e-05,1.0,1e-04
2.8663116609095596e-05,1.0,1e-04
2.859159758372698e-05,1.0,1e-04
2.8537955586216412e-05,1.0,1e-04
2.8460475732572377e-05,1.0,1e-04
2.8377031412674114e-05,1.0,1e-04
2.8299549740040675e-05,1.0,1e-04
2.8233989723958075e-05,1.0,1e-04
2.8150545404059812e-05,1.0,1e-04
2.8084987206966616e-05,1.0,1e-04
2.8013464543619193e-05,1.0,1e-04
2.794790270854719e-05,1.0,1e-04
2.787638186418917e-05,1.0,1e-04
2.779293936328031e-05,1.0,1e-04
2.771545587165747e-05,1.0,1e-04
2.7667778340401128e-05,1.0,1e-04
2.7578373192227446e-05,1.0,1e-04
2.7512811357155442e-05,1.0,1e-04
2.7435331503511406e-05,1.0,1e-04
2.7369766030460596e-05,1.0,1e-04
2.7322088499204256e-05,1.0,1e-04
2.7238644179305993e-05,1.0,1e-04
2.7155203497386537e-05,1.0,1e-04
2.7083680834039114e-05,1.0,1e-04
2.7018122636945918e-05,1.0,1e-04
2.6952557163895108e-05,1.0,1e-04
2.6886997147812508e-05,1.0,1e-04
2.6815474484465085e-05,1.0,1e-04
2.674991264939308e-05,1.0,1e-04
2.668435081432108e-05,1.0,1e-04
2.6612828150973655e-05,1.0,1e-04
2.6541307306615636e-05,1.0,1e-04
2.6487667128094472e-05,1.0,1e-04
2.641614446474705e-05,1.0,1e-04
2.6338660973124206e-05,1.0,1e-04
2.6279061785317026e-05,1.0,1e-04
2.6195619284408167e-05,1.0,1e-04
2.61419772868976e-05,1.0,1e-04
2.6070454623550177e-05,1.0,1e-04
2.6010853616753593e-05,1.0,1e-04
2.591548764030449e-05,1.0,1e-04
2.5861847461783327e-05,1.0,1e-04
2.580820546427276e-05,1.0,1e-04
2.5724764782353304e-05,1.0,1e-04
2.567112460383214e-05,1.0,1e-04
2.5611521778046153e-05,1.0,1e-04
2.5528081096126698e-05,1.0,1e-04
2.5474437279626727e-05,1.0,1e-04
2.5408877263544127e-05,1.0,1e-04
2.5349272618768737e-05,1.0,1e-04
2.527775359340012e-05,1.0,1e-04
2.521218812034931e-05,1.0,1e-04
2.5146626285277307e-05,1.0,1e-04
2.5087025278480724e-05,1.0,1e-04
2.5027426090673544e-05,1.0,1e-04
2.495590342732612e-05,1.0,1e-04
2.4896300601540133e-05,1.0,1e-04
2.482477793819271e-05,1.0,1e-04
2.4777098587946966e-05,1.0,1e-04
2.4687693439773284e-05,1.0,1e-04
2.4645973098813556e-05,1.0,1e-04
2.4592332920292392e-05,1.0,1e-04
2.4514845790690742e-05,1.0,1e-04
2.4449287593597546e-05,1.0,1e-04
2.44016064243624e-05,1.0,1e-04
2.4336042770300992e-05,1.0,1e-04
2.426452010695357e-05,1.0,1e-04
2.4216840756707825e-05,1.0,1e-04
2.4163196940207854e-05,1.0,1e-04
2.4079754439298995e-05,1.0,1e-04
2.4020151613513008e-05,1.0,1e-04
2.3960550606716424e-05,1.0,1e-04
2.3906908609205857e-05,1.0,1e-04
2.3847309421398677e-05,1.0,1e-04
2.378770659561269e-05,1.0,1e-04
2.3722142941551283e-05,1.0,1e-04
2.3674461772316135e-05,1.0,1e-04
2.3608899937244132e-05,1.0,1e-04
2.356121694901958e-05,1.0,1e-04
2.3495655113947578e-05,1.0,1e-04
2.3436054107150994e-05,1.0,1e-04
2.336453144380357e-05,1.0,1e-04
2.332280928385444e-05,1.0,1e-04
2.3251286620507017e-05,1.0,1e-04
2.320956627954729e-05,1.0,1e-04
2.3149963453761302e-05,1.0,1e-04
2.3078442609403282e-05,1.0,1e-04
2.303075962117873e-05,1.0,1e-04
2.2971156795392744e-05,1.0,1e-04
2.2899635951034725e-05,1.0,1e-04
2.2863874619361013e-05,1.0,1e-04
2.2798310965299606e-05,1.0,1e-04
2.275062979606446e-05,1.0,1e-04
2.2685067960992455e-05,1.0,1e-04
2.2637384972767904e-05,1.0,1e-04
2.2565864128409885e-05,1.0,1e-04
2.2524141968460754e-05,1.0,1e-04
2.245858013338875e-05,1.0,1e-04
2.241685797343962e-05,1.0,1e-04
2.236321597592905e-05,1.0,1e-04
2.2303614969132468e-05,1.0,1e-04
2.2244010324357077e-05,1.0,1e-04
2.2184409317560494e-05,1.0,1e-04
2.2142688976600766e-05,1.0,1e-04
2.208308615081478e-05,1.0,1e-04
2.203540498157963e-05,1.0,1e-04
2.1969844965497032e-05,1.0,1e-04
2.191620114899706e-05,1.0,1e-04
2.1862559151486494e-05,1.0,1e-04
2.1814877982251346e-05,1.0,1e-04
2.174335349991452e-05,1.0,1e-04
2.1701631339965388e-05,1.0,1e-04
2.165395017073024e-05,1.0,1e-04
2.1600308173219673e-05,1.0,1e-04
2.154666799469851e-05,1.0,1e-04
2.148706334992312e-05,1.0,1e-04
2.1439383999677375e-05,1.0,1e-04
2.1385740183177404e-05,1.0,1e-04
2.1338059013942257e-05,1.0,1e-04
2.127249535988085e-05,1.0,1e-04
2.1236734028207138e-05,1.0,1e-04
2.1189054677961394e-05,1.0,1e-04
2.1135410861461423e-05,1.0,1e-04
2.106984902638942e-05,1.0,1e-04
2.103408769471571e-05,1.0,1e-04
2.098044569720514e-05,1.0,1e-04
2.093276270898059e-05,1.0,1e-04
2.0885083358734846e-05,1.0,1e-04
2.0837400370510295e-05,1.0,1e-04
2.0789719201275147e-05,1.0,1e-04
2.0724153728224337e-05,1.0,1e-04
2.0670513549703173e-05,1.0,1e-04
2.0622830561478622e-05,1.0,1e-04
2.057514757325407e-05,1.0,1e-04
2.0527466404018924e-05,1.0,1e-04
2.0479785234783776e-05,1.0,1e-04
2.0444023903110065e-05,1.0,1e-04
2.0390381905599497e-05,1.0,1e-04
2.0348659745650366e-05,1.0,1e-04
2.028905691986438e-05,1.0,1e-04
2.0235416741343215e-05,1.0,1e-04
2.0199655409669504e-05,1.0,1e-04
2.0163894077995792e-05,1.0,1e-04
2.0098330423934385e-05,1.0,1e-04
2.0056608263985254e-05,1.0,1e-04
2.0002966266474687e-05,1.0,1e-04
1.995528509723954e-05,1.0,1e-04
1.9907602109014988e-05,1.0,1e-04
1.987184259633068e-05,1.0,1e-04
1.983012043638155e-05,1.0,1e-04
1.9776476619881578e-05,1.0,1e-04
1.972879545064643e-05,1.0,1e-04
1.9675153453135863e-05,1.0,1e-04
1.963939212146215e-05,1.0,1e-04
1.958574830496218e-05,1.0,1e-04
1.9544027964002453e-05,1.0,1e-04
1.9496346794767305e-05,1.0,1e-04
1.9460585463093594e-05,1.0,1e-04
1.9412904293858446e-05,1.0,1e-04
1.937714114319533e-05,1.0,1e-04
1.9323499145684764e-05,1.0,1e-04
1.9281776985735632e-05,1.0,1e-04
1.922813316923566e-05,1.0,1e-04
1.919237183756195e-05,1.0,1e-04
1.9144690668326803e-05,1.0,1e-04
1.910892933665309e-05,1.0,1e-04
1.9055287339142524e-05,1.0,1e-04
1.9007606169907376e-05,1.0,1e-04
1.897780384751968e-05,1.0,1e-04
1.8930122678284533e-05,1.0,1e-04
1.8882439690059982e-05,1.0,1e-04
1.8834758520824835e-05,1.0,1e-04
1.8787077351589687e-05,1.0,1e-04
1.875131238193717e-05,1.0,1e-04
1.8697672203416005e-05,1.0,1e-04
1.8661910871742293e-05,1.0,1e-04
1.8626147721079178e-05,1.0,1e-04
1.8572503904579207e-05,1.0,1e-04
1.85367443918949e-05,1.0,1e-04
1.8489063222659752e-05,1.0,1e-04
1.8453300071996637e-05,1.0,1e-04
1.8411577912047505e-05,1.0,1e-04
1.8375816580373794e-05,1.0,1e-04
1.8322174582863227e-05,1.0,1e-04
1.8286413251189515e-05,1.0,1e-04
1.8244691091240384e-05,1.0,1e-04
1.8197009922005236e-05,1.0,1e-04
1.8173170246882364e-05,1.0,1e-04
1.812548543966841e-05,1.0,1e-04
1.8089724107994698e-05,1.0,1e-04
1.8030123101198114e-05,1.0,1e-04
1.7994359950535e-05,1.0,1e-04
1.7964559447136708e-05,1.0,1e-04
1.7922835468198173e-05,1.0,1e-04
1.7881115127238445e-05,1.0,1e-04
1.7839392967289314e-05,1.0,1e-04
1.7803633454605006e-05,1.0,1e-04
1.777383113221731e-05,1.0,1e-04
1.773210897226818e-05,1.0,1e-04
1.7678465155768208e-05,1.0,1e-04
1.7636742995819077e-05,1.0,1e-04
1.7612903320696205e-05,1.0,1e-04
1.7571181160747074e-05,1.0,1e-04
1.7541378838359378e-05,1.0,1e-04
1.749965849739965e-05,1.0,1e-04
1.74519755091751e-05,1.0,1e-04
1.7416214177501388e-05,1.0,1e-04
1.7380452845827676e-05,1.0,1e-04
1.7338730685878545e-05,1.0,1e-04
1.7297008525929414e-05,1.0,1e-04
1.7267208022531122e-05,1.0,1e-04
1.723144669085741e-05,1.0,1e-04
1.7189722711918876e-05,1.0,1e-04
1.7148000551969744e-05,1.0,1e-04
1.7124160876846872e-05,1.0,1e-04
1.708243871689774e-05,1.0,1e-04
1.704071655694861e-05,1.0,1e-04
1.7010916053550318e-05,1.0,1e-04
1.6969192074611783e-05,1.0,1e-04
1.6927471733652055e-05,1.0,1e-04
1.689170858298894e-05,1.0,1e-04
1.686190807959065e-05,1.0,1e-04
1.6826146747916937e-05,1.0,1e-04
1.6790383597253822e-05,1.0,1e-04
1.6742702428018674e-05,1.0,1e-04
1.6730782590457238e-05,1.0,1e-04
1.6683097783243284e-05,1.0,1e-04
1.6647336451569572e-05,1.0,1e-04
1.661753594817128e-05,1.0,1e-04
1.6563895769650117e-05,1.0,1e-04
1.6546013284823857e-05,1.0,1e-04
1.6504291124874726e-05,1.0,1e-04
1.6462568964925595e-05,1.0,1e-04
1.643872747081332e-05,1.0,1e-04
1.6402966139139608e-05,1.0,1e-04
1.6367204807465896e-05,1.0,1e-04
1.63374024850782e-05,1.0,1e-04
1.6283762306557037e-05,1.0,1e-04
1.6259918993455358e-05,1.0,1e-04
1.6224157661781646e-05,1.0,1e-04
1.618839451111853e-05,1.0,1e-04
1.614071152289398e-05,1.0,1e-04
1.612283449503593e-05,1.0,1e-04
1.6093032172648236e-05,1.0,1e-04
1.6045349184423685e-05,1.0,1e-04
1.602150769031141e-05,1.0,1e-04
1.597382470208686e-05,1.0,1e-04
1.5955945855239406e-05,1.0,1e-04
1.592614353285171e-05,1.0,1e-04
1.587249971635174e-05,1.0,1e-04
1.5842699212953448e-05,1.0,1e-04
1.5818857718841173e-05,1.0,1e-04
1.578309638716746e-05,1.0,1e-04
1.5759254893055186e-05,1.0,1e-04
1.572945257066749e-05,1.0,1e-04
1.569369123899378e-05,1.0,1e-04
1.5669849744881503e-05,1.0,1e-04
1.5628127584932372e-05,1.0,1e-04
1.5598325262544677e-05,1.0,1e-04
1.556256574986037e-05,1.0,1e-04
1.5520841770921834e-05,1.0,1e-04
1.5497000276809558e-05,1.0,1e-04
1.5461238945135847e-05,1.0,1e-04
1.5437399270012975e-05,1.0,1e-04
1.5407598766614683e-05,1.0,1e-04
1.5377794625237584e-05,1.0,1e-04
1.5330113456002437e-05,1.0,1e-04
1.530627196189016e-05,1.0,1e-04
1.5282430467777885e-05,1.0,1e-04
1.5252630873874296e-05,1.0,1e-04
1.5204946976155043e-05,1.0,1e-04
1.5175146472756751e-05,1.0,1e-04
1.5169185644481331e-05,1.0,1e-04
1.5121503565751482e-05,1.0,1e-04
1.5103621990419924e-05,1.0,1e-04
1.506785883975681e-05,1.0,1e-04
1.502613758930238e-05,1.0,1e-04
1.4996336176409386e-05,1.0,1e-04
1.4960573935240973e-05,1.0,1e-04
1.4942692359909415e-05,1.0,1e-04
1.491885086579714e-05,1.0,1e-04
1.4871169696561992e-05,1.0,1e-04
1.4847328202449717e-05,1.0,1e-04
1.4829447536612861e-05,1.0,1e-04
1.4799647033214569e-05,1.0,1e-04
1.4775805539102294e-05,1.0,1e-04
1.4740044207428582e-05,1.0,1e-04
1.470428287575487e-05,1.0,1e-04
1.4668517906102352e-05,1.0,1e-04
1.4656598978035618e-05,1.0,1e-04
1.4626797565142624e-05,1.0,1e-04
1.4596995242754929e-05,1.0,1e-04
1.45552739923005e-05,1.0,1e-04
1.4531431588693522e-05,1.0,1e-04
1.4507590094581246e-05,1.0,1e-04
1.4459908925346099e-05,1.0,1e-04
1.4442028259509243e-05,1.0,1e-04
1.441818767489167e-05,1.0,1e-04
1.439434436178999e-05,1.0,1e-04
1.4340703273774125e-05,1.0,1e-04
1.4334742445498705e-05,1.0,1e-04
1.4293020285549574e-05,1.0,1e-04
1.4281099538493436e-05,1.0,1e-04
1.425129721610574e-05,1.0,1e-04
1.4209575965651311e-05,1.0,1e-04
1.4179773643263616e-05,1.0,1e-04
1.416189297742676e-05,1.0,1e-04
1.4126131645753048e-05,1.0,1e-04
1.411421089869691e-05,1.0,1e-04
1.4084408576309215e-05,1.0,1e-04
1.4054608072910924e-05,1.0,1e-04
1.4024805750523228e-05,1.0,1e-04
1.3989042599860113e-05,1.0,1e-04
1.3983083590574097e-05,1.0,1e-04
1.3953281268186402e-05,1.0,1e-04
1.392348076478811e-05,1.0,1e-04
1.3881758604838978e-05,1.0,1e-04
1.386387612001272e-05,1.0,1e-04
1.3834074707119726e-05,1.0,1e-04
1.3816194950777572e-05,1.0,1e-04
1.3792353456665296e-05,1.0,1e-04
1.3768511053058319e-05,1.0,1e-04
1.3744671377935447e-05,1.0,1e-04
1.3696987480216194e-05,1.0,1e-04
1.3685067642654758e-05,1.0,1e-04
1.3655267139256466e-05,1.0,1e-04
1.3631424735649489e-05,1.0,1e-04
1.3601622413261794e-05,1.0,1e-04
1.3577782738138922e-05,1.0,1e-04
1.3542019587475806e-05,1.0,1e-04
1.3524139831133652e-05,1.0,1e-04
1.3506258255802095e-05,1.0,1e-04
1.348241676168982e-05,1.0,1e-04
1.3452614439302124e-05,1.0,1e-04
1.3428772035695147e-05,1.0,1e-04
1.3387050785240717e-05,1.0,1e-04
1.3369170119403861e-05,1.0,1e-04
1.3351289453567006e-05,1.0,1e-04
1.3327448868949432e-05,1.0,1e-04
1.3309567293617874e-05,1.0,1e-04
1.3273805961944163e-05,1.0,1e-04
1.3255924386612605e-05,1.0,1e-04
1.322612206422491e-05,1.0,1e-04
1.3220162145444192e-05,1.0,1e-04
1.3178441804484464e-05,1.0,1e-04
1.3166520147933625e-05,1.0,1e-04
1.3124797078489792e-05,1.0,1e-04
1.3100955584377516e-05,1.0,1e-04
1.308903574681608e-05,1.0,1e-04
1.3053273505647667e-05,1.0,1e-04
1.303539193031611e-05,1.0,1e-04
1.3005590517423116e-05,1.0,1e-04
1.2999630598642398e-05,1.0,1e-04
1.2969828276254702e-05,1.0,1e-04
1.2940026863361709e-05,1.0,1e-04
1.2916187188238837e-05,1.0,1e-04
1.2880424037575722e-05,1.0,1e-04
1.2862542462244164e-05,1.0,1e-04
1.2844660886912607e-05,1.0,1e-04
1.2826780221075751e-05,1.0,1e-04
1.2796978808182757e-05,1.0,1e-04
1.2773138223565184e-05,1.0,1e-04
1.2755257557728328e-05,1.0,1e-04
1.273737598239677e-05,1.0,1e-04
1.2695653822447639e-05,1.0,1e-04
1.2695652912952937e-05,1.0,1e-04
1.264797174371779e-05,1.0,1e-04
1.263008925889153e-05,1.0,1e-04
1.2600287845998537e-05,1.0,1e-04
1.2582408089656383e-05,1.0,1e-04
1.2564526514324825e-05,1.0,1e-04
1.254068502021255e-05,1.0,1e-04
1.2528764273156412e-05,1.0,1e-04
1.2510883607319556e-05,1.0,1e-04
1.2463200619095005e-05,1.0,1e-04
1.2445319043763448e-05,1.0,1e-04
1.2427439287421294e-05,1.0,1e-04
1.23976378745283e-05,1.0,1e-04
1.237975538970204e-05,1.0,1e-04
1.2355914805084467e-05,1.0,1e-04
1.234399405802833e-05,1.0,1e-04
1.2326112482696772e-05,1.0,1e-04
1.228439032274764e-05,1.0,1e-04
1.2272469575691503e-05,1.0,1e-04
1.2248628991073929e-05,1.0,1e-04
1.2236708244017791e-05,1.0,1e-04
1.2212866749905515e-05,1.0,1e-04
1.2183065337012522e-05,1.0,1e-04
1.2177105418231804e-05,1.0,1e-04
1.2141342267568689e-05,1.0,1e-04
1.2123461601731833e-05,1.0,1e-04
1.2105580026400276e-05,1.0,1e-04
1.208769936056342e-05,1.0,1e-04
1.2063857866451144e-05,1.0,1e-04
1.2045976291119587e-05,1.0,1e-04
1.2022135706502013e-05,1.0,1e-04
1.1992333384114318e-05,1.0,1e-04
1.1974453627772164e-05,1.0,1e-04
1.1962531971221324e-05,1.0,1e-04
1.193869138660375e-05,1.0,1e-04
1.1914849892491475e-05,1.0,1e-04
1.1896969226654619e-05,1.0,1e-04
1.1873127732542343e-05,1.0,1e-04
1.1861206075991504e-05,1.0,1e-04
1.1813523087766953e-05,1.0,1e-04
1.1813523087766953e-05,1.0,1e-04
1.178372167487396e-05,1.0,1e-04
1.1765840099542402e-05,1.0,1e-04
1.1753919352486264e-05,1.0,1e-04
1.1736038686649408e-05,1.0,1e-04
1.1706237273756415e-05,1.0,1e-04
1.1688355698424857e-05,1.0,1e-04
1.1658555195026565e-05,1.0,1e-04
1.1652594366751146e-05,1.0,1e-04
1.162875287263887e-05,1.0,1e-04
1.1604912288021296e-05,1.0,1e-04
1.1598951459745876e-05,1.0,1e-04
1.1575109965633601e-05,1.0,1e-04
1.1545307643245906e-05,1.0,1e-04
1.151550532085821e-05,1.0,1e-04
1.1515506230352912e-05,1.0,1e-04
1.1497625564516056e-05,1.0,1e-04
1.1467824151623063e-05,1.0,1e-04
1.1449943485786207e-05,1.0,1e-04
1.143206191045465e-05,1.0,1e-04
1.1420141163398512e-05,1.0,1e-04
1.1396300578780938e-05,1.0,1e-04
1.137841900344938e-05,1.0,1e-04
1.1348616681061685e-05,1.0,1e-04
1.1336696843500249e-05,1.0,1e-04
1.131881435867399e-05,1.0,1e-04
1.1294972864561714e-05,1.0,1e-04
1.1283052117505576e-05,1.0,1e-04
1.1259211532888003e-05,1.0,1e-04
1.1235370948270429e-05,1.0,1e-04
1.1211528544663452e-05,1.0,1e-04
1.1193647878826596e-05,1.0,1e-04
1.1181727131770458e-05,1.0,1e-04
1.1151925718877465e-05,1.0,1e-04
1.1140004971821327e-05,1.0,1e-04
1.112212339648977e-05,1.0,1e-04
1.1104242730652913e-05,1.0,1e-04
1.1092321983596776e-05,1.0,1e-04
1.107444131775992e-05,1.0,1e-04
1.1056559742428362e-05,1.0,1e-04
1.1020797501259949e-05,1.0,1e-04
1.1014837582479231e-05,1.0,1e-04
1.0996956916642375e-05,1.0,1e-04
1.097907625080552e-05,1.0,1e-04
1.096119376597926e-05,1.0,1e-04
1.0937352271866985e-05,1.0,1e-04
1.0919471606030129e-05,1.0,1e-04
1.0913511687249411e-05,1.0,1e-04
1.0895630111917853e-05,1.0,1e-04
1.0871788617805578e-05,1.0,1e-04
1.0853907951968722e-05,1.0,1e-04
1.0841986295417883e-05,1.0,1e-04
1.0824105629581027e-05,1.0,1e-04
1.0788343388412613e-05,1.0,1e-04
1.0770462722575758e-05,1.0,1e-04
1.076450280379504e-05,1.0,1e-04
1.0740661309682764e-05,1.0,1e-04
1.0728739653131925e-05,1.0,1e-04
1.0710858987295069e-05,1.0,1e-04
1.0687018402677495e-05,1.0,1e-04
1.0681057574402075e-05,1.0,1e-04
1.0657216989784501e-05,1.0,1e-04
1.0645295333233662e-05,1.0,1e-04
1.0627414667396806e-05,1.0,1e-04
1.0591652426228393e-05,1.0,1e-04
1.0585691597952973e-05,1.0,1e-04
1.0561850103840698e-05,1.0,1e-04
1.0555889275565278e-05,1.0,1e-04
1.0543970347498544e-05,1.0,1e-04
1.0526088772166986e-05,1.0,1e-04
1.0502246368560009e-05,1.0,1e-04
1.0484365702723153e-05,1.0,1e-04
1.0472444955667015e-05,1.0,1e-04
1.0460524208610877e-05,1.0,1e-04
1.0436682714498602e-05,1.0,1e-04
1.0418802048661746e-05,1.0,1e-04
1.0412841220386326e-05,1.0,1e-04
1.0383040716988035e-05,1.0,1e-04
1.0365159141656477e-05,1.0,1e-04
1.035323839460034e-05,1.0,1e-04
1.034727756632492e-05,1.0,1e-04
1.0329397809982765e-05,1.0,1e-04
1.029959548759507e-05,1.0,1e-04
1.0281713912263513e-05,1.0,1e-04
1.0275753083988093e-05,1.0,1e-04
1.0257872418151237e-05,1.0,1e-04
1.0251911589875817e-05,1.0,1e-04
1.023403001454426e-05,1.0,1e-04
1.0210189429926686e-05,1.0,1e-04
1.019230876408983e-05,1.0,1e-04
1.0168466360482853e-05,1.0,1e-04
1.0162506441702135e-05,1.0,1e-04
1.0150585694645997e-05,1.0,1e-04
1.0108863534696866e-05,1.0,1e-04
1.0102901796926744e-05,1.0,1e-04
1.0096942787640728e-05,1.0,1e-04
1.0067140465253033e-05,1.0,1e-04
1.0049259799416177e-05,1.0,1e-04
1.0037338142865337e-05,1.0,1e-04
1.0025418305303901e-05,1.0,1e-04
1.0013497558247764e-05,1.0,1e-04
9.995616892410908e-06,1.0,1e-04
9.977734407584649e-06,1.0,1e-04
9.965814570023213e-06,1.0,1e-04
9.941973075910937e-06,1.0,1e-04
9.918131581798662e-06,1.0,1e-04
9.912170753523242e-06,1.0,1e-04
9.900250006467104e-06,1.0,1e-04
9.888329259410966e-06,1.0,1e-04
9.870449503068812e-06,1.0,1e-04
9.858527846517973e-06,1.0,1e-04
9.840647180681117e-06,1.0,1e-04
9.834686352405697e-06,1.0,1e-04
9.810845767788123e-06,1.0,1e-04
9.804885849007405e-06,1.0,1e-04
9.787002454686444e-06,1.0,1e-04
9.781043445400428e-06,1.0,1e-04
9.733360457175877e-06,1.0,1e-04
9.733359547681175e-06,1.0,1e-04
9.727400538395159e-06,1.0,1e-04
9.709518963063601e-06,1.0,1e-04
9.691638297226746e-06,1.0,1e-04
9.673756721895188e-06,1.0,1e-04
9.65587514656363e-06,1.0,1e-04
9.649915227782913e-06,1.0,1e-04
9.637993571232073e-06,1.0,1e-04
9.620112905395217e-06,1.0,1e-04
9.608193067833781e-06,1.0,1e-04
9.596272320777643e-06,1.0,1e-04
9.578389835951384e-06,1.0,1e-04
9.54858842305839e-06,1.0,1e-04
9.530706847726833e-06,1.0,1e-04
9.518787919660099e-06,1.0,1e-04
9.518787919660099e-06,1.0,1e-04
9.488985597272404e-06,1.0,1e-04
9.488985597272404e-06,1.0,1e-04
9.471104021940846e-06,1.0,1e-04
9.453222446609288e-06,1.0,1e-04
9.44130169955315e-06,1.0,1e-04
9.423421943210997e-06,1.0,1e-04
9.417461114935577e-06,1.0,1e-04
9.411500286660157e-06,1.0,1e-04
9.387658792547882e-06,1.0,1e-04
9.35785828914959e-06,1.0,1e-04
9.34593663259875e-06,1.0,1e-04
9.33401497604791e-06,1.0,1e-04
9.334015885542613e-06,1.0,1e-04
9.310174391430337e-06,1.0,1e-04
9.304213563154917e-06,1.0,1e-04
9.286332897318061e-06,1.0,1e-04
9.274412150261924e-06,1.0,1e-04
9.268452231481206e-06,1.0,1e-04
9.24461073736893e-06,1.0,1e-04
9.226729162037373e-06,1.0,1e-04
9.220768333761953e-06,1.0,1e-04
9.208847586705815e-06,1.0,1e-04
9.185007002088241e-06,1.0,1e-04
9.173085345537402e-06,1.0,1e-04
9.161164598481264e-06,1.0,1e-04
9.155204679700546e-06,1.0,1e-04
9.143283932644408e-06,1.0,1e-04
9.12540235731285e-06,1.0,1e-04
9.113481610256713e-06,1.0,1e-04
9.095600034925155e-06,1.0,1e-04
9.0777193690883e-06,1.0,1e-04
9.065799531526864e-06,1.0,1e-04
9.047917956195306e-06,1.0,1e-04
9.041958037414588e-06,1.0,1e-04
9.035997209139168e-06,1.0,1e-04
9.02407646208303e-06,1.0,1e-04
9.006195796246175e-06,1.0,1e-04
8.994275049190037e-06,1.0,1e-04
8.982353392639197e-06,1.0,1e-04
8.970433555077761e-06,1.0,1e-04
8.958512808021624e-06,1.0,1e-04
8.922749657358509e-06,1.0,1e-04
8.898909072740935e-06,1.0,1e-04
8.892949153960217e-06,1.0,1e-04
8.892948244465515e-06,1.0,1e-04
8.881026587914675e-06,1.0,1e-04
8.86314592207782e-06,1.0,1e-04
8.845264346746262e-06,1.0,1e-04
8.845265256240964e-06,1.0,1e-04
8.827383680909406e-06,1.0,1e-04
8.821423762128688e-06,1.0,1e-04
8.81546384334797e-06,1.0,1e-04
8.791621439740993e-06,1.0,1e-04
8.761820026848e-06,1.0,1e-04
8.749899279791862e-06,1.0,1e-04
8.749899279791862e-06,1.0,1e-04
8.737978532735724e-06,1.0,1e-04
8.720096957404166e-06,1.0,1e-04
8.714136129128747e-06,1.0,1e-04
8.70817711984273e-06,1.0,1e-04
8.690296454005875e-06,1.0,1e-04
8.684335625730455e-06,1.0,1e-04
8.66049413161818e-06,1.0,1e-04
8.66049413161818e-06,1.0,1e-04
8.630691809230484e-06,1.0,1e-04
8.624730980955064e-06,1.0,1e-04
8.612810233898927e-06,1.0,1e-04
8.588968739786651e-06,1.0,1e-04
8.588968739786651e-06,1.0,1e-04
8.583008821005933e-06,1.0,1e-04
8.571087164455093e-06,1.0,1e-04
8.54724657983752e-06,1.0,1e-04
8.535325832781382e-06,1.0,1e-04
8.529365004505962e-06,1.0,1e-04
8.523405085725244e-06,1.0,1e-04
8.505523510393687e-06,1.0,1e-04
8.48764284455683e-06,1.0,1e-04
8.48764284455683e-06,1.0,1e-04
8.469761269225273e-06,1.0,1e-04
8.445919775112998e-06,1.0,1e-04
8.43995985633228e-06,1.0,1e-04
8.43399902805686e-06,1.0,1e-04
8.422078281000722e-06,1.0,1e-04
8.416117452725302e-06,1.0,1e-04
8.404197615163866e-06,1.0,1e-04
8.392275958613027e-06,1.0,1e-04
8.374396202270873e-06,1.0,1e-04
8.362474545720033e-06,1.0,1e-04
8.344593879883178e-06,1.0,1e-04
8.332672223332338e-06,1.0,1e-04
8.320752385770902e-06,1.0,1e-04
8.314791557495482e-06,1.0,1e-04
8.308830729220062e-06,1.0,1e-04
8.302869900944643e-06,1.0,1e-04
8.27903022582177e-06,1.0,1e-04
8.267108569270931e-06,1.0,1e-04
8.261147740995511e-06,1.0,1e-04
8.243267075158656e-06,1.0,1e-04
8.231346328102518e-06,1.0,1e-04
8.231345418607816e-06,1.0,1e-04
8.21942558104638e-06,1.0,1e-04
8.201544005714823e-06,1.0,1e-04
8.171742592821829e-06,1.0,1e-04
8.165782674041111e-06,1.0,1e-04
8.153861926984973e-06,1.0,1e-04
8.147900189214852e-06,1.0,1e-04
8.135980351653416e-06,1.0,1e-04
8.130019523377996e-06,1.0,1e-04
8.118098776321858e-06,1.0,1e-04
8.118098776321858e-06,1.0,1e-04
8.094257282209583e-06,1.0,1e-04
8.076376616372727e-06,1.0,1e-04
8.076376616372727e-06,1.0,1e-04
8.064454959821887e-06,1.0,1e-04
8.046574293985032e-06,1.0,1e-04
8.040613465709612e-06,1.0,1e-04
8.034652637434192e-06,1.0,1e-04
8.022732799872756e-06,1.0,1e-04
8.0048521340359e-06,1.0,1e-04
7.99293047748506e-06,1.0,1e-04
7.986969649209641e-06,1.0,1e-04
7.975048902153503e-06,1.0,1e-04
7.969088983372785e-06,1.0,1e-04
7.95120831753593e-06,1.0,1e-04
7.945248398755211e-06,1.0,1e-04
7.927366823423654e-06,1.0,1e-04
7.915446076367516e-06,1.0,1e-04
7.897564501035959e-06,1.0,1e-04
7.891603672760539e-06,1.0,1e-04
7.88564375397982e-06,1.0,1e-04
7.88564375397982e-06,1.0,1e-04
7.861803169362247e-06,1.0,1e-04
7.84988242230611e-06,1.0,1e-04
7.83796076575527e-06,1.0,1e-04
7.832000846974552e-06,1.0,1e-04
7.820080099918414e-06,1.0,1e-04
7.802198524586856e-06,1.0,1e-04
7.796237696311437e-06,1.0,1e-04
7.796237696311437e-06,1.0,1e-04
7.784316949255299e-06,1.0,1e-04
7.766435373923741e-06,1.0,1e-04
7.748554708086886e-06,1.0,1e-04
7.742593879811466e-06,1.0,1e-04
7.736633961030748e-06,1.0,1e-04
7.724714123469312e-06,1.0,1e-04
7.718753295193892e-06,1.0,1e-04
7.706832548137754e-06,1.0,1e-04
7.694911801081616e-06,1.0,1e-04
7.694911801081616e-06,1.0,1e-04
7.671069397474639e-06,1.0,1e-04
7.665110388188623e-06,1.0,1e-04
7.659149559913203e-06,1.0,1e-04
7.647227903362364e-06,1.0,1e-04
7.641267984581646e-06,1.0,1e-04
7.617426945216721e-06,1.0,1e-04
7.611466571688652e-06,1.0,1e-04
7.605505288665881e-06,1.0,1e-04
7.5935849963570945e-06,1.0,1e-04
7.581664249300957e-06,1.0,1e-04
7.575703875772888e-06,1.0,1e-04
7.563782673969399e-06,1.0,1e-04
7.563782673969399e-06,1.0,1e-04
7.539941179857124e-06,1.0,1e-04
7.528020887548337e-06,1.0,1e-04
7.528020887548337e-06,1.0,1e-04
7.528020887548337e-06,1.0,1e-04
7.51610059523955e-06,1.0,1e-04
7.510140221711481e-06,1.0,1e-04
7.4862982728518546e-06,1.0,1e-04
7.480337899323786e-06,1.0,1e-04
7.468416697520297e-06,1.0,1e-04
7.45053557693609e-06,1.0,1e-04
7.432654001604533e-06,1.0,1e-04
7.426693628076464e-06,1.0,1e-04
7.408812962239608e-06,1.0,1e-04
7.408812962239608e-06,1.0,1e-04
7.408812052744906e-06,1.0,1e-04
7.390931386908051e-06,1.0,1e-04
7.390931386908051e-06,1.0,1e-04
7.379011549346615e-06,1.0,1e-04
7.361129064520355e-06,1.0,1e-04
7.355169600486988e-06,1.0,1e-04
7.3432483986834995e-06,1.0,1e-04
7.337288025155431e-06,1.0,1e-04
7.337288025155431e-06,1.0,1e-04
7.325367278099293e-06,1.0,1e-04
7.313446985790506e-06,1.0,1e-04
7.28960503693088e-06,1.0,1e-04
7.283644663402811e-06,1.0,1e-04
7.283644663402811e-06,1.0,1e-04
7.265762633323902e-06,1.0,1e-04
7.259803624037886e-06,1.0,1e-04
7.247882422234397e-06,1.0,1e-04
7.23596167517826e-06,1.0,1e-04
7.22404001862742e-06,1.0,1e-04
7.224040928122122e-06,1.0,1e-04
7.218080099846702e-06,1.0,1e-04
7.206159352790564e-06,1.0,1e-04
7.206159352790564e-06,1.0,1e-04
7.206159352790564e-06,1.0,1e-04
7.188277777459007e-06,1.0,1e-04
7.1703966568748e-06,1.0,1e-04
7.140594789234456e-06,1.0,1e-04
7.1405956987291574e-06,1.0,1e-04
7.1405956987291574e-06,1.0,1e-04
7.134634415706387e-06,1.0,1e-04
7.134634415706387e-06,1.0,1e-04
7.116753749869531e-06,1.0,1e-04
7.104833002813393e-06,1.0,1e-04
7.092911801009905e-06,1.0,1e-04
7.080991053953767e-06,1.0,1e-04
7.080991053953767e-06,1.0,1e-04
7.069070306897629e-06,1.0,1e-04
7.063110388116911e-06,1.0,1e-04
7.057150014588842e-06,1.0,1e-04
7.045228358038003e-06,1.0,1e-04
7.033308065729216e-06,1.0,1e-04
7.021387773420429e-06,1.0,1e-04
7.003506652836222e-06,1.0,1e-04
7.003506652836222e-06,1.0,1e-04
6.991584996285383e-06,1.0,1e-04
6.985625077504665e-06,1.0,1e-04
6.973704330448527e-06,1.0,1e-04
6.961783128645038e-06,1.0,1e-04
6.955822755116969e-06,1.0,1e-04
6.9498623815889005e-06,1.0,1e-04
6.943902008060832e-06,1.0,1e-04
6.937941179785412e-06,1.0,1e-04
6.926021342223976e-06,1.0,1e-04
6.914101049915189e-06,1.0,1e-04
6.9021798481117e-06,1.0,1e-04
6.8962190198362805e-06,1.0,1e-04
6.8902591010555625e-06,1.0,1e-04
6.878338353999425e-06,1.0,1e-04
6.866417152195936e-06,1.0,1e-04
6.866417152195936e-06,1.0,1e-04
6.854496405139798e-06,1.0,1e-04
6.84257520333631e-06,1.0,1e-04
6.84257520333631e-06,1.0,1e-04
6.824694082752103e-06,1.0,1e-04
6.818733709224034e-06,1.0,1e-04
6.812773790443316e-06,1.0,1e-04
6.812772880948614e-06,1.0,1e-04
6.812772880948614e-06,1.0,1e-04
6.7948922151117586e-06,1.0,1e-04
6.771049811504781e-06,1.0,1e-04
6.765090802218765e-06,1.0,1e-04
6.7531691456679255e-06,1.0,1e-04
6.7531691456679255e-06,1.0,1e-04
6.753170055162627e-06,1.0,1e-04
6.73528847983107e-06,1.0,1e-04
6.729327196808299e-06,1.0,1e-04
6.711446530971443e-06,1.0,1e-04
6.711446530971443e-06,1.0,1e-04
6.705486157443374e-06,1.0,1e-04
6.693565410387237e-06,1.0,1e-04
6.693565410387237e-06,1.0,1e-04
6.681644208583748e-06,1.0,1e-04
6.669724825769663e-06,1.0,1e-04
6.663763542746892e-06,1.0,1e-04
6.657803169218823e-06,1.0,1e-04
6.6458824221626855e-06,1.0,1e-04
6.639921593887266e-06,1.0,1e-04
6.62204092805041e-06,1.0,1e-04
6.61608009977499e-06,1.0,1e-04
6.6041588979715016e-06,1.0,1e-04
6.604159807466203e-06,1.0,1e-04
6.586278232134646e-06,1.0,1e-04
6.574357485078508e-06,1.0,1e-04
6.574356575583806e-06,1.0,1e-04
6.568397111550439e-06,1.0,1e-04
6.562436283275019e-06,1.0,1e-04
6.550515536218882e-06,1.0,1e-04
6.544555617438164e-06,1.0,1e-04
6.532634870382026e-06,1.0,1e-04
6.526674496853957e-06,1.0,1e-04
6.520713213831186e-06,1.0,1e-04
6.520713213831186e-06,1.0,1e-04
6.508792921522399e-06,1.0,1e-04
6.5028325479943305e-06,1.0,1e-04
6.490911800938193e-06,1.0,1e-04
6.484951882157475e-06,1.0,1e-04
6.473030225606635e-06,1.0,1e-04
6.467070306825917e-06,1.0,1e-04
6.467070306825917e-06,1.0,1e-04
6.4491891862417106e-06,1.0,1e-04
6.431307610910153e-06,1.0,1e-04
6.431307610910153e-06,1.0,1e-04
6.425347237382084e-06,1.0,1e-04
6.419386863854015e-06,1.0,1e-04
6.419386863854015e-06,1.0,1e-04
6.4015061980171595e-06,1.0,1e-04
6.389584996213671e-06,1.0,1e-04
6.383624167938251e-06,1.0,1e-04
6.383624622685602e-06,1.0,1e-04
6.377664249157533e-06,1.0,1e-04
6.371703875629464e-06,1.0,1e-04
6.365743502101395e-06,1.0,1e-04
6.3478628362645395e-06,1.0,1e-04
6.329981260932982e-06,1.0,1e-04
6.329981260932982e-06,1.0,1e-04
6.324020887404913e-06,1.0,1e-04
6.324020887404913e-06,1.0,1e-04
6.318060513876844e-06,1.0,1e-04
6.3120996856014244e-06,1.0,1e-04
6.3061393120733555e-06,1.0,1e-04
6.294218565017218e-06,1.0,1e-04
6.2882586462365e-06,1.0,1e-04
6.276337899180362e-06,1.0,1e-04
6.27633698968566e-06,1.0,1e-04
6.2524959503207356e-06,1.0,1e-04
6.240575203264598e-06,1.0,1e-04
6.234614374989178e-06,1.0,1e-04
6.234614374989178e-06,1.0,1e-04
6.228654001461109e-06,1.0,1e-04
6.228654910955811e-06,1.0,1e-04
6.210773335624253e-06,1.0,1e-04
6.198852588568116e-06,1.0,1e-04
6.198852588568116e-06,1.0,1e-04
6.198852588568116e-06,1.0,1e-04
6.198852588568116e-06,1.0,1e-04
6.180971013236558e-06,1.0,1e-04
6.163089892652351e-06,1.0,1e-04
6.157129064376932e-06,1.0,1e-04
6.151168690848863e-06,1.0,1e-04
6.139247943792725e-06,1.0,1e-04
6.139247943792725e-06,1.0,1e-04
6.133287570264656e-06,1.0,1e-04
6.1213663684611674e-06,1.0,1e-04
6.1094460761523806e-06,1.0,1e-04
6.1094460761523806e-06,1.0,1e-04
6.103485702624312e-06,1.0,1e-04
6.091565410315525e-06,1.0,1e-04
6.091564955568174e-06,1.0,1e-04
6.079643753764685e-06,1.0,1e-04
6.0617630879278295e-06,1.0,1e-04
6.05580225965241e-06,1.0,1e-04
6.049842340871692e-06,1.0,1e-04
6.049841886124341e-06,1.0,1e-04
6.049842340871692e-06,1.0,1e-04
6.04984143137699e-06,1.0,1e-04
6.049842340871692e-06,1.0,1e-04
6.037921593815554e-06,1.0,1e-04
6.026000392012065e-06,1.0,1e-04
5.996198524371721e-06,1.0,1e-04
5.990237696096301e-06,1.0,1e-04
5.990237696096301e-06,1.0,1e-04
5.990238605591003e-06,1.0,1e-04
5.978316949040163e-06,1.0,1e-04
5.972357030259445e-06,1.0,1e-04
5.972357030259445e-06,1.0,1e-04
5.9604362832033075e-06,1.0,1e-04
5.948515081399819e-06,1.0,1e-04
5.94851553614717e-06,1.0,1e-04
5.936594789091032e-06,1.0,1e-04
5.930633960815612e-06,1.0,1e-04
5.9246731325401925e-06,1.0,1e-04
5.924673587287543e-06,1.0,1e-04
5.9187127590121236e-06,1.0,1e-04
5.9127528402314056e-06,1.0,1e-04
5.906792466703337e-06,1.0,1e-04
5.894871264899848e-06,1.0,1e-04
5.88891134611913e-06,1.0,1e-04
5.882950972591061e-06,1.0,1e-04
5.865069397259504e-06,1.0,1e-04
5.853148650203366e-06,1.0,1e-04
5.853148650203366e-06,1.0,1e-04
5.841228357894579e-06,1.0,1e-04
5.841227903147228e-06,1.0,1e-04
5.841227448399877e-06,1.0,1e-04
5.829306701343739e-06,1.0,1e-04
5.82930715609109e-06,1.0,1e-04
5.823346782563021e-06,1.0,1e-04
5.823346782563021e-06,1.0,1e-04
5.811425580759533e-06,1.0,1e-04
5.799504833703395e-06,1.0,1e-04
5.793544460175326e-06,1.0,1e-04
5.7756633395911194e-06,1.0,1e-04
5.7756633395911194e-06,1.0,1e-04
5.7697034208104014e-06,1.0,1e-04
5.757782673754264e-06,1.0,1e-04
5.757781764259562e-06,1.0,1e-04
5.757782673754264e-06,1.0,1e-04
5.751821845478844e-06,1.0,1e-04
5.733940724894637e-06,1.0,1e-04
5.722019523091149e-06,1.0,1e-04
5.71605914956308e-06,1.0,1e-04
5.71605914956308e-06,1.0,1e-04
5.704138402506942e-06,1.0,1e-04
5.704138402506942e-06,1.0,1e-04
5.698178028978873e-06,1.0,1e-04
5.698178483726224e-06,1.0,1e-04
5.6743365348665975e-06,1.0,1e-04
5.6743365348665975e-06,1.0,1e-04
5.66241578781046e-06,1.0,1e-04
5.656455414282391e-06,1.0,1e-04
5.656455414282391e-06,1.0,1e-04
5.65645495953504e-06,1.0,1e-04
5.656455414282391e-06,1.0,1e-04
5.650494586006971e-06,1.0,1e-04
5.6266530918946955e-06,1.0,1e-04
5.620692718366627e-06,1.0,1e-04
5.608771516563138e-06,1.0,1e-04
5.608771516563138e-06,1.0,1e-04
5.60877242605784e-06,1.0,1e-04
5.60281159778242e-06,1.0,1e-04
5.590890395978931e-06,1.0,1e-04
5.5849300224508625e-06,1.0,1e-04
5.5789701036701445e-06,1.0,1e-04
5.567048901866656e-06,1.0,1e-04
5.561088528338587e-06,1.0,1e-04
5.555128154810518e-06,1.0,1e-04
5.549167781282449e-06,1.0,1e-04
5.549167781282449e-06,1.0,1e-04
5.549167781282449e-06,1.0,1e-04
5.54320740775438e-06,1.0,1e-04
5.54320740775438e-06,1.0,1e-04
5.525325832422823e-06,1.0,1e-04
5.513405540114036e-06,1.0,1e-04
5.513405085366685e-06,1.0,1e-04
5.513405540114036e-06,1.0,1e-04
5.507444711838616e-06,1.0,1e-04
5.495523964782478e-06,1.0,1e-04
5.489563591254409e-06,1.0,1e-04
5.4836032177263405e-06,1.0,1e-04
5.471682470670203e-06,1.0,1e-04
5.471682470670203e-06,1.0,1e-04
5.459761268866714e-06,1.0,1e-04
5.453800895338645e-06,1.0,1e-04
5.4418801482825074e-06,1.0,1e-04
5.4418801482825074e-06,1.0,1e-04
5.423999482445652e-06,1.0,1e-04
5.418038654170232e-06,1.0,1e-04
5.412078280642163e-06,1.0,1e-04
5.412078280642163e-06,1.0,1e-04
5.412078280642163e-06,1.0,1e-04
5.406117907114094e-06,1.0,1e-04
5.400157533586025e-06,1.0,1e-04
5.394197160057956e-06,1.0,1e-04
5.394197160057956e-06,1.0,1e-04
5.382275958254468e-06,1.0,1e-04
5.376315584726399e-06,1.0,1e-04
5.370355665945681e-06,1.0,1e-04
5.364394837670261e-06,1.0,1e-04
5.364395292417612e-06,1.0,1e-04
5.352474545361474e-06,1.0,1e-04
5.346514171833405e-06,1.0,1e-04
5.340553798305336e-06,1.0,1e-04
5.334592970029917e-06,1.0,1e-04
5.328632596501848e-06,1.0,1e-04
5.322671768226428e-06,1.0,1e-04
5.31671184944571e-06,1.0,1e-04
5.304790647642221e-06,1.0,1e-04
5.298830274114152e-06,1.0,1e-04
5.2869099818053655e-06,1.0,1e-04
5.286909527058015e-06,1.0,1e-04
5.280949608277297e-06,1.0,1e-04
5.274989234749228e-06,1.0,1e-04
5.269028406473808e-06,1.0,1e-04
5.269028406473808e-06,1.0,1e-04
5.269028861221159e-06,1.0,1e-04
5.269028406473808e-06,1.0,1e-04
5.269028861221159e-06,1.0,1e-04
5.25710765941767e-06,1.0,1e-04
5.233265710558044e-06,1.0,1e-04
5.221344963501906e-06,1.0,1e-04
5.215384589973837e-06,1.0,1e-04
5.215385044721188e-06,1.0,1e-04
5.215384589973837e-06,1.0,1e-04
5.215384589973837e-06,1.0,1e-04
5.215385044721188e-06,1.0,1e-04
5.209424216445768e-06,1.0,1e-04
5.209424216445768e-06,1.0,1e-04
5.1915435506089125e-06,1.0,1e-04
5.185582722333493e-06,1.0,1e-04
5.185583177080844e-06,1.0,1e-04
5.173661975277355e-06,1.0,1e-04
5.161741228221217e-06,1.0,1e-04
5.161741228221217e-06,1.0,1e-04
5.1498200264177285e-06,1.0,1e-04
5.1498200264177285e-06,1.0,1e-04
5.1498200264177285e-06,1.0,1e-04
5.14385965288966e-06,1.0,1e-04
5.125978532305453e-06,1.0,1e-04
5.125978532305453e-06,1.0,1e-04
5.125978532305453e-06,1.0,1e-04
5.120018158777384e-06,1.0,1e-04
5.114057330501964e-06,1.0,1e-04
5.1021370381931774e-06,1.0,1e-04
5.096176209917758e-06,1.0,1e-04
5.0961766646651085e-06,1.0,1e-04
5.08425546286162e-06,1.0,1e-04
5.078295544080902e-06,1.0,1e-04
5.072334715805482e-06,1.0,1e-04
5.072334715805482e-06,1.0,1e-04
5.072334715805482e-06,1.0,1e-04
5.066374342277413e-06,1.0,1e-04
5.066374342277413e-06,1.0,1e-04
5.066374342277413e-06,1.0,1e-04
5.066374797024764e-06,1.0,1e-04
5.0544535952212755e-06,1.0,1e-04
5.036572474637069e-06,1.0,1e-04
5.02465127283358e-06,1.0,1e-04
5.018691354052862e-06,1.0,1e-04
5.018690899305511e-06,1.0,1e-04
5.012730525777442e-06,1.0,1e-04
5.0067701522493735e-06,1.0,1e-04
5.000809778721305e-06,1.0,1e-04
4.994849405193236e-06,1.0,1e-04
4.994849405193236e-06,1.0,1e-04
4.982928658137098e-06,1.0,1e-04
4.982928658137098e-06,1.0,1e-04
4.976968284609029e-06,1.0,1e-04
4.971007456333609e-06,1.0,1e-04
4.965047537552891e-06,1.0,1e-04
4.96504708280554e-06,1.0,1e-04
4.9590867092774715e-06,1.0,1e-04
4.953126335749403e-06,1.0,1e-04
4.953126335749403e-06,1.0,1e-04
4.947166416968685e-06,1.0,1e-04
4.929284386889776e-06,1.0,1e-04
4.929284841637127e-06,1.0,1e-04
4.929284386889776e-06,1.0,1e-04
4.923324468109058e-06,1.0,1e-04
4.917364094580989e-06,1.0,1e-04
4.9114032663055696e-06,1.0,1e-04
4.9114032663055696e-06,1.0,1e-04
4.9054433475248516e-06,1.0,1e-04
4.9054433475248516e-06,1.0,1e-04
4.887562226940645e-06,1.0,1e-04
4.881601398665225e-06,1.0,1e-04
4.875641025137156e-06,1.0,1e-04
4.875641025137156e-06,1.0,1e-04
4.869681106356438e-06,1.0,1e-04
4.869680651609087e-06,1.0,1e-04
4.8637202780810185e-06,1.0,1e-04
4.85775990455295e-06,1.0,1e-04
4.851799531024881e-06,1.0,1e-04
4.839878783968743e-06,1.0,1e-04
4.827957582165254e-06,1.0,1e-04
4.827958036912605e-06,1.0,1e-04
4.827958036912605e-06,1.0,1e-04
4.821997208637185e-06,1.0,1e-04
4.816037289856467e-06,1.0,1e-04
4.816037289856467e-06,1.0,1e-04
4.816037289856467e-06,1.0,1e-04
4.810076461581048e-06,1.0,1e-04
4.810076461581048e-06,1.0,1e-04
4.79815571452491e-06,1.0,1e-04
4.786234967468772e-06,1.0,1e-04
4.780274139193352e-06,1.0,1e-04
4.7683533921372145e-06,1.0,1e-04
4.7683538468845654e-06,1.0,1e-04
4.7683533921372145e-06,1.0,1e-04
4.762393018609146e-06,1.0,1e-04
4.756432645081077e-06,1.0,1e-04
4.756432645081077e-06,1.0,1e-04
4.744511898024939e-06,1.0,1e-04
4.738551979244221e-06,1.0,1e-04
4.726630777440732e-06,1.0,1e-04
4.726630777440732e-06,1.0,1e-04
4.7206704039126635e-06,1.0,1e-04
4.7206699491653126e-06,1.0,1e-04
4.714709575637244e-06,1.0,1e-04
4.708749656856526e-06,1.0,1e-04
4.702788828581106e-06,1.0,1e-04
4.702788828581106e-06,1.0,1e-04
4.690867626777617e-06,1.0,1e-04
4.684907707996899e-06,1.0,1e-04
4.667026132665342e-06,1.0,1e-04
4.667026587412693e-06,1.0,1e-04
4.667026132665342e-06,1.0,1e-04
4.661065759137273e-06,1.0,1e-04
4.661065759137273e-06,1.0,1e-04
4.661065759137273e-06,1.0,1e-04
4.661066213884624e-06,1.0,1e-04
4.661065759137273e-06,1.0,1e-04
4.661066213884624e-06,1.0,1e-04
4.655105385609204e-06,1.0,1e-04
4.637223810277646e-06,1.0,1e-04
4.6253035179688595e-06,1.0,1e-04
4.613382770912722e-06,1.0,1e-04
4.613382316165371e-06,1.0,1e-04
4.601462023856584e-06,1.0,1e-04
4.601462023856584e-06,1.0,1e-04
4.601462023856584e-06,1.0,1e-04
4.595501195581164e-06,1.0,1e-04
4.589540822053095e-06,1.0,1e-04
4.589540822053095e-06,1.0,1e-04
4.589540822053095e-06,1.0,1e-04
4.5776200749969576e-06,1.0,1e-04
4.5776200749969576e-06,1.0,1e-04
4.565698873193469e-06,1.0,1e-04
4.56569932794082e-06,1.0,1e-04
4.565698873193469e-06,1.0,1e-04
4.565698873193469e-06,1.0,1e-04
4.565698873193469e-06,1.0,1e-04
4.565699782688171e-06,1.0,1e-04
4.5597384996654e-06,1.0,1e-04
4.553778580884682e-06,1.0,1e-04
4.535897460300475e-06,1.0,1e-04
4.523976258496987e-06,1.0,1e-04
4.518015884968918e-06,1.0,1e-04
4.518015884968918e-06,1.0,1e-04
4.518015884968918e-06,1.0,1e-04
4.512055511440849e-06,1.0,1e-04
4.494174390856642e-06,1.0,1e-04
4.494174390856642e-06,1.0,1e-04
4.494174390856642e-06,1.0,1e-04
4.494174390856642e-06,1.0,1e-04
4.494174390856642e-06,1.0,1e-04
4.494174390856642e-06,1.0,1e-04
4.476292815525085e-06,1.0,1e-04
4.476293270272436e-06,1.0,1e-04
4.476292815525085e-06,1.0,1e-04
4.476292815525085e-06,1.0,1e-04
4.464372068468947e-06,1.0,1e-04
4.458411694940878e-06,1.0,1e-04
4.452451321412809e-06,1.0,1e-04
4.452451321412809e-06,1.0,1e-04
4.446491402632091e-06,1.0,1e-04
4.4345702008286025e-06,1.0,1e-04
4.434569746081252e-06,1.0,1e-04
4.422649453772465e-06,1.0,1e-04
4.422648544277763e-06,1.0,1e-04
4.422648999025114e-06,1.0,1e-04
4.416688170749694e-06,1.0,1e-04
4.416688625497045e-06,1.0,1e-04
4.416688625497045e-06,1.0,1e-04
4.410728251968976e-06,1.0,1e-04
4.410728251968976e-06,1.0,1e-04
4.410728251968976e-06,1.0,1e-04
4.410728251968976e-06,1.0,1e-04
4.404767423693556e-06,1.0,1e-04
4.369005182525143e-06,1.0,1e-04
4.363044808997074e-06,1.0,1e-04
4.363044808997074e-06,1.0,1e-04
4.363044808997074e-06,1.0,1e-04
4.363044808997074e-06,1.0,1e-04
4.363044808997074e-06,1.0,1e-04
4.363045263744425e-06,1.0,1e-04
4.363045263744425e-06,1.0,1e-04
4.357084435469005e-06,1.0,1e-04
4.339202860137448e-06,1.0,1e-04
4.339202860137448e-06,1.0,1e-04
4.339202860137448e-06,1.0,1e-04
4.32728211308131e-06,1.0,1e-04
4.321321739553241e-06,1.0,1e-04
4.321322194300592e-06,1.0,1e-04
4.321321739553241e-06,1.0,1e-04
4.321321739553241e-06,1.0,1e-04
4.309400992497103e-06,1.0,1e-04
4.303440618969034e-06,1.0,1e-04
4.2974802454409655e-06,1.0,1e-04
4.2974802454409655e-06,1.0,1e-04
4.2974802454409655e-06,1.0,1e-04
4.291519871912897e-06,1.0,1e-04
4.291519871912897e-06,1.0,1e-04
4.279599124856759e-06,1.0,1e-04
4.279599124856759e-06,1.0,1e-04
4.279599124856759e-06,1.0,1e-04
4.273638296581339e-06,1.0,1e-04
4.273638296581339e-06,1.0,1e-04
4.273638296581339e-06,1.0,1e-04
4.273638296581339e-06,1.0,1e-04
4.261718004272552e-06,1.0,1e-04
4.255757630744483e-06,1.0,1e-04
4.2557571759971324e-06,1.0,1e-04
4.243836428940995e-06,1.0,1e-04
4.231915681884857e-06,1.0,1e-04
4.219994480081368e-06,1.0,1e-04
4.214034106553299e-06,1.0,1e-04
4.2080737330252305e-06,1.0,1e-04
4.208074187772581e-06,1.0,1e-04
4.2080737330252305e-06,1.0,1e-04
4.2021138142445125e-06,1.0,1e-04
4.2021138142445125e-06,1.0,1e-04
4.2021138142445125e-06,1.0,1e-04
4.2021138142445125e-06,1.0,1e-04
4.2021138142445125e-06,1.0,1e-04
4.2021138142445125e-06,1.0,1e-04
4.2021138142445125e-06,1.0,1e-04
4.184231784165604e-06,1.0,1e-04
4.178271865384886e-06,1.0,1e-04
4.178271865384886e-06,1.0,1e-04
4.172311491856817e-06,1.0,1e-04
4.172311491856817e-06,1.0,1e-04
4.166350663581397e-06,1.0,1e-04
4.1544303712726105e-06,1.0,1e-04
4.148469997744542e-06,1.0,1e-04
4.136548795941053e-06,1.0,1e-04
4.136548795941053e-06,1.0,1e-04
4.130588422412984e-06,1.0,1e-04
4.130588422412984e-06,1.0,1e-04
4.124628503632266e-06,1.0,1e-04
4.118667675356846e-06,1.0,1e-04
4.118667675356846e-06,1.0,1e-04
4.1127068470814265e-06,1.0,1e-04
4.1127068470814265e-06,1.0,1e-04
4.106746473553358e-06,1.0,1e-04
4.1067469283007085e-06,1.0,1e-04
4.1067469283007085e-06,1.0,1e-04
4.1067469283007085e-06,1.0,1e-04
4.106746473553358e-06,1.0,1e-04
4.100786100025289e-06,1.0,1e-04
4.094826181244571e-06,1.0,1e-04
4.09482572649722e-06,1.0,1e-04
4.088865352969151e-06,1.0,1e-04
4.082904979441082e-06,1.0,1e-04
4.070984232384944e-06,1.0,1e-04
4.070984232384944e-06,1.0,1e-04
4.053102657053387e-06,1.0,1e-04
4.047142283525318e-06,1.0,1e-04
4.0411823647446e-06,1.0,1e-04
4.0411823647446e-06,1.0,1e-04
4.041181909997249e-06,1.0,1e-04
4.03522153646918e-06,1.0,1e-04
4.03522153646918e-06,1.0,1e-04
4.03522153646918e-06,1.0,1e-04
4.03522153646918e-06,1.0,1e-04
4.023300789413042e-06,1.0,1e-04
4.0173404158849735e-06,1.0,1e-04
4.011380042356905e-06,1.0,1e-04
4.011380042356905e-06,1.0,1e-04
4.011380042356905e-06,1.0,1e-04
4.011380042356905e-06,1.0,1e-04
4.005419668828836e-06,1.0,1e-04
4.005419668828836e-06,1.0,1e-04
4.005419214081485e-06,1.0,1e-04
4.005419214081485e-06,1.0,1e-04
3.999458840553416e-06,1.0,1e-04
3.999459295300767e-06,1.0,1e-04
3.999458840553416e-06,1.0,1e-04
3.987538548244629e-06,1.0,1e-04
3.9756168916937895e-06,1.0,1e-04
3.9696569729130715e-06,1.0,1e-04
3.957736225856934e-06,1.0,1e-04
3.957736225856934e-06,1.0,1e-04
3.957736225856934e-06,1.0,1e-04
3.957736225856934e-06,1.0,1e-04
3.957736225856934e-06,1.0,1e-04
3.945815478800796e-06,1.0,1e-04
3.945815478800796e-06,1.0,1e-04
3.939854650525376e-06,1.0,1e-04
3.939854650525376e-06,1.0,1e-04
3.933894731744658e-06,1.0,1e-04
3.933894276997307e-06,1.0,1e-04
3.927934358216589e-06,1.0,1e-04
3.9219735299411695e-06,1.0,1e-04
3.9219735299411695e-06,1.0,1e-04
3.9219735299411695e-06,1.0,1e-04
3.904092409356963e-06,1.0,1e-04
3.904092409356963e-06,1.0,1e-04
3.904092409356963e-06,1.0,1e-04
3.904092409356963e-06,1.0,1e-04
3.898131581081543e-06,1.0,1e-04
3.892171207553474e-06,1.0,1e-04
3.892171207553474e-06,1.0,1e-04
3.892171207553474e-06,1.0,1e-04
3.886211288772756e-06,1.0,1e-04
3.8802504604973365e-06,1.0,1e-04
3.862368885165779e-06,1.0,1e-04
3.85640851163771e-06,1.0,1e-04
3.85640851163771e-06,1.0,1e-04
3.856408966385061e-06,1.0,1e-04
3.85640851163771e-06,1.0,1e-04
3.856408966385061e-06,1.0,1e-04
3.856408966385061e-06,1.0,1e-04
3.856408966385061e-06,1.0,1e-04
3.856408966385061e-06,1.0,1e-04
3.850448592856992e-06,1.0,1e-04
3.850448592856992e-06,1.0,1e-04
3.838527391053503e-06,1.0,1e-04
3.838527391053503e-06,1.0,1e-04
3.838527391053503e-06,1.0,1e-04
3.838527391053503e-06,1.0,1e-04
3.8266070987447165e-06,1.0,1e-04
3.820646270469297e-06,1.0,1e-04
3.820646270469297e-06,1.0,1e-04
3.820646270469297e-06,1.0,1e-04
3.820646270469297e-06,1.0,1e-04
3.808725068665808e-06,1.0,1e-04
3.80276514988509e-06,1.0,1e-04
3.80276514988509e-06,1.0,1e-04
3.790843720707926e-06,1.0,1e-04
3.7848835745535325e-06,1.0,1e-04
3.7848835745535325e-06,1.0,1e-04
3.7789232010254636e-06,1.0,1e-04
3.7670022265956504e-06,1.0,1e-04
3.7670022265956504e-06,1.0,1e-04
3.7670022265956504e-06,1.0,1e-04
3.755081706913188e-06,1.0,1e-04
3.755081706913188e-06,1.0,1e-04
3.755081706913188e-06,1.0,1e-04
3.7491208786377683e-06,1.0,1e-04
3.7491213333851192e-06,1.0,1e-04
3.7491213333851192e-06,1.0,1e-04
3.7491213333851192e-06,1.0,1e-04
3.7491208786377683e-06,1.0,1e-04
3.7491208786377683e-06,1.0,1e-04
3.743160732483375e-06,1.0,1e-04
3.743160732483375e-06,1.0,1e-04
3.737200358955306e-06,1.0,1e-04
3.737200358955306e-06,1.0,1e-04
3.7312397580535617e-06,1.0,1e-04
3.7312397580535617e-06,1.0,1e-04
3.719319010997424e-06,1.0,1e-04
3.7193192383710993e-06,1.0,1e-04
3.7133584100956796e-06,1.0,1e-04
3.7133584100956796e-06,1.0,1e-04
3.707398263941286e-06,1.0,1e-04
3.7014374356658664e-06,1.0,1e-04
3.7014378904132172e-06,1.0,1e-04
3.7014374356658664e-06,1.0,1e-04
3.6954770621377975e-06,1.0,1e-04
3.6954770621377975e-06,1.0,1e-04
3.6954775168851484e-06,1.0,1e-04
3.683556542455335e-06,1.0,1e-04
3.683556542455335e-06,1.0,1e-04
3.683556542455335e-06,1.0,1e-04
3.677595941553591e-06,1.0,1e-04
3.6597145935957087e-06,1.0,1e-04
3.6597150483430596e-06,1.0,1e-04
3.6477940739132464e-06,1.0,1e-04
3.6418332456378266e-06,1.0,1e-04
3.6418332456378266e-06,1.0,1e-04
3.6418337003851775e-06,1.0,1e-04
3.6418337003851775e-06,1.0,1e-04
3.6358728721097577e-06,1.0,1e-04
3.635873099483433e-06,1.0,1e-04
3.6358728721097577e-06,1.0,1e-04
3.6358728721097577e-06,1.0,1e-04
3.6358728721097577e-06,1.0,1e-04
3.6358728721097577e-06,1.0,1e-04
3.6358728721097577e-06,1.0,1e-04
3.635873099483433e-06,1.0,1e-04
3.62395212505362e-06,1.0,1e-04
3.6179912967782e-06,1.0,1e-04
3.606070777095738e-06,1.0,1e-04
