loss,accuracy,lr
0.4441501498222351,0.800000011920929,0.001
0.23027925193309784,0.8999999761581421,0.001
0.3931771218776703,0.8999999761581421,0.001
0.1839754581451416,0.949999988079071,0.001
0.19591626524925232,0.925000011920929,0.001
0.06402207165956497,1.0,0.001
0.09408102184534073,0.9750000238418579,0.001
0.04237879067659378,1.0,0.001
0.009804509580135345,1.0,0.001
0.01876171864569187,1.0,0.001
0.050684548914432526,0.9750000238418579,0.001
0.22639720141887665,0.875,0.001
0.010675273835659027,1.0,0.001
0.08215608447790146,0.949999988079071,0.001
0.010123769752681255,1.0,0.001
0.016927065327763557,1.0,0.001
0.005676677916198969,1.0,0.001
0.010538986884057522,1.0,0.001
0.010500130243599415,1.0,0.001
0.0020820144563913345,1.0,0.001
0.0016290066996589303,1.0,0.001
0.002001288114115596,1.0,0.001
0.018172157928347588,1.0,0.001
0.013152889907360077,1.0,0.001
0.0017533686477690935,1.0,0.001
0.04664594680070877,0.9750000238418579,0.001
0.0006472421810030937,1.0,0.001
0.0031364336609840393,1.0,0.001
0.04444781318306923,0.9750000238418579,0.001
0.04649681970477104,0.9750000238418579,0.001
0.014784879982471466,1.0,0.001
0.05340378358960152,0.9750000238418579,0.001
0.014952780678868294,1.0,0.001
0.07538475841283798,0.949999988079071,0.001
0.015557987615466118,1.0,0.001
0.10516450554132462,0.9750000238418579,0.001
0.1238899976015091,0.925000011920929,0.001
0.04604025557637215,0.9750000238418579,0.00020000001
0.16410812735557556,0.9750000238418579,0.00020000001
0.004767867736518383,1.0,0.00020000001
0.025153864175081253,0.9750000238418579,0.00020000001
0.0018652580911293626,1.0,0.00020000001
0.0034270118921995163,1.0,0.00020000001
0.014488672837615013,1.0,0.00020000001
0.0030619176104664803,1.0,0.00020000001
0.004344695247709751,1.0,0.00020000001
0.02632181905210018,1.0,0.00020000001
0.0229467935860157,1.0,1e-04
0.015432586893439293,1.0,1e-04
0.0015229742275550961,1.0,1e-04
0.00178770930506289,1.0,1e-04
0.0015637731412425637,1.0,1e-04
0.0021024513989686966,1.0,1e-04
0.0026271904353052378,1.0,1e-04
0.0013470274861901999,1.0,1e-04
0.004047888331115246,1.0,1e-04
0.0036631827242672443,1.0,1e-04
0.0027778898365795612,1.0,1e-04
0.007074040826410055,1.0,1e-04
0.001277694245800376,1.0,1e-04
0.003623149823397398,1.0,1e-04
0.0024873693473637104,1.0,1e-04
0.028712084516882896,1.0,1e-04
0.0031470893882215023,1.0,1e-04
0.0006701856618747115,1.0,1e-04
0.00048390551819466054,1.0,1e-04
0.0039093708619475365,1.0,1e-04
0.0013215795625001192,1.0,1e-04
0.0004346767091192305,1.0,1e-04
0.0004969475558027625,1.0,1e-04
0.04193267598748207,0.9750000238418579,1e-04
0.003357072826474905,1.0,1e-04
0.004764309618622065,1.0,1e-04
0.0045060222037136555,1.0,1e-04
0.012951369397342205,1.0,1e-04
0.0011827753623947501,1.0,1e-04
0.004963926505297422,1.0,1e-04
0.0007553008617833257,1.0,1e-04
0.000670198816806078,1.0,1e-04
0.0006972568808123469,1.0,1e-04
0.012799386866390705,1.0,1e-04
0.002872051205486059,1.0,1e-04
0.005285201594233513,1.0,1e-04
0.005374480038881302,1.0,1e-04
0.0016286203172057867,1.0,1e-04
0.0010294275125488639,1.0,1e-04
0.0012489244109019637,1.0,1e-04
0.0018246143590658903,1.0,1e-04
0.0007582762045785785,1.0,1e-04
0.000681979232467711,1.0,1e-04
0.001439373241737485,1.0,1e-04
0.0004989241133444011,1.0,1e-04
0.0013364928308874369,1.0,1e-04
0.004388281609863043,1.0,1e-04
0.0012307636206969619,1.0,1e-04
0.0003558191529009491,1.0,1e-04
0.00027562398463487625,1.0,1e-04
0.0005733054131269455,1.0,1e-04
0.0006776399677619338,1.0,1e-04
0.004161034245043993,1.0,1e-04
0.18815980851650238,0.9750000238418579,1e-04
0.00027736506308428943,1.0,1e-04
0.002210811246186495,1.0,1e-04
0.05446474999189377,0.9750000238418579,1e-04
0.013494288548827171,1.0,1e-04
0.03689083829522133,0.9750000238418579,1e-04
0.0081329932436347,1.0,1e-04
0.0004182378761470318,1.0,1e-04
0.004432748071849346,1.0,1e-04
0.0014112363569438457,1.0,1e-04
0.0007039664196781814,1.0,1e-04
0.0009432918159291148,1.0,1e-04
0.0036581014283001423,1.0,1e-04
0.0016371369129046798,1.0,1e-04
0.0028650464955717325,1.0,1e-04
0.004268103279173374,1.0,1e-04
0.0011578710982576013,1.0,1e-04
0.0012127046938985586,1.0,1e-04
0.0019543932285159826,1.0,1e-04
0.0010202622506767511,1.0,1e-04
0.0015533603727817535,1.0,1e-04
0.0007649014587514102,1.0,1e-04
0.010370725765824318,1.0,1e-04
0.002679794328287244,1.0,1e-04
0.0005649481900036335,1.0,1e-04
0.0007790876552462578,1.0,1e-04
0.0026957164518535137,1.0,1e-04
0.000339877704391256,1.0,1e-04
0.00037614587927237153,1.0,1e-04
0.0031362101435661316,1.0,1e-04
0.0006034387624822557,1.0,1e-04
0.0016659362008795142,1.0,1e-04
0.00026510367752052844,1.0,1e-04
0.0008127309265546501,1.0,1e-04
0.0024072895757853985,1.0,1e-04
0.01982613280415535,1.0,1e-04
0.00048516615061089396,1.0,1e-04
0.00018042433657683432,1.0,1e-04
0.00044108094880357385,1.0,1e-04
0.0008982910076156259,1.0,1e-04
0.001262493315152824,1.0,1e-04
0.0002695388102438301,1.0,1e-04
0.000977355637587607,1.0,1e-04
0.0004490308347158134,1.0,1e-04
0.0003998153260909021,1.0,1e-04
0.00015590120165143162,1.0,1e-04
0.00022199885279405862,1.0,1e-04
0.027106260880827904,1.0,1e-04
0.00043890252709388733,1.0,1e-04
0.07567603886127472,0.949999988079071,1e-04
0.001758889527991414,1.0,1e-04
0.0002292634453624487,1.0,1e-04
0.005427353549748659,1.0,1e-04
0.0015048953937366605,1.0,1e-04
0.002532522426918149,1.0,1e-04
0.001878108480013907,1.0,1e-04
0.0011524440487846732,1.0,1e-04
0.05080973356962204,0.9750000238418579,1e-04
0.0034340745769441128,1.0,1e-04
0.010750913992524147,1.0,1e-04
0.014635482802987099,1.0,1e-04
0.0003356830566190183,1.0,1e-04
0.00044881674693897367,1.0,1e-04
0.0003760811232496053,1.0,1e-04
0.00036780102527700365,1.0,1e-04
0.0006682459497824311,1.0,1e-04
0.002064180327579379,1.0,1e-04
0.02440405823290348,1.0,1e-04
0.0034897394943982363,1.0,1e-04
0.0005460185348056257,1.0,1e-04
0.00023635469551663846,1.0,1e-04
0.0007799575105309486,1.0,1e-04
0.00043650547740980983,1.0,1e-04
0.0005473883356899023,1.0,1e-04
0.00021901140280533582,1.0,1e-04
0.0009363281424157321,1.0,1e-04
0.00159173714928329,1.0,1e-04
0.0007652171771042049,1.0,1e-04
0.014050008729100227,1.0,1e-04
0.0015695365145802498,1.0,1e-04
0.0011732142884284258,1.0,1e-04
0.00019638880621641874,1.0,1e-04
0.0013662137789651752,1.0,1e-04
0.00037217186763882637,1.0,1e-04
0.0005414302577264607,1.0,1e-04
0.0001283138117287308,1.0,1e-04
0.00010793522233143449,1.0,1e-04
0.00043674634071066976,1.0,1e-04
0.0002975207753479481,1.0,1e-04
0.00025211257161572576,1.0,1e-04
0.00040275463834404945,1.0,1e-04
0.0002713876310735941,1.0,1e-04
0.0015705522382631898,1.0,1e-04
0.00012880026770289987,1.0,1e-04
0.0002765788813121617,1.0,1e-04
0.0001672608923399821,1.0,1e-04
0.0017312609124928713,1.0,1e-04
6.0916703660041094e-05,1.0,1e-04
0.0005578993586823344,1.0,1e-04
0.0002775038010440767,1.0,1e-04
0.00034539541229605675,1.0,1e-04
0.0003483732580207288,1.0,1e-04
6.387890607584268e-05,1.0,1e-04
0.013112667016685009,1.0,1e-04
0.0001527225540485233,1.0,1e-04
0.00012883676390629262,1.0,1e-04
0.00033916975371539593,1.0,1e-04
0.00022066119709052145,1.0,1e-04
0.00079073675442487,1.0,1e-04
0.00011824226385215297,1.0,1e-04
0.0009655540925450623,1.0,1e-04
0.0016746420878916979,1.0,1e-04
0.0009953700937330723,1.0,1e-04
8.510616316925734e-05,1.0,1e-04
8.273367711808532e-05,1.0,1e-04
0.0002158009447157383,1.0,1e-04
0.00010012282291427255,1.0,1e-04
0.002630040515214205,1.0,1e-04
0.00011142482981085777,1.0,1e-04
0.00027761192177422345,1.0,1e-04
0.0002563850721344352,1.0,1e-04
0.0013201383408159018,1.0,1e-04
0.00016010987746994942,1.0,1e-04
0.00024985085474327207,1.0,1e-04
0.00017655661213211715,1.0,1e-04
0.00012557595619000494,1.0,1e-04
0.00020008243154734373,1.0,1e-04
6.0694641433656216e-05,1.0,1e-04
0.0001460807106923312,1.0,1e-04
0.000283676665276289,1.0,1e-04
8.758789772400633e-05,1.0,1e-04
0.005620669107884169,1.0,1e-04
0.0012220705393701792,1.0,1e-04
0.0001081299051293172,1.0,1e-04
8.625904592918232e-05,1.0,1e-04
0.000565679045394063,1.0,1e-04
0.00013957433111499995,1.0,1e-04
0.0002748832921497524,1.0,1e-04
0.00014054097118787467,1.0,1e-04
0.0001276093680644408,1.0,1e-04
0.002185642719268799,1.0,1e-04
0.0009285641717724502,1.0,1e-04
7.010301487753168e-05,1.0,1e-04
0.0016855038702487946,1.0,1e-04
0.0002019729872699827,1.0,1e-04
0.0006754567730240524,1.0,1e-04
7.103336974978447e-05,1.0,1e-04
0.000630452181212604,1.0,1e-04
0.00025017865118570626,1.0,1e-04
0.0002883709967136383,1.0,1e-04
9.890562068903819e-05,1.0,1e-04
0.0008865095442160964,1.0,1e-04
0.00010357800783822313,1.0,1e-04
0.000468518293928355,1.0,1e-04
6.292002217378467e-05,1.0,1e-04
0.0003911615931428969,1.0,1e-04
9.1348156274762e-05,1.0,1e-04
6.686581764370203e-05,1.0,1e-04
0.00014505264698527753,1.0,1e-04
4.9685488193063065e-05,1.0,1e-04
8.476806397084147e-05,1.0,1e-04
0.0008905016584321856,1.0,1e-04
5.388369390857406e-05,1.0,1e-04
5.676505315932445e-05,1.0,1e-04
0.00018488889327272773,1.0,1e-04
7.9164638009388e-05,1.0,1e-04
0.00010745636973297223,1.0,1e-04
0.0001131504395743832,1.0,1e-04
0.00010694429511204362,1.0,1e-04
0.00036955956602469087,1.0,1e-04
0.0008053373312577605,1.0,1e-04
0.0022336156107485294,1.0,1e-04
0.0020228750072419643,1.0,1e-04
9.169569966616109e-05,1.0,1e-04
3.6109260690864176e-05,1.0,1e-04
5.7730107073439285e-05,1.0,1e-04
0.0002604614128358662,1.0,1e-04
0.0001821068290155381,1.0,1e-04
0.00019299467385280877,1.0,1e-04
0.00010806081991177052,1.0,1e-04
3.79860466637183e-05,1.0,1e-04
9.56364965531975e-05,1.0,1e-04
0.002478591399267316,1.0,1e-04
3.4402255550958216e-05,1.0,1e-04
0.0009050007211044431,1.0,1e-04
0.0016864642966538668,1.0,1e-04
0.00044952999451197684,1.0,1e-04
4.496793917496689e-05,1.0,1e-04
4.7524306864943355e-05,1.0,1e-04
0.00020372642029542476,1.0,1e-04
4.1988307202700526e-05,1.0,1e-04
3.1654617487220094e-05,1.0,1e-04
0.0005748748080804944,1.0,1e-04
4.74914486403577e-05,1.0,1e-04
0.0005208047805353999,1.0,1e-04
0.0056840418837964535,1.0,1e-04
0.0012608260149136186,1.0,1e-04
7.962074596434832e-05,1.0,1e-04
0.0008962670108303428,1.0,1e-04
0.00012396454985719174,1.0,1e-04
6.619976193178445e-05,1.0,1e-04
0.00013241420674603432,1.0,1e-04
0.0005092558567412198,1.0,1e-04
2.943734943983145e-05,1.0,1e-04
2.8519469196908176e-05,1.0,1e-04
0.00034930644324049354,1.0,1e-04
2.749738996499218e-05,1.0,1e-04
0.0001226338354172185,1.0,1e-04
0.0001780484599294141,1.0,1e-04
4.472544605960138e-05,1.0,1e-04
0.00012065978080499917,1.0,1e-04
7.750305667286739e-05,1.0,1e-04
0.0001948376011569053,1.0,1e-04
0.00011542267020558938,1.0,1e-04
0.00015315056953113526,1.0,1e-04
5.040956966695376e-05,1.0,1e-04
0.00047535652993246913,1.0,1e-04
0.00041346397483721375,1.0,1e-04
9.382742427987978e-05,1.0,1e-04
0.0014823854435235262,1.0,1e-04
0.0002350721915718168,1.0,1e-04
0.0004656695818994194,1.0,1e-04
5.1744747906923294e-05,1.0,1e-04
0.0004909803392365575,1.0,1e-04
0.00011955960508203134,1.0,1e-04
0.0014794988092035055,1.0,1e-04
0.002468051388859749,1.0,1e-04
4.818482557311654e-05,1.0,1e-04
0.00013527962437365204,1.0,1e-04
0.00019214683561585844,1.0,1e-04
0.0003462364838924259,1.0,1e-04
9.204876550938934e-05,1.0,1e-04
6.472208769991994e-05,1.0,1e-04
8.18583503132686e-05,1.0,1e-04
0.00037628228892572224,1.0,1e-04
6.778359966119751e-05,1.0,1e-04
6.783261051168665e-05,1.0,1e-04
3.088342054979876e-05,1.0,1e-04
0.00031095670419745147,1.0,1e-04
0.0004629777686204761,1.0,1e-04
3.0498204068862833e-05,1.0,1e-04
0.0007151573081500828,1.0,1e-04
2.811419835779816e-05,1.0,1e-04
0.000428294122684747,1.0,1e-04
4.6552646381314844e-05,1.0,1e-04
3.205030589015223e-05,1.0,1e-04
0.00011419456131989136,1.0,1e-04
0.000466581666842103,1.0,1e-04
0.00014078256208449602,1.0,1e-04
0.0027944492176175117,1.0,1e-04
0.00017097339150495827,1.0,1e-04
6.678060890408233e-05,1.0,1e-04
0.00042568944627419114,1.0,1e-04
0.00013418261369224638,1.0,1e-04
2.3968923414940946e-05,1.0,1e-04
2.6647961931303144e-05,1.0,1e-04
5.022782715968788e-05,1.0,1e-04
7.604860729770735e-05,1.0,1e-04
0.0001462091167923063,1.0,1e-04
0.00012175088340882212,1.0,1e-04
8.189032814698294e-05,1.0,1e-04
3.553979331627488e-05,1.0,1e-04
0.00011579915735637769,1.0,1e-04
0.0005941495765000582,1.0,1e-04
0.0009375757654197514,1.0,1e-04
3.112965350737795e-05,1.0,1e-04
0.0001251517387572676,1.0,1e-04
0.0015784406568855047,1.0,1e-04
0.00014377008483279496,1.0,1e-04
5.190014053368941e-05,1.0,1e-04
0.0006957375444471836,1.0,1e-04
5.6059354392345995e-05,1.0,1e-04
0.0001503394014434889,1.0,1e-04
0.004158315248787403,1.0,1e-04
0.00015566872025374323,1.0,1e-04
3.551883855834603e-05,1.0,1e-04
4.075469041708857e-05,1.0,1e-04
6.552496779477224e-05,1.0,1e-04
0.010463220998644829,1.0,1e-04
5.232051626080647e-05,1.0,1e-04
3.846724939648993e-05,1.0,1e-04
3.58559591404628e-05,1.0,1e-04
4.838365566683933e-05,1.0,1e-04
0.0001506797270849347,1.0,1e-04
3.0887924367561936e-05,1.0,1e-04
7.388896483462304e-05,1.0,1e-04
0.00017198962450493127,1.0,1e-04
7.601852848893031e-05,1.0,1e-04
0.00019719815463759005,1.0,1e-04
0.0009440727299079299,1.0,1e-04
3.562536585377529e-05,1.0,1e-04
0.0003466225753072649,1.0,1e-04
2.3101587430574e-05,1.0,1e-04
0.00028434296837076545,1.0,1e-04
0.00028626882703974843,1.0,1e-04
3.785190710914321e-05,1.0,1e-04
2.032748125202488e-05,1.0,1e-04
0.0004091294831596315,1.0,1e-04
0.0006320519605651498,1.0,1e-04
0.0001260807184735313,1.0,1e-04
3.267477950430475e-05,1.0,1e-04
2.9102680855430663e-05,1.0,1e-04
4.233008803566918e-05,1.0,1e-04
0.0004922813968732953,1.0,1e-04
3.161251879646443e-05,1.0,1e-04
9.97901224764064e-05,1.0,1e-04
0.0007368528749793768,1.0,1e-04
0.0005253303097561002,1.0,1e-04
3.567519524949603e-05,1.0,1e-04
0.01934097893536091,1.0,1e-04
1.4936527804820798e-05,1.0,1e-04
0.0006258830544538796,1.0,1e-04
0.0001177829471998848,1.0,1e-04
4.615924262907356e-05,1.0,1e-04
0.0003233316820114851,1.0,1e-04
0.0005807320703752339,1.0,1e-04
0.0002582685847301036,1.0,1e-04
0.031507790088653564,0.9750000238418579,1e-04
0.0003317043592687696,1.0,1e-04
0.0009434785461053252,1.0,1e-04
0.007152248173952103,1.0,1e-04
0.007350842468440533,1.0,1e-04
0.007399550173431635,1.0,1e-04
0.024293700233101845,1.0,1e-04
0.009720254689455032,1.0,1e-04
0.00035281997406855226,1.0,1e-04
0.0019371263915672898,1.0,1e-04
0.00019789327052421868,1.0,1e-04
9.701777889858931e-05,1.0,1e-04
0.00017320261395070702,1.0,1e-04
0.0009834857191890478,1.0,1e-04
0.0019481783965602517,1.0,1e-04
0.0002904667053371668,1.0,1e-04
0.0004820670874323696,1.0,1e-04
9.005409810924903e-05,1.0,1e-04
0.0003893013927154243,1.0,1e-04
8.832783350953832e-05,1.0,1e-04
0.002268934855237603,1.0,1e-04
0.017252106219530106,1.0,1e-04
0.0001443338260287419,1.0,1e-04
0.0003627575351856649,1.0,1e-04
0.00014573204680345953,1.0,1e-04
0.0009862935403361917,1.0,1e-04
0.009510433301329613,1.0,1e-04
7.775322592351586e-05,1.0,1e-04
0.00017972559726331383,1.0,1e-04
0.00500455079600215,1.0,1e-04
0.00010195850336458534,1.0,1e-04
3.952565020881593e-05,1.0,1e-04
0.0009156236192211509,1.0,1e-04
0.00010929958807537332,1.0,1e-04
0.00017376631149090827,1.0,1e-04
8.834956679493189e-05,1.0,1e-04
3.33524112647865e-05,1.0,1e-04
4.5674874854739755e-05,1.0,1e-04
6.495082197943702e-05,1.0,1e-04
2.6829369744518772e-05,1.0,1e-04
0.0005964642623439431,1.0,1e-04
0.00025587057461962104,1.0,1e-04
2.567304727563169e-05,1.0,1e-04
2.8422673494787887e-05,1.0,1e-04
7.093544991221279e-05,1.0,1e-04
0.000205745265702717,1.0,1e-04
0.00093760498566553,1.0,1e-04
7.927215483505279e-05,1.0,1e-04
7.519915379816666e-05,1.0,1e-04
0.0060182600282132626,1.0,1e-04
8.135348616633564e-05,1.0,1e-04
0.0001555746712256223,1.0,1e-04
0.0001146321083069779,1.0,1e-04
0.0007294088718481362,1.0,1e-04
4.420869663590565e-05,1.0,1e-04
1.92812985915225e-05,1.0,1e-04
5.638240327243693e-05,1.0,1e-04
5.2086659707129e-05,1.0,1e-04
0.010111908428370953,1.0,1e-04
0.0005914223147556186,1.0,1e-04
0.0007088441052474082,1.0,1e-04
0.00013092029257677495,1.0,1e-04
0.0009522325126454234,1.0,1e-04
7.750977965770289e-05,1.0,1e-04
0.0005076876259408891,1.0,1e-04
0.00010748159547802061,1.0,1e-04
9.023920574691147e-05,1.0,1e-04
0.001284523052163422,1.0,1e-04
6.268058496061713e-05,1.0,1e-04
0.00012630624405574054,1.0,1e-04
4.492745938478038e-05,1.0,1e-04
9.290927846450359e-05,1.0,1e-04
0.00037137733306735754,1.0,1e-04
0.0019871497061103582,1.0,1e-04
0.0016890212427824736,1.0,1e-04
7.260529673658311e-05,1.0,1e-04
0.00014647029456682503,1.0,1e-04
0.002480423776432872,1.0,1e-04
5.347387195797637e-05,1.0,1e-04
6.506949284812436e-05,1.0,1e-04
0.00010870362166315317,1.0,1e-04
7.898105104686692e-05,1.0,1e-04
2.3002921807346866e-05,1.0,1e-04
2.4494040189892985e-05,1.0,1e-04
2.76782284345245e-05,1.0,1e-04
0.0007904050871729851,1.0,1e-04
0.00010123782703885809,1.0,1e-04
1.5440073184436187e-05,1.0,1e-04
0.00031999623752199113,1.0,1e-04
0.001490988302975893,1.0,1e-04
7.12283217580989e-05,1.0,1e-04
7.37976806703955e-05,1.0,1e-04
3.821117206825875e-05,1.0,1e-04
1.7146263417089358e-05,1.0,1e-04
1.0916234714386519e-05,1.0,1e-04
2.653249612194486e-05,1.0,1e-04
2.4828215828165412e-05,1.0,1e-04
3.946389915654436e-05,1.0,1e-04
1.0141376151295844e-05,1.0,1e-04
5.025441714678891e-05,1.0,1e-04
0.00011214157711947337,1.0,1e-04
8.529239494237117e-06,1.0,1e-04
0.005280149169266224,1.0,1e-04
0.00018645769159775227,1.0,1e-04
0.002343352884054184,1.0,1e-04
0.0005705094081349671,1.0,1e-04
0.00035364547511562705,1.0,1e-04
0.01827535219490528,1.0,1e-04
0.00010954342724289745,1.0,1e-04
1.9012279153685085e-05,1.0,1e-04
2.3846430849516764e-05,1.0,1e-04
3.2941818062681705e-05,1.0,1e-04
0.0001105731789721176,1.0,1e-04
7.716206891927868e-05,1.0,1e-04
2.8290796763030812e-05,1.0,1e-04
1.8270060536451638e-05,1.0,1e-04
5.7950092013925314e-05,1.0,1e-04
7.992245082277805e-05,1.0,1e-04
2.3577433239552192e-05,1.0,1e-04
0.0001114776823669672,1.0,1e-04
0.007216569036245346,1.0,1e-04
2.5910903787007555e-05,1.0,1e-04
0.00010927375114988536,1.0,1e-04
4.217294917907566e-05,1.0,1e-04
5.48386960872449e-05,1.0,1e-04
1.4751519302080851e-05,1.0,1e-04
0.00010577445209491998,1.0,1e-04
2.0936351575073786e-05,1.0,1e-04
1.5708228602306917e-05,1.0,1e-04
0.00036116561386734247,1.0,1e-04
8.231056563090533e-05,1.0,1e-04
0.0012848555343225598,1.0,1e-04
3.4170465369243175e-05,1.0,1e-04
8.108992915367708e-05,1.0,1e-04
0.00021779332018923014,1.0,1e-04
2.5415956770302728e-05,1.0,1e-04
5.396745473262854e-05,1.0,1e-04
3.5477081837598234e-05,1.0,1e-04
0.0001561690296512097,1.0,1e-04
1.4754667063243687e-05,1.0,1e-04
2.4156275685527362e-05,1.0,1e-04
0.0002504102303646505,1.0,1e-04
1.9513701772666536e-05,1.0,1e-04
0.0007467209361493587,1.0,1e-04
0.000317300291499123,1.0,1e-04
3.65087907994166e-05,1.0,1e-04
3.644609387265518e-05,1.0,1e-04
1.6071866411948577e-05,1.0,1e-04
9.873338058241643e-06,1.0,1e-04
0.00018331268802285194,1.0,1e-04
0.00011225931666558608,1.0,1e-04
1.178660477307858e-05,1.0,1e-04
1.4551993444911204e-05,1.0,1e-04
0.00016534075257368386,1.0,1e-04
1.469432572775986e-05,1.0,1e-04
0.00044221655116416514,1.0,1e-04
1.3804045920551289e-05,1.0,1e-04
4.95603890158236e-05,1.0,1e-04
1.4143608495942317e-05,1.0,1e-04
2.5027309675351717e-05,1.0,1e-04
9.34581294131931e-06,1.0,1e-04
2.320283601875417e-05,1.0,1e-04
1.3121291885909159e-05,1.0,1e-04
0.0002672495902515948,1.0,1e-04
4.8843969125300646e-05,1.0,1e-04
2.495073204045184e-05,1.0,1e-04
5.236015567788854e-05,1.0,1e-04
3.288152947789058e-05,1.0,1e-04
2.671293987077661e-05,1.0,1e-04
0.00017445212870370597,1.0,1e-04
0.00015328844892792404,1.0,1e-04
1.5368581443908624e-05,1.0,1e-04
2.052060517598875e-05,1.0,1e-04
2.4900087737478316e-05,1.0,1e-04
7.524965440097731e-06,1.0,1e-04
6.53018505545333e-05,1.0,1e-04
2.483331991243176e-05,1.0,1e-04
6.947004294488579e-05,1.0,1e-04
1.4927571100997739e-05,1.0,1e-04
3.762092819670215e-05,1.0,1e-04
1.7793650840758346e-05,1.0,1e-04
0.00017493190534878522,1.0,1e-04
6.892631063237786e-05,1.0,1e-04
8.899303793441504e-05,1.0,1e-04
0.0022752624936401844,1.0,1e-04
5.7938530517276376e-05,1.0,1e-04
3.591731729102321e-05,1.0,1e-04
1.3097672308504116e-05,1.0,1e-04
0.00023257538850884885,1.0,1e-04
0.00025415740674361587,1.0,1e-04
0.0005081201088614762,1.0,1e-04
4.1607785533415154e-05,1.0,1e-04
0.0014162202132865787,1.0,1e-04
0.00041043554665520787,1.0,1e-04
1.425382106390316e-05,1.0,1e-04
0.004401941318064928,1.0,1e-04
1.601795338501688e-05,1.0,1e-04
0.0001184351131087169,1.0,1e-04
4.821975835511694e-06,1.0,1e-04
3.443378591327928e-05,1.0,1e-04
0.00016844835772644728,1.0,1e-04
8.36218532640487e-06,1.0,1e-04
1.3076892173558008e-05,1.0,1e-04
1.7624133761273697e-05,1.0,1e-04
4.4081065425416455e-05,1.0,1e-04
0.0008671663817949593,1.0,1e-04
2.737434988375753e-05,1.0,1e-04
0.0001382257032673806,1.0,1e-04
7.217964594019577e-06,1.0,1e-04
3.1538733310298994e-05,1.0,1e-04
3.680172812892124e-05,1.0,1e-04
0.011598261073231697,1.0,1e-04
4.19972202507779e-05,1.0,1e-04
0.0008773910813033581,1.0,1e-04
0.0007745401235297322,1.0,1e-04
0.0042650229297578335,1.0,1e-04
0.0007976965862326324,1.0,1e-04
0.01058400608599186,1.0,1e-04
0.00012327566219028085,1.0,1e-04
3.993652353528887e-05,1.0,1e-04
0.000728919287212193,1.0,1e-04
3.159361222060397e-05,1.0,1e-04
6.347682210616767e-05,1.0,1e-04
1.321104537055362e-05,1.0,1e-04
4.148118750890717e-05,1.0,1e-04
4.066792826051824e-05,1.0,1e-04
1.9543454982340336e-05,1.0,1e-04
0.00012149855319876224,1.0,1e-04
2.3017306375550106e-05,1.0,1e-04
1.817834345274605e-05,1.0,1e-04
1.2007061741314828e-05,1.0,1e-04
4.960112346452661e-05,1.0,1e-04
4.969376095687039e-05,1.0,1e-04
5.434301056084223e-05,1.0,1e-04
3.874287722283043e-05,1.0,1e-04
1.1992159670626279e-05,1.0,1e-04
0.0011236685095354915,1.0,1e-04
4.25783364335075e-05,1.0,1e-04
1.0123651009052992e-05,1.0,1e-04
9.96871131064836e-06,1.0,1e-04
1.0552832463872619e-05,1.0,1e-04
2.776490873657167e-05,1.0,1e-04
3.3446132874814793e-05,1.0,1e-04
0.00014418622595258057,1.0,1e-04
0.00793776661157608,1.0,1e-04
8.37391271488741e-05,1.0,1e-04
2.42221121879993e-05,1.0,1e-04
0.00895614642649889,1.0,1e-04
0.00011936840746784583,1.0,1e-04
1.7651045709499158e-05,1.0,1e-04
1.6831794710014947e-05,1.0,1e-04
7.280822319444269e-05,1.0,1e-04
0.00012519110168796033,1.0,1e-04
0.0009233375312760472,1.0,1e-04
0.00020347360987216234,1.0,1e-04
4.693347727879882e-05,1.0,1e-04
0.0005290697445161641,1.0,1e-04
0.003354540793225169,1.0,1e-04
0.00030618495657108724,1.0,1e-04
2.3931064788484946e-05,1.0,1e-04
4.7115689085330814e-05,1.0,1e-04
0.00045012737973593175,1.0,1e-04
0.00021646494860760868,1.0,1e-04
2.8431895771063864e-05,1.0,1e-04
0.000633472460322082,1.0,1e-04
3.272193134762347e-05,1.0,1e-04
5.3177052905084565e-05,1.0,1e-04
1.0019365618063603e-05,1.0,1e-04
2.8732489226968028e-05,1.0,1e-04
4.467616599868052e-05,1.0,1e-04
1.3199026398069691e-05,1.0,1e-04
9.4509196060244e-05,1.0,1e-04
0.0007655546069145203,1.0,1e-04
4.092646486242302e-05,1.0,1e-04
2.652732109709177e-05,1.0,1e-04
4.630572584574111e-05,1.0,1e-04
1.860666998254601e-05,1.0,1e-04
0.00015652397996746004,1.0,1e-04
1.8314793123863637e-05,1.0,1e-04
6.672672498098109e-06,1.0,1e-04
1.5571049516438507e-05,1.0,1e-04
1.9489616533974186e-05,1.0,1e-04
0.0005429685697890818,1.0,1e-04
2.5913857825798914e-05,1.0,1e-04
8.359421372006182e-06,1.0,1e-04
0.16750949621200562,0.949999988079071,1e-04
5.752259312430397e-05,1.0,1e-04
0.08215448260307312,0.9750000238418579,1e-04
0.0019831557292491198,1.0,1e-04
0.003393585328012705,1.0,1e-04
0.06689149141311646,0.9750000238418579,1e-04
0.008493414148688316,1.0,1e-04
0.004164552316069603,1.0,1e-04
0.0007848916575312614,1.0,1e-04
0.0066230385564267635,1.0,1e-04
0.0032071475870907307,1.0,1e-04
0.00194535159971565,1.0,1e-04
0.0011884664418175817,1.0,1e-04
0.0004182846168987453,1.0,1e-04
0.0008178418502211571,1.0,1e-04
0.0009893083479255438,1.0,1e-04
0.00043090974213555455,1.0,1e-04
0.0003813205985352397,1.0,1e-04
0.003102294635027647,1.0,1e-04
0.0005191264790482819,1.0,1e-04
0.008545625023543835,1.0,1e-04
0.0007415959844365716,1.0,1e-04
0.00019785462063737214,1.0,1e-04
0.0006465791957452893,1.0,1e-04
0.0004115011543035507,1.0,1e-04
0.0001849669497460127,1.0,1e-04
0.0033822704572230577,1.0,1e-04
0.0012942978646606207,1.0,1e-04
8.813132444629446e-05,1.0,1e-04
9.496256825514138e-05,1.0,1e-04
8.508605969836935e-05,1.0,1e-04
4.2109819332836196e-05,1.0,1e-04
0.019647816196084023,0.9750000238418579,1e-04
0.00080540293129161,1.0,1e-04
0.0005039204261265695,1.0,1e-04
0.0003905366756953299,1.0,1e-04
0.0008106976747512817,1.0,1e-04
0.0017695467686280608,1.0,1e-04
0.07944534718990326,0.949999988079071,1e-04
0.0016784518957138062,1.0,1e-04
0.016272949054837227,1.0,1e-04
0.000758988899178803,1.0,1e-04
0.0027433286886662245,1.0,1e-04
0.005864313803613186,1.0,1e-04
0.010206541046500206,1.0,1e-04
0.008194472640752792,1.0,1e-04
0.0045212553814053535,1.0,1e-04
0.005555181764066219,1.0,1e-04
0.0007288237102329731,1.0,1e-04
0.00013601427781395614,1.0,1e-04
7.427849050145596e-05,1.0,1e-04
0.0007626175065524876,1.0,1e-04
8.037864608922973e-05,1.0,1e-04
6.889052747283131e-05,1.0,1e-04
0.0003010269138030708,1.0,1e-04
0.0006129847606644034,1.0,1e-04
0.0008731003035791218,1.0,1e-04
0.00021645256492774934,1.0,1e-04
0.01599421538412571,1.0,1e-04
0.0006926901405677199,1.0,1e-04
0.00024934622342698276,1.0,1e-04
0.00011426238052081317,1.0,1e-04
7.094450847944245e-05,1.0,1e-04
0.00020600610878318548,1.0,1e-04
0.00407389784231782,1.0,1e-04
0.000274935329798609,1.0,1e-04
0.0008872180478647351,1.0,1e-04
0.0006400893325917423,1.0,1e-04
0.002143035177141428,1.0,1e-04
0.00015433778753504157,1.0,1e-04
5.361564763006754e-05,1.0,1e-04
0.00010398621816420928,1.0,1e-04
0.0008824722608551383,1.0,1e-04
8.829373837215826e-05,1.0,1e-04
0.000163275224622339,1.0,1e-04
0.0002505463780835271,1.0,1e-04
0.0003805274609476328,1.0,1e-04
0.00028807081980630755,1.0,1e-04
3.373430445208214e-05,1.0,1e-04
0.0004417966993059963,1.0,1e-04
9.251722076442093e-05,1.0,1e-04
6.009522985550575e-05,1.0,1e-04
0.00014021644892636687,1.0,1e-04
8.866420830599964e-05,1.0,1e-04
0.00045096728717908263,1.0,1e-04
0.00016250651970040053,1.0,1e-04
0.0017558388644829392,1.0,1e-04
0.0007534606265835464,1.0,1e-04
2.5509390980005264e-05,1.0,1e-04
0.0001997512736124918,1.0,1e-04
0.00011093697685282677,1.0,1e-04
0.00012154338037362322,1.0,1e-04
6.427185871871188e-05,1.0,1e-04
6.154509901534766e-05,1.0,1e-04
0.00023663579486310482,1.0,1e-04
0.0002939678670372814,1.0,1e-04
8.549502672394738e-05,1.0,1e-04
2.396893614786677e-05,1.0,1e-04
0.008329903706908226,1.0,1e-04
7.358263246715069e-05,1.0,1e-04
8.454750059172511e-05,1.0,1e-04
3.908504731953144e-05,1.0,1e-04
3.03778397210408e-05,1.0,1e-04
5.630971281789243e-05,1.0,1e-04
7.094457396306098e-05,1.0,1e-04
6.193605076987296e-05,1.0,1e-04
3.7084875657455996e-05,1.0,1e-04
7.498965715058148e-05,1.0,1e-04
0.00021386329899542034,1.0,1e-04
0.00020704258349724114,1.0,1e-04
4.1228599002351984e-05,1.0,1e-04
0.0016943620285019279,1.0,1e-04
0.0001400175242451951,1.0,1e-04
0.0022220187820494175,1.0,1e-04
1.6444497305201367e-05,1.0,1e-04
0.00039129628567025065,1.0,1e-04
0.00012194721784908324,1.0,1e-04
2.5046767405001447e-05,1.0,1e-04
0.0005989064811728895,1.0,1e-04
1.4417959391721524e-05,1.0,1e-04
4.9747533921618015e-05,1.0,1e-04
3.846949402941391e-05,1.0,1e-04
5.32802841917146e-05,1.0,1e-04
0.00010133544128620997,1.0,1e-04
0.0007042044308036566,1.0,1e-04
7.353174441959709e-05,1.0,1e-04
6.087467772886157e-05,1.0,1e-04
1.4337549146148376e-05,1.0,1e-04
4.7645859012845904e-05,1.0,1e-04
0.0025784887839108706,1.0,1e-04
3.157939499942586e-05,1.0,1e-04
8.955907833296806e-05,1.0,1e-04
0.00011036310024792328,1.0,1e-04
1.1729951438610442e-05,1.0,1e-04
0.0015475075924769044,1.0,1e-04
0.00019551902369130403,1.0,1e-04
0.00015871912182774395,1.0,1e-04
0.00498209660872817,1.0,1e-04
0.0022805077023804188,1.0,1e-04
0.00023340496409218758,1.0,1e-04
4.323916073190048e-05,1.0,1e-04
1.2260376024642028e-05,1.0,1e-04
0.0005474027711898088,1.0,1e-04
3.950159953092225e-05,1.0,1e-04
1.437318860553205e-05,1.0,1e-04
0.00022717262618243694,1.0,1e-04
1.5010399692982901e-05,1.0,1e-04
0.0013595930067822337,1.0,1e-04
1.5815279766684398e-05,1.0,1e-04
9.755551582202315e-05,1.0,1e-04
0.00018060769070871174,1.0,1e-04
0.0001734753168420866,1.0,1e-04
8.299777618958615e-06,1.0,1e-04
1.765114393492695e-05,1.0,1e-04
3.184319211868569e-05,1.0,1e-04
0.00010289343481417745,1.0,1e-04
2.3348367903963663e-05,1.0,1e-04
3.295480564702302e-05,1.0,1e-04
9.107470759772696e-06,1.0,1e-04
1.695013816060964e-05,1.0,1e-04
0.00850957352668047,1.0,1e-04
2.8303842555033043e-05,1.0,1e-04
1.0537916750763543e-05,1.0,1e-04
0.0033395332284271717,1.0,1e-04
0.005741845350712538,1.0,1e-04
8.102816354949027e-05,1.0,1e-04
1.106531544792233e-05,1.0,1e-04
0.00025750300846993923,1.0,1e-04
2.2519709091284312e-05,1.0,1e-04
0.00015414500376209617,1.0,1e-04
0.0002164599281968549,1.0,1e-04
0.00011443360563134775,1.0,1e-04
0.0001396165753249079,1.0,1e-04
0.0010017467429861426,1.0,1e-04
0.00014623494644183666,1.0,1e-04
1.2847352991229855e-05,1.0,1e-04
5.5392774811480194e-05,1.0,1e-04
7.874627772253007e-05,1.0,1e-04
1.487677036493551e-05,1.0,1e-04
0.00010350321099394932,1.0,1e-04
3.3354364859405905e-05,1.0,1e-04
4.068457201356068e-05,1.0,1e-04
0.00011778339103329927,1.0,1e-04
0.00018930643273051828,1.0,1e-04
0.0007612371118739247,1.0,1e-04
6.907778879394755e-05,1.0,1e-04
6.585538358194754e-05,1.0,1e-04
5.141951987752691e-05,1.0,1e-04
9.754125130712055e-06,1.0,1e-04
1.3234731341071893e-05,1.0,1e-04
9.720068192109466e-05,1.0,1e-04
0.00010941315849777311,1.0,1e-04
0.0007233636570163071,1.0,1e-04
0.00011463701957836747,1.0,1e-04
7.677149551454931e-05,1.0,1e-04
7.32230819266988e-06,1.0,1e-04
2.4845750886015594e-05,1.0,1e-04
1.2060635526722763e-05,1.0,1e-04
2.1316645870683715e-05,1.0,1e-04
5.03013507113792e-05,1.0,1e-04
0.00018365244613960385,1.0,1e-04
4.889157207799144e-05,1.0,1e-04
1.3634069546242245e-05,1.0,1e-04
6.875308372400468e-06,1.0,1e-04
7.092867690516869e-06,1.0,1e-04
1.580650314281229e-05,1.0,1e-04
2.9370494303293526e-05,1.0,1e-04
5.9485784731805325e-05,1.0,1e-04
9.357729140901938e-06,1.0,1e-04
2.3003451133263297e-05,1.0,1e-04
0.00018846259627025574,1.0,1e-04
6.484909590653842e-06,1.0,1e-04
1.0290414138580672e-05,1.0,1e-04
2.486227822373621e-05,1.0,1e-04
1.1142870789626613e-05,1.0,1e-04
5.5809312470955774e-05,1.0,1e-04
1.8709142750594765e-05,1.0,1e-04
3.505683707771823e-05,1.0,1e-04
1.7852784367278218e-05,1.0,1e-04
1.2346537914709188e-05,1.0,1e-04
1.3854444659955334e-05,1.0,1e-04
1.7236870917258784e-05,1.0,1e-04
3.182265209034085e-05,1.0,1e-04
8.72917371452786e-05,1.0,1e-04
6.548974488396198e-05,1.0,1e-04
1.2105379028071184e-05,1.0,1e-04
5.495671211974695e-05,1.0,1e-04
1.0475108865648508e-05,1.0,1e-04
2.6996127417078242e-05,1.0,1e-04
4.836885636905208e-06,1.0,1e-04
1.6995223631965928e-05,1.0,1e-04
9.73316218733089e-06,1.0,1e-04
0.0005931750638410449,1.0,1e-04
0.0001257939584320411,1.0,1e-04
5.5640339269302785e-06,1.0,1e-04
2.7421778213465586e-05,1.0,1e-04
0.0001889074919745326,1.0,1e-04
7.709744750172831e-06,1.0,1e-04
5.864932245458476e-05,1.0,1e-04
5.212332780502038e-06,1.0,1e-04
1.9081577192991972e-05,1.0,1e-04
9.462064554099925e-06,1.0,1e-04
8.958396392699797e-06,1.0,1e-04
8.392171366722323e-06,1.0,1e-04
9.4114193416317e-06,1.0,1e-04
5.07228241986013e-06,1.0,1e-04
1.021299794956576e-05,1.0,1e-04
7.119689144019503e-06,1.0,1e-04
4.9800059059634805e-05,1.0,1e-04
7.312190427910537e-05,1.0,1e-04
0.00018434235244058073,1.0,1e-04
2.7421669074101374e-05,1.0,1e-04
0.00016963235975708812,1.0,1e-04
3.88918351745815e-06,1.0,1e-04
9.803968714550138e-05,1.0,1e-04
4.735556558443932e-06,1.0,1e-04
2.1247606127872132e-05,1.0,1e-04
0.00010355876293033361,1.0,1e-04
1.0305323485226836e-05,1.0,1e-04
1.3663641766470391e-05,1.0,1e-04
7.092874966474483e-06,1.0,1e-04
4.493458982324228e-05,1.0,1e-04
7.811071554897353e-06,1.0,1e-04
6.377424142556265e-05,1.0,1e-04
5.600814620265737e-05,1.0,1e-04
3.1685263820691034e-05,1.0,1e-04
8.823636017041281e-05,1.0,1e-04
0.0001857964671216905,1.0,1e-04
1.0555698281677905e-05,1.0,1e-04
4.518006335274549e-06,1.0,1e-04
6.655637844232842e-05,1.0,1e-04
0.00039663087227381766,1.0,1e-04
5.776461330242455e-05,1.0,1e-04
9.384550139657222e-06,1.0,1e-04
2.92283311864594e-05,1.0,1e-04
7.876646122895181e-06,1.0,1e-04
9.658651833888143e-06,1.0,1e-04
8.278920176962856e-06,1.0,1e-04
9.96256585494848e-06,1.0,1e-04
5.602199962595478e-05,1.0,1e-04
1.1053392881876789e-05,1.0,1e-04
7.668037142138928e-06,1.0,1e-04
1.0269459380651824e-05,1.0,1e-04
0.0006627017282880843,1.0,1e-04
7.638199349457864e-06,1.0,1e-04
1.0153420589631423e-05,1.0,1e-04
6.200838834047318e-05,1.0,1e-04
0.00010562050010776147,1.0,1e-04
1.7275777281611226e-05,1.0,1e-04
1.720080035738647e-05,1.0,1e-04
4.652089501178125e-06,1.0,1e-04
6.452128673117841e-06,1.0,1e-04
6.736440991517156e-05,1.0,1e-04
0.00023144583974499255,1.0,1e-04
4.482586882659234e-05,1.0,1e-04
4.520975380728487e-06,1.0,1e-04
2.0106726879021153e-05,1.0,1e-04
5.103127477923408e-05,1.0,1e-04
3.7733720091637224e-05,1.0,1e-04
9.739027518662624e-06,1.0,1e-04
1.83278043550672e-05,1.0,1e-04
1.4676572391181253e-05,1.0,1e-04
7.229925358842593e-06,1.0,1e-04
7.542842467955779e-06,1.0,1e-04
7.945125616970472e-06,1.0,1e-04
8.78554055816494e-06,1.0,1e-04
5.701349437003955e-05,1.0,1e-04
9.026971383718774e-06,1.0,1e-04
1.1634254406089894e-05,1.0,1e-04
0.00021872187789995223,1.0,1e-04
1.2447720109776128e-05,1.0,1e-04
3.6686203657154692e-06,1.0,1e-04
7.756315608276054e-05,1.0,1e-04
5.6653643696336076e-06,1.0,1e-04
1.7514046703581698e-05,1.0,1e-04
2.01306047529215e-05,1.0,1e-04
4.5605487684952095e-05,1.0,1e-04
6.025932179909432e-06,1.0,1e-04
7.566618933196878e-06,1.0,1e-04
4.598463419824839e-06,1.0,1e-04
3.051363819395192e-05,1.0,1e-04
0.17198780179023743,0.949999988079071,1e-04
0.0002673989220056683,1.0,1e-04
0.004146111197769642,1.0,1e-04
0.008046655915677547,1.0,1e-04
0.06836339086294174,0.9750000238418579,1e-04
0.021651161834597588,0.9750000238418579,1e-04
0.007875945419073105,1.0,1e-04
0.007932284846901894,1.0,1e-04
0.0008197692222893238,1.0,1e-04
0.0026178513653576374,1.0,1e-04
0.0005001880927011371,1.0,1e-04
0.0030539410654455423,1.0,1e-04
0.0003286665305495262,1.0,1e-04
0.00086202536476776,1.0,1e-04
0.008066893555223942,1.0,1e-04
0.0006114597199484706,1.0,1e-04
0.0007127101416699588,1.0,1e-04
0.00018146187358070165,1.0,1e-04
0.0003158526378683746,1.0,1e-04
0.00069938920205459,1.0,1e-04
0.004737520590424538,1.0,1e-04
0.00016607856377959251,1.0,1e-04
0.0006015360704623163,1.0,1e-04
0.00032212157384492457,1.0,1e-04
0.0011309825349599123,1.0,1e-04
0.00018740557425189763,1.0,1e-04
0.00019198573136236519,1.0,1e-04
0.0007828435045666993,1.0,1e-04
9.015415707835928e-05,1.0,1e-04
0.0001817299926187843,1.0,1e-04
9.047058847500011e-05,1.0,1e-04
0.0001815948635339737,1.0,1e-04
0.00020907346333842725,1.0,1e-04
0.0004728160274680704,1.0,1e-04
0.000155404515680857,1.0,1e-04
0.0001008047693176195,1.0,1e-04
0.0008087193709798157,1.0,1e-04
0.0001852476707426831,1.0,1e-04
0.0001444518711650744,1.0,1e-04
0.00020816522010136396,1.0,1e-04
0.0011451842729002237,1.0,1e-04
0.0001720717700663954,1.0,1e-04
9.115494322031736e-05,1.0,1e-04
0.0002859948144759983,1.0,1e-04
0.0001362146285828203,1.0,1e-04
0.0015552903059870005,1.0,1e-04
0.00010727687185863033,1.0,1e-04
0.00019729629275389016,1.0,1e-04
0.00014658996951766312,1.0,1e-04
7.30158353690058e-05,1.0,1e-04
0.0003850031062029302,1.0,1e-04
0.008756402879953384,1.0,1e-04
0.00013247321476228535,1.0,1e-04
0.0011895725037902594,1.0,1e-04
6.551315891556442e-05,1.0,1e-04
0.01033218763768673,1.0,1e-04
8.571445505367592e-05,1.0,1e-04
6.996490265009925e-05,1.0,1e-04
3.678819120978005e-05,1.0,1e-04
0.012464551255106926,1.0,1e-04
0.00022090438869781792,1.0,1e-04
0.0001578412193339318,1.0,1e-04
0.0001637206005398184,1.0,1e-04
0.0015478413552045822,1.0,1e-04
0.0013253465294837952,1.0,1e-04
8.048283780226484e-05,1.0,1e-04
0.00017952681810129434,1.0,1e-04
6.814821244915947e-05,1.0,1e-04
0.0001397970918333158,1.0,1e-04
7.14253110345453e-05,1.0,1e-04
8.990790956886485e-05,1.0,1e-04
0.0002861976099666208,1.0,1e-04
0.0002555980463512242,1.0,1e-04
0.0012885588221251965,1.0,1e-04
8.283426723210141e-05,1.0,1e-04
5.7841662055579945e-05,1.0,1e-04
0.0002427824801998213,1.0,1e-04
0.0008569246856495738,1.0,1e-04
0.00025946192909032106,1.0,1e-04
0.0001469757844461128,1.0,1e-04
0.0001527312269899994,1.0,1e-04
0.001038842718116939,1.0,1e-04
7.116097549442202e-05,1.0,1e-04
0.0028733983635902405,1.0,1e-04
0.004673481918871403,1.0,1e-04
4.617757076630369e-05,1.0,1e-04
9.068605868378654e-05,1.0,1e-04
6.725404819007963e-05,1.0,1e-04
0.00018178808386437595,1.0,1e-04
3.6572069802787155e-05,1.0,1e-04
0.00010113755706697702,1.0,1e-04
4.833573620999232e-05,1.0,1e-04
0.0001482838561059907,1.0,1e-04
9.821711864788085e-05,1.0,1e-04
0.0005780705832876265,1.0,1e-04
0.00016672586207278073,1.0,1e-04
0.00014132687647361308,1.0,1e-04
0.003128623589873314,1.0,1e-04
0.00019142957171425223,1.0,1e-04
8.182599412975833e-05,1.0,1e-04
0.00018372907652519643,1.0,1e-04
0.0003213190066162497,1.0,1e-04
2.2457557861343957e-05,1.0,1e-04
4.465682286536321e-05,1.0,1e-04
0.0004882682114839554,1.0,1e-04
3.976930020144209e-05,1.0,1e-04
0.00011809456918854266,1.0,1e-04
4.157462535658851e-05,1.0,1e-04
5.342122312868014e-05,1.0,1e-04
0.00032590029877610505,1.0,1e-04
0.00022078174515627325,1.0,1e-04
1.9647566659841686e-05,1.0,1e-04
1.6396348655689508e-05,1.0,1e-04
8.01595306256786e-05,1.0,1e-04
2.0577290342771448e-05,1.0,1e-04
0.00022077323228586465,1.0,1e-04
0.00010453812137711793,1.0,1e-04
0.12014017254114151,0.949999988079071,1e-04
0.0004840320034418255,1.0,1e-04
0.00020014645997434855,1.0,1e-04
0.0004931655712425709,1.0,1e-04
0.0006518905865959823,1.0,1e-04
0.002520571229979396,1.0,1e-04
0.00902029499411583,1.0,1e-04
0.003258687211200595,1.0,1e-04
0.006980898790061474,1.0,1e-04
0.008584742434322834,1.0,1e-04
0.0013508391566574574,1.0,1e-04
0.0005060323746874928,1.0,1e-04
0.0027668748516589403,1.0,1e-04
0.013483807444572449,1.0,1e-04
0.0012946671340614557,1.0,1e-04
0.019986538216471672,1.0,1e-04
0.0032637969125062227,1.0,1e-04
0.0012107030488550663,1.0,1e-04
0.00040530235855840147,1.0,1e-04
0.005720143206417561,1.0,1e-04
0.002668004250153899,1.0,1e-04
0.007052743341773748,1.0,1e-04
0.002873256104066968,1.0,1e-04
0.001830174820497632,1.0,1e-04
0.00216079642996192,1.0,1e-04
0.0006830641650594771,1.0,1e-04
0.0007408087840303779,1.0,1e-04
0.0001899281342048198,1.0,1e-04
0.0004676002135965973,1.0,1e-04
0.005658313632011414,1.0,1e-04
0.0002699263859540224,1.0,1e-04
0.0005080964183434844,1.0,1e-04
0.0003598156326916069,1.0,1e-04
0.0007227603928185999,1.0,1e-04
0.00016980720101855695,1.0,1e-04
6.0966201999690384e-05,1.0,1e-04
5.533606235985644e-05,1.0,1e-04
0.00037173304008319974,1.0,1e-04
0.00010109646245837212,1.0,1e-04
4.503369564190507e-05,1.0,1e-04
0.0001123218098655343,1.0,1e-04
0.05284455418586731,0.9750000238418579,1e-04
0.00013033220602665097,1.0,1e-04
0.016872568055987358,1.0,1e-04
0.0023500341922044754,1.0,1e-04
0.01421026699244976,1.0,1e-04
0.02227354794740677,0.9750000238418579,1e-04
0.0007380525348708034,1.0,1e-04
0.011241896077990532,1.0,1e-04
0.00045737094478681684,1.0,1e-04
0.0028726670425385237,1.0,1e-04
0.00033933224040083587,1.0,1e-04
0.002755315974354744,1.0,1e-04
0.0009277815697714686,1.0,1e-04
0.0008472903864458203,1.0,1e-04
0.0005328530678525567,1.0,1e-04
0.0004816381260752678,1.0,1e-04
0.001221786136738956,1.0,1e-04
0.0020425855182111263,1.0,1e-04
0.0005742057110182941,1.0,1e-04
0.008896967396140099,1.0,1e-04
0.00027831955230794847,1.0,1e-04
0.0004922521184198558,1.0,1e-04
0.0007247535395435989,1.0,1e-04
0.011582907289266586,1.0,1e-04
0.00015259516658261418,1.0,1e-04
4.233312210999429e-05,1.0,1e-04
6.105622014729306e-05,1.0,1e-04
0.00031103778746910393,1.0,1e-04
9.11306487978436e-05,1.0,1e-04
0.001335634384304285,1.0,1e-04
0.0012285768752917647,1.0,1e-04
0.00015306836576201022,1.0,1e-04
0.0005284720682539046,1.0,1e-04
0.00017286711954511702,1.0,1e-04
0.0003745214780792594,1.0,1e-04
0.000183670170372352,1.0,1e-04
4.544632611214183e-05,1.0,1e-04
0.00013029396359343082,1.0,1e-04
4.486828402150422e-05,1.0,1e-04
0.00014221896708477288,1.0,1e-04
8.35311584523879e-05,1.0,1e-04
9.5096263976302e-05,1.0,1e-04
0.00014877421199344099,1.0,1e-04
0.0002461252734065056,1.0,1e-04
0.00048620981397107244,1.0,1e-04
0.00032376134186051786,1.0,1e-04
0.00013720538117922843,1.0,1e-04
0.01750696636736393,1.0,1e-04
0.0002176272973883897,1.0,1e-04
3.9198512240545824e-05,1.0,1e-04
0.0003711016324814409,1.0,1e-04
0.00011181350419064984,1.0,1e-04
0.00013276621757540852,1.0,1e-04
0.0006539389141835272,1.0,1e-04
0.00015932410315144807,1.0,1e-04
0.0003446937189437449,1.0,1e-04
0.004603656940162182,1.0,1e-04
7.790258678141981e-05,1.0,1e-04
4.670947600970976e-05,1.0,1e-04
3.24036373058334e-05,1.0,1e-04
6.09859598625917e-05,1.0,1e-04
6.84926490066573e-05,1.0,1e-04
3.715056664077565e-05,1.0,1e-04
0.0005094176158308983,1.0,1e-04
4.7016528696985915e-05,1.0,1e-04
9.828228212427348e-05,1.0,1e-04
4.1838000470306724e-05,1.0,1e-04
2.8196291168569587e-05,1.0,1e-04
0.00011482596164569259,1.0,1e-04
9.530416718916968e-05,1.0,1e-04
1.9996336050098762e-05,1.0,1e-04
0.00040163565427064896,1.0,1e-04
0.00012582101044245064,1.0,1e-04
2.951661554106977e-05,1.0,1e-04
3.3807515137596056e-05,1.0,1e-04
0.0016769288340583444,1.0,1e-04
3.0945240723667666e-05,1.0,1e-04
1.4557791473635007e-05,1.0,1e-04
0.0005910746986046433,1.0,1e-04
8.646144124213606e-05,1.0,1e-04
0.0001480005739722401,1.0,1e-04
1.4179264326230623e-05,1.0,1e-04
1.353279822069453e-05,1.0,1e-04
1.9826113202725537e-05,1.0,1e-04
0.0005452177138067782,1.0,1e-04
4.7138153604464605e-05,1.0,1e-04
6.254835898289457e-05,1.0,1e-04
2.407474494248163e-05,1.0,1e-04
0.00010906399984378368,1.0,1e-04
1.9816421627183445e-05,1.0,1e-04
0.00017142928845714778,1.0,1e-04
1.0835641660378315e-05,1.0,1e-04
2.245199902972672e-05,1.0,1e-04
2.2513591829920188e-05,1.0,1e-04
1.5097213690751232e-05,1.0,1e-04
1.275176509807352e-05,1.0,1e-04
0.00016923551447689533,1.0,1e-04
1.118145610234933e-05,1.0,1e-04
2.1033343728049658e-05,1.0,1e-04
2.4166933144442737e-05,1.0,1e-04
5.714411236112937e-05,1.0,1e-04
6.32098226560629e-06,1.0,1e-04
0.00010330406803404912,1.0,1e-04
1.2245358448126353e-05,1.0,1e-04
0.0006753632915206254,1.0,1e-04
3.0280672945082188e-05,1.0,1e-04
1.527283529867418e-05,1.0,1e-04
2.7163227059645578e-05,1.0,1e-04
1.690309181867633e-05,1.0,1e-04
9.481926826993003e-05,1.0,1e-04
0.001359430025331676,1.0,1e-04
7.50701065044268e-06,1.0,1e-04
2.189112638006918e-05,1.0,1e-04
5.5095395509852096e-05,1.0,1e-04
1.6137242710101418e-05,1.0,1e-04
2.6123136194655672e-05,1.0,1e-04
6.023421883583069e-05,1.0,1e-04
9.241239240509458e-06,1.0,1e-04
5.339539347914979e-05,1.0,1e-04
2.2487438400276005e-05,1.0,1e-04
0.0003541595651768148,1.0,1e-04
0.0001293138338951394,1.0,1e-04
8.773619811108802e-06,1.0,1e-04
9.012043847178575e-06,1.0,1e-04
1.2436104952939786e-05,1.0,1e-04
0.0002534815575927496,1.0,1e-04
2.2171312593854964e-05,1.0,1e-04
1.9838502339553088e-05,1.0,1e-04
0.0012409307528287172,1.0,1e-04
0.00021892273798584938,1.0,1e-04
6.603040674235672e-05,1.0,1e-04
2.478846363374032e-05,1.0,1e-04
7.602458026667591e-06,1.0,1e-04
7.914572779554874e-05,1.0,1e-04
1.6115987818920985e-05,1.0,1e-04
0.000220894071389921,1.0,1e-04
1.3130144907336216e-05,1.0,1e-04
1.3779873370367568e-05,1.0,1e-04
8.880831046553794e-06,1.0,1e-04
1.8575025023892522e-05,1.0,1e-04
4.864304355578497e-05,1.0,1e-04
4.413692295202054e-06,1.0,1e-04
1.2465685358620249e-05,1.0,1e-04
1.0385713721916545e-05,1.0,1e-04
8.61273019836517e-06,1.0,1e-04
1.3589255104307085e-05,1.0,1e-04
1.4697272490593605e-05,1.0,1e-04
7.637288945261389e-05,1.0,1e-04
2.8252750780666247e-05,1.0,1e-04
5.36933439434506e-05,1.0,1e-04
3.756275327759795e-05,1.0,1e-04
9.027724445331842e-05,1.0,1e-04
1.0829722668859176e-05,1.0,1e-04
2.5157263735309243e-05,1.0,1e-04
1.7785128875402734e-05,1.0,1e-04
7.901350181782618e-05,1.0,1e-04
5.0424978326191194e-06,1.0,1e-04
1.0328884854970966e-05,1.0,1e-04
0.0002683945931494236,1.0,1e-04
2.9035994884907268e-05,1.0,1e-04
0.0003129699907731265,1.0,1e-04
5.409061031969031e-06,1.0,1e-04
1.612811320228502e-05,1.0,1e-04
5.074086948297918e-05,1.0,1e-04
0.0001317884016316384,1.0,1e-04
1.3189972378313541e-05,1.0,1e-04
0.0018897822592407465,1.0,1e-04
1.802574479370378e-05,1.0,1e-04
5.65306909265928e-05,1.0,1e-04
6.0549988120328635e-05,1.0,1e-04
8.954912118497305e-06,1.0,1e-04
1.2602786227944307e-05,1.0,1e-04
8.550132406526245e-06,1.0,1e-04
5.7033630582736805e-05,1.0,1e-04
9.828529073274694e-06,1.0,1e-04
6.797874812036753e-05,1.0,1e-04
0.00019636792421806604,1.0,1e-04
7.101784831320401e-06,1.0,1e-04
1.5282010281225666e-05,1.0,1e-04
0.00012506317580118775,1.0,1e-04
8.475636604998726e-06,1.0,1e-04
7.042209290375467e-06,1.0,1e-04
3.50789850926958e-05,1.0,1e-04
5.0395174184814095e-06,1.0,1e-04
4.63509168184828e-05,1.0,1e-04
5.5699701988487504e-06,1.0,1e-04
0.0008665801724418998,1.0,1e-04
1.0197913070442155e-05,1.0,1e-04
0.00015840209380257875,1.0,1e-04
2.084824154735543e-05,1.0,1e-04
3.801484854193404e-05,1.0,1e-04
2.3433125534211285e-05,1.0,1e-04
7.429802644765005e-05,1.0,1e-04
7.662603456992656e-05,1.0,1e-04
6.9467541834455915e-06,1.0,1e-04
7.3550645538489334e-06,1.0,1e-04
4.443471425474854e-06,1.0,1e-04
7.323457975871861e-05,1.0,1e-04
4.512069790507667e-05,1.0,1e-04
0.00012867902114521712,1.0,1e-04
8.302797141368501e-06,1.0,1e-04
2.285667505930178e-05,1.0,1e-04
7.471311164408689e-06,1.0,1e-04
8.25794086267706e-06,1.0,1e-04
6.025953916832805e-05,1.0,1e-04
1.7230831872439012e-05,1.0,1e-04
2.2516966055263765e-05,1.0,1e-04
2.1456029571709223e-05,1.0,1e-04
3.5188186302548274e-05,1.0,1e-04
1.6809775843285024e-05,1.0,1e-04
3.0791205062996596e-05,1.0,1e-04
9.824762673815712e-05,1.0,1e-04
9.095750283449888e-05,1.0,1e-04
6.201786163728684e-06,1.0,1e-04
1.5132803127926309e-05,1.0,1e-04
6.299273081822321e-05,1.0,1e-04
8.511366104357876e-06,1.0,1e-04
1.6676120139891282e-05,1.0,1e-04
1.3216321349318605e-05,1.0,1e-04
3.1842850148677826e-05,1.0,1e-04
2.4142846086760983e-05,1.0,1e-04
6.326893981167814e-06,1.0,1e-04
0.0008260876056738198,1.0,1e-04
2.5934787117876112e-05,1.0,1e-04
1.5085111954249442e-05,1.0,1e-04
2.4694261810509488e-05,1.0,1e-04
3.84446593670873e-06,1.0,1e-04
1.2486096238717437e-05,1.0,1e-04
3.5911514260078548e-06,1.0,1e-04
2.5043156711035408e-05,1.0,1e-04
2.007078001042828e-05,1.0,1e-04
7.031120185274631e-05,1.0,1e-04
7.334078873100225e-06,1.0,1e-04
2.000489257625304e-05,1.0,1e-04
8.304398215841502e-05,1.0,1e-04
9.574953764968086e-06,1.0,1e-04
0.0009467811323702335,1.0,1e-04
9.5601353677921e-06,1.0,1e-04
9.60490888246568e-06,1.0,1e-04
0.00010172815382247791,1.0,1e-04
4.4941534724785015e-06,1.0,1e-04
1.541506208013743e-05,1.0,1e-04
6.225563993211836e-06,1.0,1e-04
6.354467041091993e-05,1.0,1e-04
2.181379204557743e-05,1.0,1e-04
1.459372833778616e-05,1.0,1e-04
6.100463906477671e-06,1.0,1e-04
5.258330929791555e-05,1.0,1e-04
1.3922562175139319e-05,1.0,1e-04
8.886896466719918e-06,1.0,1e-04
3.5226064483140362e-06,1.0,1e-04
5.194504865357885e-06,1.0,1e-04
6.866340299893636e-06,1.0,1e-04
1.7713678971631452e-05,1.0,1e-04
4.905412424704991e-06,1.0,1e-04
0.008699854835867882,1.0,1e-04
5.417975444288459e-06,1.0,1e-04
0.02548244222998619,1.0,1e-04
3.727415605681017e-05,1.0,1e-04
0.00018098496366292238,1.0,1e-04
4.7606390580767766e-05,1.0,1e-04
0.0001465699024265632,1.0,1e-04
0.0001128957374021411,1.0,1e-04
7.715309766354039e-05,1.0,1e-04
0.0016830170061439276,1.0,1e-04
0.002216099528595805,1.0,1e-04
0.00014484798884950578,1.0,1e-04
0.0016180954407900572,1.0,1e-04
0.0005955713568255305,1.0,1e-04
0.00013633896014653146,1.0,1e-04
0.0006091018440201879,1.0,1e-04
0.00014108973846305162,1.0,1e-04
0.000498837442137301,1.0,1e-04
3.969440149376169e-05,1.0,1e-04
0.00013850499817635864,1.0,1e-04
2.7133000912726857e-05,1.0,1e-04
3.289309825049713e-05,1.0,1e-04
4.5439945097314194e-05,1.0,1e-04
9.469540964346379e-05,1.0,1e-04
2.215959830209613e-05,1.0,1e-04
0.00048361331573687494,1.0,1e-04
0.00031513761496171355,1.0,1e-04
3.4102355130016804e-05,1.0,1e-04
6.428127380786464e-05,1.0,1e-04
7.893895963206887e-05,1.0,1e-04
0.0002348448906559497,1.0,1e-04
4.070856448379345e-05,1.0,1e-04
3.4111999411834404e-05,1.0,1e-04
1.4531091437675059e-05,1.0,1e-04
5.316407259670086e-05,1.0,1e-04
0.0002523810544516891,1.0,1e-04
1.2871207218267955e-05,1.0,1e-04
1.7853608369478025e-05,1.0,1e-04
1.8157657905248925e-05,1.0,1e-04
1.5713474567746744e-05,1.0,1e-04
3.880704389302991e-05,1.0,1e-04
0.0002935452794190496,1.0,1e-04
1.835708098951727e-05,1.0,1e-04
0.0014832922024652362,1.0,1e-04
1.4188241038937122e-05,1.0,1e-04
1.4849819308437873e-05,1.0,1e-04
1.5508496289839968e-05,1.0,1e-04
4.520426591625437e-05,1.0,1e-04
2.76484752248507e-05,1.0,1e-04
0.06719796359539032,0.9750000238418579,1e-04
1.831227564252913e-05,1.0,1e-04
4.881250424659811e-05,1.0,1e-04
0.000495575659442693,1.0,1e-04
0.004443715792149305,1.0,1e-04
0.0003563729696907103,1.0,1e-04
0.0005008683656342328,1.0,1e-04
0.0006294079357758164,1.0,1e-04
0.0024244249798357487,1.0,1e-04
0.00024388241581618786,1.0,1e-04
0.0011173721868544817,1.0,1e-04
0.0004452117718756199,1.0,1e-04
0.001578229246661067,1.0,1e-04
0.004300405737012625,1.0,1e-04
0.0010451831622049212,1.0,1e-04
