loss,accuracy,lr
2.1194005012512207,0.2666666805744171,0.001
1.6775097846984863,0.2666666805744171,0.001
1.4811161756515503,0.2666666805744171,0.001
1.3793689012527466,0.2666666805744171,0.001
1.3259621858596802,0.4333333373069763,0.001
1.2972275018692017,0.4333333373069763,0.001
1.2851452827453613,0.4333333373069763,0.001
1.2839958667755127,0.4333333373069763,0.001
1.287895917892456,0.4333333373069763,0.001
1.292229413986206,0.4333333373069763,0.001
1.294382929801941,0.4333333373069763,0.001
1.2939547300338745,0.4333333373069763,0.001
1.2916325330734253,0.4333333373069763,0.001
1.2888634204864502,0.4333333373069763,0.001
1.2866259813308716,0.4333333373069763,0.001
1.2850210666656494,0.4333333373069763,0.001
1.2838059663772583,0.4333333373069763,0.001
1.282824158668518,0.4333333373069763,0.001
1.2821940183639526,0.4333333373069763,0.001
1.2819474935531616,0.4333333373069763,0.001
1.2820098400115967,0.4333333373069763,0.001
1.2821911573410034,0.4333333373069763,0.001
1.2823278903961182,0.4333333373069763,0.001
1.2822346687316895,0.4333333373069763,0.001
1.2820059061050415,0.4333333373069763,0.001
1.28171968460083,0.4333333373069763,0.001
1.281476616859436,0.4333333373069763,0.001
1.2813503742218018,0.4333333373069763,0.001
1.2813031673431396,0.4333333373069763,0.001
1.2812749147415161,0.4333333373069763,0.001
1.2812048196792603,0.4333333373069763,0.001
1.281093955039978,0.4333333373069763,0.001
1.2809712886810303,0.4333333373069763,0.001
1.2808635234832764,0.4333333373069763,0.001
1.2807880640029907,0.4333333373069763,0.001
1.2807263135910034,0.4333333373069763,0.001
1.2806668281555176,0.4333333373069763,0.001
1.2806084156036377,0.4333333373069763,0.001
1.280530571937561,0.4333333373069763,0.001
1.2804248332977295,0.4333333373069763,0.001
1.2803231477737427,0.4333333373069763,0.001
1.2802423238754272,0.4333333373069763,0.001
1.280182957649231,0.4333333373069763,0.001
1.28012216091156,0.4333333373069763,0.001
1.2800495624542236,0.4333333373069763,0.001
1.2799758911132812,0.4333333373069763,0.001
1.2799044847488403,0.4333333373069763,0.001
1.2798291444778442,0.4333333373069763,0.001
1.279754877090454,0.4333333373069763,0.001
1.2796739339828491,0.4333333373069763,0.001
1.2795867919921875,0.4333333373069763,0.001
1.279491901397705,0.4333333373069763,0.001
1.2793949842453003,0.4333333373069763,0.001
1.2793020009994507,0.4333333373069763,0.001
1.2792096138000488,0.4333333373069763,0.001
1.2791178226470947,0.4333333373069763,0.001
1.2790471315383911,0.4333333373069763,0.001
1.2789727449417114,0.4333333373069763,0.001
1.2788900136947632,0.4333333373069763,0.001
1.2788231372833252,0.4333333373069763,0.001
1.2787302732467651,0.4333333373069763,0.001
1.2786356210708618,0.4333333373069763,0.001
1.2785069942474365,0.4333333373069763,0.001
1.2783794403076172,0.4333333373069763,0.001
1.2783222198486328,0.4333333373069763,0.001
1.2781634330749512,0.4333333373069763,0.001
1.2779868841171265,0.4333333373069763,0.001
1.2778666019439697,0.4333333373069763,0.001
1.2777907848358154,0.4333333373069763,0.001
1.2776634693145752,0.4333333373069763,0.001
1.2775492668151855,0.4333333373069763,0.001
1.2774561643600464,0.4333333373069763,0.001
1.2773131132125854,0.4333333373069763,0.001
1.2771124839782715,0.4333333373069763,0.001
1.2768054008483887,0.4333333373069763,0.001
1.276699423789978,0.4333333373069763,0.001
1.2764028310775757,0.4333333373069763,0.001
1.2763656377792358,0.4333333373069763,0.001
1.2759963274002075,0.4333333373069763,0.001
1.2760498523712158,0.4333333373069763,0.001
1.2759265899658203,0.4333333373069763,0.001
1.2756118774414062,0.4333333373069763,0.001
1.275105595588684,0.4333333373069763,0.001
1.274702787399292,0.4333333373069763,0.001
1.2743135690689087,0.4333333373069763,0.001
1.2739862203598022,0.4333333373069763,0.001
1.2736455202102661,0.4333333373069763,0.001
1.2736945152282715,0.4333333373069763,0.001
1.2737371921539307,0.4333333373069763,0.001
1.273199200630188,0.4333333373069763,0.001
1.2730603218078613,0.4333333373069763,0.001
1.2722208499908447,0.4333333373069763,0.001
1.2715779542922974,0.4333333373069763,0.001
1.2706278562545776,0.4333333373069763,0.001
1.2701449394226074,0.4333333373069763,0.001
1.26911199092865,0.4333333373069763,0.001
1.2691468000411987,0.4333333373069763,0.001
1.2692985534667969,0.4333333373069763,0.001
1.2682290077209473,0.4333333373069763,0.001
1.2661808729171753,0.4333333373069763,0.001
1.2651320695877075,0.4333333373069763,0.001
1.2656725645065308,0.4333333373069763,0.001
1.2637526988983154,0.4333333373069763,0.001
1.2631442546844482,0.4333333373069763,0.001
1.2633670568466187,0.4333333373069763,0.001
1.262713074684143,0.4333333373069763,0.001
1.2616115808486938,0.4333333373069763,0.001
1.2597465515136719,0.4333333373069763,0.001
1.2565020322799683,0.4333333373069763,0.001
1.255827784538269,0.4333333373069763,0.001
1.2605444192886353,0.4333333373069763,0.001
1.2586747407913208,0.4333333373069763,0.001
1.2519961595535278,0.4333333373069763,0.001
1.2544971704483032,0.4333333373069763,0.001
1.246558666229248,0.4333333373069763,0.001
1.2523932456970215,0.4333333373069763,0.001
1.243789553642273,0.4333333373069763,0.001
1.2556082010269165,0.4333333373069763,0.001
1.2418545484542847,0.4333333373069763,0.001
1.2443280220031738,0.4333333373069763,0.001
1.2377487421035767,0.4333333373069763,0.001
1.238897442817688,0.4333333373069763,0.001
1.2337689399719238,0.4333333373069763,0.001
1.2306195497512817,0.4333333373069763,0.001
1.2234199047088623,0.4333333373069763,0.001
1.2191556692123413,0.4333333373069763,0.001
1.2361071109771729,0.4333333373069763,0.001
1.227325201034546,0.4333333373069763,0.001
1.225463628768921,0.4333333373069763,0.001
1.220611333847046,0.4333333373069763,0.001
1.2156212329864502,0.4333333373069763,0.001
1.2139887809753418,0.4333333373069763,0.001
1.1995081901550293,0.4333333373069763,0.001
1.2006388902664185,0.4333333373069763,0.001
1.1922554969787598,0.4333333373069763,0.001
1.1738851070404053,0.4333333373069763,0.001
1.2058683633804321,0.4333333373069763,0.001
1.2155787944793701,0.4333333373069763,0.001
1.2075235843658447,0.4333333373069763,0.001
1.1874291896820068,0.4333333373069763,0.001
1.1875520944595337,0.46666666865348816,0.001
1.1898940801620483,0.4333333373069763,0.001
1.1737736463546753,0.46666666865348816,0.001
1.1721460819244385,0.4333333373069763,0.001
1.1588350534439087,0.46666666865348816,0.001
1.1547375917434692,0.4333333373069763,0.001
1.129191279411316,0.46666666865348816,0.001
1.1301367282867432,0.5,0.001
1.1068047285079956,0.46666666865348816,0.001
1.1060560941696167,0.5,0.001
1.1953613758087158,0.4333333373069763,0.001
1.1950281858444214,0.4333333373069763,0.001
1.1537678241729736,0.4333333373069763,0.001
1.1781882047653198,0.4333333373069763,0.001
1.1769918203353882,0.4333333373069763,0.001
1.1307040452957153,0.5,0.001
1.1478365659713745,0.4333333373069763,0.001
1.1074672937393188,0.4333333373069763,0.001
1.124138593673706,0.4333333373069763,0.001
1.1142957210540771,0.46666666865348816,0.001
1.0832537412643433,0.5,0.00020000001
1.0777661800384521,0.5,0.00020000001
1.061927080154419,0.5333333611488342,0.00020000001
1.0534120798110962,0.5333333611488342,0.00020000001
1.0521578788757324,0.5333333611488342,0.00020000001
1.0440362691879272,0.5333333611488342,0.00020000001
1.0289689302444458,0.5333333611488342,0.00020000001
1.0211492776870728,0.5333333611488342,0.00020000001
1.0153145790100098,0.5333333611488342,0.00020000001
1.003467321395874,0.5333333611488342,0.00020000001
0.998516321182251,0.5333333611488342,0.00020000001
0.9892805218696594,0.5666666626930237,0.00020000001
0.9815943241119385,0.5666666626930237,0.00020000001
0.9737963080406189,0.5666666626930237,0.00020000001
0.9689005613327026,0.5666666626930237,0.00020000001
0.9635707139968872,0.6000000238418579,0.00020000001
0.9572709798812866,0.6000000238418579,0.00020000001
0.9508669376373291,0.6000000238418579,0.00020000001
0.9473965167999268,0.6000000238418579,0.00020000001
0.9408411383628845,0.6000000238418579,0.00020000001
0.9359951615333557,0.6000000238418579,0.00020000001
0.9348049163818359,0.6000000238418579,0.00020000001
0.9278404116630554,0.6000000238418579,0.00020000001
0.9186609983444214,0.6000000238418579,0.00020000001
0.9184258580207825,0.6666666865348816,0.00020000001
0.9157666563987732,0.6000000238418579,0.00020000001
0.911987841129303,0.6000000238418579,0.00020000001
0.9060755372047424,0.6666666865348816,0.00020000001
0.9098485112190247,0.5666666626930237,0.00020000001
0.8995245099067688,0.6333333253860474,0.00020000001
0.8929409384727478,0.6000000238418579,0.00020000001
0.8936194181442261,0.6000000238418579,0.00020000001
0.8905356526374817,0.699999988079071,0.00020000001
0.8845117688179016,0.6000000238418579,0.00020000001
0.8846312761306763,0.6666666865348816,0.00020000001
0.8853414058685303,0.7666666507720947,0.00020000001
0.8818768858909607,0.6000000238418579,0.00020000001
0.8740050196647644,0.6000000238418579,0.00020000001
0.874173104763031,0.7666666507720947,0.00020000001
0.8641270995140076,0.699999988079071,0.00020000001
0.8663235902786255,0.6000000238418579,0.00020000001
0.8684689402580261,0.7666666507720947,0.00020000001
0.8645925521850586,0.800000011920929,0.00020000001
0.8618274927139282,0.6000000238418579,0.00020000001
0.8524596095085144,0.7666666507720947,0.00020000001
0.8523358702659607,0.7666666507720947,0.00020000001
0.8450725674629211,0.7666666507720947,0.00020000001
0.8485227823257446,0.7666666507720947,0.00020000001
0.8478131890296936,0.7666666507720947,0.00020000001
0.847335934638977,0.7666666507720947,0.00020000001
0.8469903469085693,0.699999988079071,0.00020000001
0.8362365961074829,0.7666666507720947,0.00020000001
0.8358132243156433,0.800000011920929,0.00020000001
0.8298961520195007,0.7666666507720947,0.00020000001
0.8340813517570496,0.8333333134651184,0.00020000001
0.835358202457428,0.7666666507720947,0.00020000001
0.8328824639320374,0.8333333134651184,0.00020000001
0.8271472454071045,0.7666666507720947,0.00020000001
0.8189054131507874,0.7666666507720947,0.00020000001
0.8212555050849915,0.7666666507720947,0.00020000001
0.8207145929336548,0.7666666507720947,0.00020000001
0.8249711394309998,0.8333333134651184,0.00020000001
0.8204249739646912,0.7666666507720947,0.00020000001
0.8112334609031677,0.800000011920929,0.00020000001
0.8110807538032532,0.800000011920929,0.00020000001
0.8080876469612122,0.800000011920929,0.00020000001
0.8126424551010132,0.8333333134651184,0.00020000001
0.8126794099807739,0.7666666507720947,0.00020000001
0.8055174946784973,0.8333333134651184,0.00020000001
0.8026183247566223,0.7666666507720947,0.00020000001
0.7981479167938232,0.800000011920929,0.00020000001
0.8011388182640076,0.8333333134651184,0.00020000001
0.8010568022727966,0.800000011920929,0.00020000001
0.796326756477356,0.800000011920929,0.00020000001
0.7939850091934204,0.7666666507720947,0.00020000001
0.7884413599967957,0.7666666507720947,0.00020000001
0.7879782319068909,0.800000011920929,0.00020000001
0.7888435125350952,0.7666666507720947,0.00020000001
0.7866398096084595,0.8333333134651184,0.00020000001
0.7906575798988342,0.7666666507720947,0.00020000001
0.7899420261383057,0.8999999761581421,0.00020000001
0.7852235436439514,0.800000011920929,0.00020000001
0.780170202255249,0.8333333134651184,0.00020000001
0.7766532897949219,0.800000011920929,0.00020000001
0.7752507328987122,0.8333333134651184,0.00020000001
0.7764959931373596,0.8333333134651184,0.00020000001
0.7771537899971008,0.800000011920929,0.00020000001
0.7769900560379028,0.8666666746139526,0.00020000001
0.7754266262054443,0.7666666507720947,0.00020000001
0.7680946588516235,0.8666666746139526,0.00020000001
0.7664018273353577,0.800000011920929,0.00020000001
0.7660494446754456,0.800000011920929,0.00020000001
0.7660728693008423,0.800000011920929,0.00020000001
0.7648932337760925,0.8333333134651184,0.00020000001
0.7618871927261353,0.8333333134651184,0.00020000001
0.759469747543335,0.800000011920929,0.00020000001
0.7614417672157288,0.8666666746139526,0.00020000001
0.763903796672821,0.7666666507720947,0.00020000001
0.7618557214736938,0.8666666746139526,0.00020000001
0.7656993865966797,0.800000011920929,0.00020000001
0.754950225353241,0.8666666746139526,0.00020000001
0.7498549222946167,0.7666666507720947,0.00020000001
0.7491065859794617,0.8333333134651184,0.00020000001
0.7485055327415466,0.800000011920929,0.00020000001
0.7457410097122192,0.800000011920929,0.00020000001
0.7435181140899658,0.8333333134651184,0.00020000001
0.7433120608329773,0.7666666507720947,0.00020000001
0.7440792322158813,0.8666666746139526,0.00020000001
0.7480161786079407,0.800000011920929,0.00020000001
0.7504857182502747,0.8666666746139526,0.00020000001
0.7507995367050171,0.800000011920929,0.00020000001
0.7408742904663086,0.8666666746139526,0.00020000001
0.738356351852417,0.7666666507720947,0.00020000001
0.7350132465362549,0.8666666746139526,0.00020000001
0.732171356678009,0.8333333134651184,0.00020000001
0.7313880324363708,0.800000011920929,0.00020000001
0.7335026860237122,0.8666666746139526,0.00020000001
0.7344387769699097,0.7666666507720947,0.00020000001
0.7322267889976501,0.8666666746139526,0.00020000001
0.7361883521080017,0.800000011920929,0.00020000001
0.7296030521392822,0.8666666746139526,0.00020000001
0.723690390586853,0.800000011920929,0.00020000001
0.7209581732749939,0.8333333134651184,0.00020000001
0.7212330102920532,0.8333333134651184,0.00020000001
0.7206903696060181,0.8333333134651184,0.00020000001
0.7180755734443665,0.8333333134651184,0.00020000001
0.7171839475631714,0.8666666746139526,0.00020000001
0.720387876033783,0.800000011920929,0.00020000001
0.7244294285774231,0.8666666746139526,0.00020000001
0.7355872988700867,0.7666666507720947,0.00020000001
0.7191017270088196,0.8666666746139526,0.00020000001
0.7124898433685303,0.8333333134651184,0.00020000001
0.7141967415809631,0.8333333134651184,0.00020000001
0.7131523489952087,0.8666666746139526,0.00020000001
0.7122370600700378,0.7666666507720947,0.00020000001
0.7124863862991333,0.8666666746139526,0.00020000001
0.7129859924316406,0.8333333134651184,0.00020000001
0.7070432305335999,0.8333333134651184,0.00020000001
0.7026689052581787,0.8333333134651184,0.00020000001
0.703731894493103,0.800000011920929,0.00020000001
0.7038896083831787,0.8666666746139526,0.00020000001
0.702954888343811,0.8666666746139526,0.00020000001
0.7030615210533142,0.8666666746139526,0.00020000001
0.7017987370491028,0.800000011920929,0.00020000001
0.6965723037719727,0.8666666746139526,0.00020000001
0.6971417665481567,0.800000011920929,0.00020000001
0.6940603256225586,0.8666666746139526,0.00020000001
0.6924553513526917,0.8333333134651184,0.00020000001
0.6943928003311157,0.8666666746139526,0.00020000001
0.6929857134819031,0.8333333134651184,0.00020000001
0.6917932033538818,0.8666666746139526,0.00020000001
0.6930845379829407,0.7666666507720947,0.00020000001
0.6884639859199524,0.8666666746139526,0.00020000001
0.6849434971809387,0.8333333134651184,0.00020000001
0.6853531002998352,0.8666666746139526,0.00020000001
0.6826350688934326,0.8333333134651184,0.00020000001
0.6779738068580627,0.8333333134651184,0.00020000001
0.6776723265647888,0.8666666746139526,0.00020000001
0.6797613501548767,0.8333333134651184,0.00020000001
0.6772091388702393,0.8666666746139526,0.00020000001
0.6768585443496704,0.800000011920929,0.00020000001
0.6826478242874146,0.8666666746139526,0.00020000001
0.6847294569015503,0.7666666507720947,0.00020000001
0.6765137910842896,0.8666666746139526,0.00020000001
0.6774632930755615,0.8333333134651184,0.00020000001
0.6689462065696716,0.8666666746139526,0.00020000001
0.6667670607566833,0.8666666746139526,0.00020000001
0.6723695397377014,0.8333333134651184,0.00020000001
0.6710466742515564,0.8666666746139526,0.00020000001
0.6698033809661865,0.800000011920929,0.00020000001
0.6684616208076477,0.8666666746139526,0.00020000001
0.6643728613853455,0.8333333134651184,0.00020000001
0.6599069237709045,0.8666666746139526,0.00020000001
0.6618333458900452,0.8666666746139526,0.00020000001
0.6647499799728394,0.8333333134651184,0.00020000001
0.6582493185997009,0.8666666746139526,0.00020000001
0.6644260883331299,0.8333333134651184,0.00020000001
0.6639699935913086,0.8999999761581421,0.00020000001
0.6624926328659058,0.800000011920929,0.00020000001
0.6621116399765015,0.8666666746139526,0.00020000001
0.6503162980079651,0.8666666746139526,0.00020000001
0.6509081125259399,0.8333333134651184,0.00020000001
0.6544771790504456,0.8666666746139526,0.00020000001
0.6525033116340637,0.8666666746139526,0.00020000001
0.6512470245361328,0.8666666746139526,0.00020000001
0.646319568157196,0.8666666746139526,0.00020000001
0.6432237029075623,0.8333333134651184,0.00020000001
0.6492375731468201,0.8666666746139526,0.00020000001
0.6568799614906311,0.800000011920929,0.00020000001
0.6551429629325867,0.8666666746139526,0.00020000001
0.6473978161811829,0.8333333134651184,0.00020000001
0.6364213824272156,0.8666666746139526,0.00020000001
0.6379196047782898,0.8666666746139526,0.00020000001
0.6436430811882019,0.8333333134651184,0.00020000001
0.642986536026001,0.8666666746139526,0.00020000001
0.6384197473526001,0.8333333134651184,0.00020000001
0.6326757073402405,0.8666666746139526,0.00020000001
0.6368122696876526,0.8666666746139526,0.00020000001
0.6360361576080322,0.8333333134651184,0.00020000001
0.6337205171585083,0.8666666746139526,0.00020000001
0.6290969252586365,0.8333333134651184,0.00020000001
0.62565016746521,0.8666666746139526,0.00020000001
0.6284002661705017,0.8666666746139526,0.00020000001
0.632641613483429,0.8666666746139526,0.00020000001
0.6287069916725159,0.8333333134651184,0.00020000001
0.6218942999839783,0.8666666746139526,0.00020000001
0.6228505373001099,0.8666666746139526,0.00020000001
0.6230582594871521,0.8666666746139526,0.00020000001
0.6312979459762573,0.8333333134651184,0.00020000001
0.6300071477890015,0.8666666746139526,0.00020000001
0.6218909025192261,0.8999999761581421,0.00020000001
0.6150203943252563,0.8333333134651184,0.00020000001
0.6175357699394226,0.8666666746139526,0.00020000001
0.6219380497932434,0.8999999761581421,0.00020000001
0.6252815127372742,0.8666666746139526,0.00020000001
0.6150001287460327,0.8666666746139526,0.00020000001
0.6103496551513672,0.8666666746139526,0.00020000001
0.6253608465194702,0.8666666746139526,0.00020000001
0.617906928062439,0.8666666746139526,0.00020000001
0.6098470091819763,0.8333333134651184,0.00020000001
0.6132431030273438,0.8666666746139526,0.00020000001
0.6151102185249329,0.8666666746139526,0.00020000001
0.6118572354316711,0.8666666746139526,0.00020000001
0.6018722653388977,0.8666666746139526,0.00020000001
0.6028741598129272,0.8666666746139526,0.00020000001
0.6104371547698975,0.8666666746139526,0.00020000001
0.6217290163040161,0.8333333134651184,0.00020000001
0.6239542365074158,0.8666666746139526,0.00020000001
0.6056469082832336,0.8333333134651184,0.00020000001
0.5980424284934998,0.8333333134651184,0.00020000001
0.6238123178482056,0.8666666746139526,0.00020000001
0.6168281435966492,0.800000011920929,0.00020000001
0.6052805185317993,0.8666666746139526,0.00020000001
0.6175529360771179,0.8999999761581421,0.00020000001
0.6131201386451721,0.8333333134651184,0.00020000001
0.604633092880249,0.8666666746139526,0.00020000001
0.6137439012527466,0.8666666746139526,0.00020000001
0.5985870361328125,0.8666666746139526,0.00020000001
0.616926372051239,0.8666666746139526,0.00020000001
0.5946752429008484,0.8666666746139526,0.00020000001
0.6123319268226624,0.8999999761581421,0.00020000001
0.6003887057304382,0.8666666746139526,0.00020000001
0.5985357165336609,0.8666666746139526,0.00020000001
0.5987398028373718,0.8666666746139526,0.00020000001
0.5973342061042786,0.8666666746139526,0.00020000001
0.5889720320701599,0.8666666746139526,0.00020000001
0.5925536751747131,0.8666666746139526,0.00020000001
0.5881595015525818,0.8666666746139526,0.00020000001
0.5767034888267517,0.8666666746139526,0.00020000001
0.5969216823577881,0.8666666746139526,0.00020000001
0.5819289088249207,0.8666666746139526,0.00020000001
0.5894622802734375,0.8666666746139526,0.00020000001
0.5805483460426331,0.8666666746139526,0.00020000001
0.5906930565834045,0.8666666746139526,0.00020000001
0.5793502926826477,0.8666666746139526,0.00020000001
0.5865840911865234,0.8666666746139526,0.00020000001
0.5804711580276489,0.8666666746139526,0.00020000001
0.5777895450592041,0.8666666746139526,0.00020000001
0.5740204453468323,0.8666666746139526,0.00020000001
0.569619357585907,0.8666666746139526,0.00020000001
0.5694906711578369,0.8666666746139526,0.00020000001
0.5715456604957581,0.8666666746139526,0.00020000001
0.5704038739204407,0.8666666746139526,0.00020000001
0.5819306969642639,0.8333333134651184,0.00020000001
0.590087890625,0.8666666746139526,0.00020000001
0.5663452744483948,0.800000011920929,0.00020000001
0.5634190440177917,0.8666666746139526,0.00020000001
0.5801507234573364,0.8666666746139526,0.00020000001
0.5764850378036499,0.800000011920929,0.00020000001
0.5694807767868042,0.8666666746139526,0.00020000001
0.5591309666633606,0.8333333134651184,0.00020000001
0.5720857381820679,0.8333333134651184,0.00020000001
0.5910100340843201,0.8666666746139526,0.00020000001
0.5684024095535278,0.8666666746139526,0.00020000001
0.5699440240859985,0.8666666746139526,0.00020000001
0.5735729932785034,0.8666666746139526,0.00020000001
0.5700752139091492,0.8333333134651184,0.00020000001
0.5632128119468689,0.8666666746139526,0.00020000001
0.5573305487632751,0.8666666746139526,0.00020000001
0.5693304538726807,0.8999999761581421,0.00020000001
0.5616247057914734,0.8666666746139526,0.00020000001
0.553866446018219,0.8666666746139526,0.00020000001
0.5600205063819885,0.8999999761581421,0.00020000001
0.5567779541015625,0.8666666746139526,0.00020000001
0.5479490160942078,0.8666666746139526,0.00020000001
0.5501357316970825,0.8666666746139526,0.00020000001
0.5623599886894226,0.8666666746139526,0.00020000001
0.5378198027610779,0.8666666746139526,0.00020000001
0.5609800815582275,0.8666666746139526,0.00020000001
0.5642713904380798,0.8666666746139526,0.00020000001
0.5380867123603821,0.8666666746139526,0.00020000001
0.5683178305625916,0.8999999761581421,0.00020000001
0.5650718212127686,0.8666666746139526,0.00020000001
0.5534301996231079,0.8666666746139526,0.00020000001
0.5545353293418884,0.8666666746139526,0.00020000001
0.5414762496948242,0.8666666746139526,0.00020000001
0.5535733699798584,0.8666666746139526,0.00020000001
0.5517820119857788,0.800000011920929,0.00020000001
0.5341443419456482,0.8333333134651184,1e-04
0.5327097773551941,0.8666666746139526,1e-04
0.5294145941734314,0.8666666746139526,1e-04
0.5302003622055054,0.8666666746139526,1e-04
0.5278292298316956,0.8666666746139526,1e-04
0.5277031660079956,0.8666666746139526,1e-04
0.526324987411499,0.8666666746139526,1e-04
0.5216777324676514,0.8666666746139526,1e-04
0.5216583609580994,0.8666666746139526,1e-04
0.5225691199302673,0.8666666746139526,1e-04
0.5194444060325623,0.8666666746139526,1e-04
0.5178506374359131,0.8666666746139526,1e-04
0.5189530253410339,0.8999999761581421,1e-04
0.5189611911773682,0.8666666746139526,1e-04
0.515699565410614,0.8666666746139526,1e-04
0.514896810054779,0.8666666746139526,1e-04
0.515358030796051,0.8666666746139526,1e-04
0.5150244832038879,0.8999999761581421,1e-04
0.5121543407440186,0.8666666746139526,1e-04
0.5113697052001953,0.8666666746139526,1e-04
0.5109513998031616,0.8666666746139526,1e-04
0.5108901262283325,0.8666666746139526,1e-04
0.5114438533782959,0.8666666746139526,1e-04
0.5104454755783081,0.8666666746139526,1e-04
0.5088136792182922,0.8666666746139526,1e-04
0.5069933533668518,0.8666666746139526,1e-04
0.5070603489875793,0.8666666746139526,1e-04
0.5086259841918945,0.8666666746139526,1e-04
0.5100131630897522,0.8666666746139526,1e-04
0.5071125030517578,0.8666666746139526,1e-04
0.5045931935310364,0.8666666746139526,1e-04
0.5032785534858704,0.8666666746139526,1e-04
0.5021688342094421,0.8666666746139526,1e-04
0.5023689270019531,0.8666666746139526,1e-04
0.502709150314331,0.8666666746139526,1e-04
0.5046475529670715,0.8666666746139526,1e-04
0.5056120753288269,0.8666666746139526,1e-04
0.5043671727180481,0.8666666746139526,1e-04
0.5000362396240234,0.8666666746139526,1e-04
0.49879592657089233,0.8666666746139526,1e-04
0.49788346886634827,0.8666666746139526,1e-04
0.4975971281528473,0.8666666746139526,1e-04
0.496612012386322,0.8666666746139526,1e-04
0.4980080723762512,0.8666666746139526,1e-04
0.5008677840232849,0.8999999761581421,1e-04
0.503800094127655,0.8666666746139526,1e-04
0.4957495331764221,0.8666666746139526,1e-04
0.49360454082489014,0.8999999761581421,1e-04
0.5014617443084717,0.8666666746139526,1e-04
0.5023005604743958,0.8666666746139526,1e-04
0.4954630732536316,0.8666666746139526,1e-04
0.4919961094856262,0.8999999761581421,1e-04
0.4974989593029022,0.8666666746139526,1e-04
0.5053684711456299,0.8666666746139526,1e-04
0.4928305745124817,0.8666666746139526,1e-04
0.503944993019104,0.8666666746139526,1e-04
0.5004285573959351,0.8666666746139526,1e-04
0.49612119793891907,0.8666666746139526,1e-04
0.49325549602508545,0.8666666746139526,1e-04
0.501587450504303,0.8666666746139526,1e-04
0.48969024419784546,0.8999999761581421,1e-04
0.49029427766799927,0.8666666746139526,1e-04
0.4999430477619171,0.8666666746139526,1e-04
0.4867364466190338,0.8999999761581421,1e-04
0.48632779717445374,0.8666666746139526,1e-04
0.4908851683139801,0.8666666746139526,1e-04
0.48588213324546814,0.8999999761581421,1e-04
0.4848756790161133,0.8666666746139526,1e-04
0.4837149381637573,0.8666666746139526,1e-04
0.4818660020828247,0.8999999761581421,1e-04
0.4810967743396759,0.8666666746139526,1e-04
0.48343148827552795,0.8666666746139526,1e-04
0.4873164892196655,0.8666666746139526,1e-04
0.4813877046108246,0.8999999761581421,1e-04
0.48054155707359314,0.8666666746139526,1e-04
0.48110586404800415,0.8999999761581421,1e-04
0.48001614212989807,0.8666666746139526,1e-04
0.4806493818759918,0.8999999761581421,1e-04
0.4861612319946289,0.8666666746139526,1e-04
0.47870934009552,0.8666666746139526,1e-04
0.4755497872829437,0.8666666746139526,1e-04
0.4806006848812103,0.8999999761581421,1e-04
0.4821315407752991,0.8666666746139526,1e-04
0.4817714989185333,0.8666666746139526,1e-04
0.4775209128856659,0.8999999761581421,1e-04
0.4761260449886322,0.8666666746139526,1e-04
0.47563984990119934,0.8666666746139526,1e-04
0.4769655466079712,0.8999999761581421,1e-04
0.4833570122718811,0.8666666746139526,1e-04
0.47486814856529236,0.8999999761581421,1e-04
0.4717510938644409,0.8999999761581421,1e-04
0.4718037545681,0.8666666746139526,1e-04
0.4721080958843231,0.8999999761581421,1e-04
0.4694242477416992,0.8666666746139526,1e-04
0.4715171158313751,0.8999999761581421,1e-04
0.4784775376319885,0.8666666746139526,1e-04
0.4699622392654419,0.8999999761581421,1e-04
0.4743283689022064,0.8999999761581421,1e-04
0.47290852665901184,0.8999999761581421,1e-04
0.47312527894973755,0.8666666746139526,1e-04
0.4712730944156647,0.8666666746139526,1e-04
0.47337108850479126,0.8999999761581421,1e-04
0.473610520362854,0.8666666746139526,1e-04
0.46605384349823,0.8999999761581421,1e-04
0.4688469469547272,0.8999999761581421,1e-04
0.46406441926956177,0.8666666746139526,1e-04
0.4649881422519684,0.8999999761581421,1e-04
0.46901217103004456,0.8999999761581421,1e-04
0.4706575572490692,0.8999999761581421,1e-04
0.47219130396842957,0.8666666746139526,1e-04
0.4611855149269104,0.8999999761581421,1e-04
0.46953314542770386,0.8999999761581421,1e-04
0.47092393040657043,0.8666666746139526,1e-04
0.46882569789886475,0.8666666746139526,1e-04
0.46868807077407837,0.8999999761581421,1e-04
0.47102636098861694,0.8999999761581421,1e-04
0.47460415959358215,0.8666666746139526,1e-04
0.4640640318393707,0.8666666746139526,1e-04
0.4642334580421448,0.8999999761581421,1e-04
0.4695657193660736,0.8999999761581421,1e-04
0.47346389293670654,0.8666666746139526,1e-04
0.4605494439601898,0.8666666746139526,1e-04
0.48344534635543823,0.8666666746139526,1e-04
0.4595857560634613,0.8666666746139526,1e-04
0.46623146533966064,0.8666666746139526,1e-04
0.4634782075881958,0.8999999761581421,1e-04
0.4625452756881714,0.8999999761581421,1e-04
0.45423367619514465,0.8999999761581421,1e-04
0.4616142213344574,0.8999999761581421,1e-04
0.4535152018070221,0.8999999761581421,1e-04
0.4622979760169983,0.8999999761581421,1e-04
0.45503896474838257,0.8666666746139526,1e-04
0.4550078213214874,0.8666666746139526,1e-04
0.4543673098087311,0.8999999761581421,1e-04
0.46357396245002747,0.8999999761581421,1e-04
0.4584125578403473,0.8999999761581421,1e-04
0.45435911417007446,0.8999999761581421,1e-04
0.4520985782146454,0.8999999761581421,1e-04
0.451381117105484,0.8999999761581421,1e-04
0.4608716666698456,0.8666666746139526,1e-04
0.4502900540828705,0.8999999761581421,1e-04
0.45672550797462463,0.8999999761581421,1e-04
0.4548921585083008,0.8666666746139526,1e-04
0.4578137993812561,0.8999999761581421,1e-04
0.4474310576915741,0.8999999761581421,1e-04
0.4580288231372833,0.8999999761581421,1e-04
0.45970574021339417,0.8999999761581421,1e-04
0.45241233706474304,0.8666666746139526,1e-04
0.4453401565551758,0.8999999761581421,1e-04
0.46826687455177307,0.8999999761581421,1e-04
0.4461916387081146,0.8666666746139526,1e-04
0.4482380747795105,0.8666666746139526,1e-04
0.4582558870315552,0.8999999761581421,1e-04
0.4468437135219574,0.8999999761581421,1e-04
0.44159412384033203,0.8999999761581421,1e-04
0.4489859342575073,0.8999999761581421,1e-04
0.44989603757858276,0.8999999761581421,1e-04
0.4434397518634796,0.8999999761581421,1e-04
0.4385242164134979,0.8999999761581421,1e-04
0.44261252880096436,0.8999999761581421,1e-04
0.44695472717285156,0.8999999761581421,1e-04
0.4443075358867645,0.8666666746139526,1e-04
0.4363650977611542,0.8999999761581421,1e-04
0.43925222754478455,0.8999999761581421,1e-04
0.44897347688674927,0.8666666746139526,1e-04
0.44109252095222473,0.8999999761581421,1e-04
0.43812236189842224,0.8999999761581421,1e-04
0.4507162272930145,0.8999999761581421,1e-04
0.4481528103351593,0.8666666746139526,1e-04
0.434529185295105,0.8999999761581421,1e-04
0.4436405301094055,0.8999999761581421,1e-04
0.4451141357421875,0.8999999761581421,1e-04
0.44255414605140686,0.8666666746139526,1e-04
0.4373816251754761,0.8999999761581421,1e-04
0.45112183690071106,0.8999999761581421,1e-04
0.43356093764305115,0.8999999761581421,1e-04
0.4451098144054413,0.8999999761581421,1e-04
0.4345674514770508,0.8999999761581421,1e-04
0.4367454946041107,0.8999999761581421,1e-04
0.4350828528404236,0.8999999761581421,1e-04
0.43016737699508667,0.8999999761581421,1e-04
0.4328462481498718,0.8999999761581421,1e-04
0.43780264258384705,0.8999999761581421,1e-04
0.43374955654144287,0.8666666746139526,1e-04
0.4278784394264221,0.8999999761581421,1e-04
0.4334741532802582,0.8999999761581421,1e-04
0.4315240681171417,0.8666666746139526,1e-04
0.43257835507392883,0.8999999761581421,1e-04
0.4329086244106293,0.8999999761581421,1e-04
0.4261280596256256,0.8999999761581421,1e-04
0.4238916337490082,0.8999999761581421,1e-04
0.42212679982185364,0.8999999761581421,1e-04
0.4247581362724304,0.8999999761581421,1e-04
0.42806681990623474,0.8999999761581421,1e-04
0.4230540096759796,0.8999999761581421,1e-04
0.4234316647052765,0.8999999761581421,1e-04
0.42618972063064575,0.8999999761581421,1e-04
0.4272178113460541,0.8999999761581421,1e-04
0.4219730794429779,0.8999999761581421,1e-04
0.4251147508621216,0.8999999761581421,1e-04
0.42468711733818054,0.8999999761581421,1e-04
0.4217391908168793,0.8999999761581421,1e-04
0.4184134900569916,0.8999999761581421,1e-04
0.4208497405052185,0.8999999761581421,1e-04
0.42258208990097046,0.8999999761581421,1e-04
0.4207918047904968,0.8999999761581421,1e-04
0.42123791575431824,0.8999999761581421,1e-04
0.4229947626590729,0.8999999761581421,1e-04
0.41706418991088867,0.8999999761581421,1e-04
0.41422271728515625,0.8999999761581421,1e-04
0.4134172797203064,0.8999999761581421,1e-04
0.415279746055603,0.8999999761581421,1e-04
0.41598251461982727,0.8999999761581421,1e-04
0.4200405776500702,0.8999999761581421,1e-04
0.4221501648426056,0.8999999761581421,1e-04
0.42278069257736206,0.8999999761581421,1e-04
0.41105660796165466,0.8999999761581421,1e-04
0.4100843071937561,0.8999999761581421,1e-04
0.4165019690990448,0.8999999761581421,1e-04
0.4200444519519806,0.8999999761581421,1e-04
0.41844210028648376,0.8999999761581421,1e-04
0.4095603823661804,0.8999999761581421,1e-04
0.40705499053001404,0.8999999761581421,1e-04
0.4065247178077698,0.8999999761581421,1e-04
0.4068071246147156,0.8999999761581421,1e-04
0.4107971489429474,0.8999999761581421,1e-04
0.414340078830719,0.8999999761581421,1e-04
0.4185240566730499,0.8999999761581421,1e-04
0.4099923074245453,0.8999999761581421,1e-04
0.40591415762901306,0.8999999761581421,1e-04
0.41017723083496094,0.8999999761581421,1e-04
0.4146929383277893,0.8999999761581421,1e-04
0.4128771424293518,0.8999999761581421,1e-04
0.40669625997543335,0.8999999761581421,1e-04
0.40815481543540955,0.8999999761581421,1e-04
0.4080303907394409,0.8999999761581421,1e-04
0.40287837386131287,0.8999999761581421,1e-04
0.40020620822906494,0.8999999761581421,1e-04
0.400789737701416,0.8999999761581421,1e-04
0.4036465287208557,0.8999999761581421,1e-04
0.4083597958087921,0.8999999761581421,1e-04
0.40290263295173645,0.8999999761581421,1e-04
0.4029380679130554,0.8999999761581421,1e-04
0.40768763422966003,0.8999999761581421,1e-04
0.41493719816207886,0.8999999761581421,1e-04
0.40137436985969543,0.8999999761581421,1e-04
0.39767786860466003,0.8999999761581421,1e-04
0.4078948199748993,0.8999999761581421,1e-04
0.41098862886428833,0.8999999761581421,1e-04
0.4039882719516754,0.8999999761581421,1e-04
0.39833152294158936,0.8999999761581421,1e-04
0.3977271318435669,0.8999999761581421,1e-04
0.4014647901058197,0.8999999761581421,1e-04
0.40058282017707825,0.8999999761581421,1e-04
0.4023084044456482,0.8999999761581421,1e-04
0.39928773045539856,0.8999999761581421,1e-04
0.39581793546676636,0.8999999761581421,1e-04
0.39356622099876404,0.8999999761581421,1e-04
0.39218100905418396,0.8999999761581421,1e-04
0.39121970534324646,0.8999999761581421,1e-04
0.3935723602771759,0.8999999761581421,1e-04
0.39700329303741455,0.8999999761581421,1e-04
0.40507087111473083,0.8999999761581421,1e-04
0.3949781060218811,0.8999999761581421,1e-04
0.3897075653076172,0.8999999761581421,1e-04
0.38824498653411865,0.8999999761581421,1e-04
0.38923379778862,0.8999999761581421,1e-04
0.38994014263153076,0.8999999761581421,1e-04
0.39404088258743286,0.8999999761581421,1e-04
0.3993362784385681,0.8999999761581421,1e-04
0.40282002091407776,0.8999999761581421,1e-04
0.38929882645606995,0.8999999761581421,1e-04
0.3865990936756134,0.8999999761581421,1e-04
0.3921833336353302,0.8999999761581421,1e-04
0.3968612849712372,0.8999999761581421,1e-04
0.39149144291877747,0.8999999761581421,1e-04
0.39190083742141724,0.8999999761581421,1e-04
0.39478498697280884,0.8999999761581421,1e-04
0.3874780535697937,0.8999999761581421,1e-04
0.38926759362220764,0.8999999761581421,1e-04
0.39828598499298096,0.8999999761581421,1e-04
0.3900641202926636,0.8999999761581421,1e-04
0.3885793089866638,0.8999999761581421,1e-04
0.3950188457965851,0.8999999761581421,1e-04
0.3953496515750885,0.8999999761581421,1e-04
0.38360628485679626,0.8999999761581421,1e-04
0.3827756345272064,0.8999999761581421,1e-04
0.38807404041290283,0.8999999761581421,1e-04
0.3883744478225708,0.8999999761581421,1e-04
0.3853912651538849,0.8999999761581421,1e-04
0.3846457600593567,0.8999999761581421,1e-04
0.3807236850261688,0.8999999761581421,1e-04
0.3883324861526489,0.8999999761581421,1e-04
0.3860354721546173,0.8999999761581421,1e-04
0.3825237452983856,0.8999999761581421,1e-04
0.381841778755188,0.8999999761581421,1e-04
0.37796756625175476,0.8999999761581421,1e-04
0.38458672165870667,0.8999999761581421,1e-04
0.3837369978427887,0.8999999761581421,1e-04
0.3852759897708893,0.8999999761581421,1e-04
0.3855106234550476,0.8999999761581421,1e-04
0.38203850388526917,0.8999999761581421,1e-04
0.378476083278656,0.8999999761581421,1e-04
0.3784424960613251,0.8999999761581421,1e-04
0.37449297308921814,0.8999999761581421,1e-04
0.3746705949306488,0.8999999761581421,1e-04
0.37331879138946533,0.8999999761581421,1e-04
0.3711688816547394,0.8999999761581421,1e-04
0.3724461495876312,0.8999999761581421,1e-04
0.37316519021987915,0.8999999761581421,1e-04
0.372916042804718,0.8999999761581421,1e-04
0.3786735534667969,0.8999999761581421,1e-04
0.3868902027606964,0.8999999761581421,1e-04
0.37340202927589417,0.8999999761581421,1e-04
0.3764004111289978,0.8999999761581421,1e-04
0.3777391016483307,0.8999999761581421,1e-04
0.37774282693862915,0.8999999761581421,1e-04
0.37195253372192383,0.8999999761581421,1e-04
0.3691146969795227,0.8999999761581421,1e-04
0.37491029500961304,0.8999999761581421,1e-04
0.3842891752719879,0.8999999761581421,1e-04
0.37570497393608093,0.8999999761581421,1e-04
0.37751585245132446,0.8999999761581421,1e-04
0.3700147569179535,0.8999999761581421,1e-04
0.37098148465156555,0.8999999761581421,1e-04
0.36893385648727417,0.8999999761581421,1e-04
0.36763110756874084,0.8999999761581421,1e-04
0.3770570158958435,0.8999999761581421,1e-04
0.3769906163215637,0.8999999761581421,1e-04
0.37156423926353455,0.8999999761581421,1e-04
0.36487096548080444,0.8999999761581421,1e-04
0.3633635938167572,0.8999999761581421,1e-04
0.36170706152915955,0.8999999761581421,1e-04
0.36220329999923706,0.8999999761581421,1e-04
0.3630867302417755,0.8999999761581421,1e-04
0.36616209149360657,0.8999999761581421,1e-04
0.37394028902053833,0.8999999761581421,1e-04
0.3820483386516571,0.8999999761581421,1e-04
0.3617139756679535,0.8999999761581421,1e-04
0.3771907091140747,0.8999999761581421,1e-04
0.3914557695388794,0.8999999761581421,1e-04
0.3728688657283783,0.8999999761581421,1e-04
0.39568057656288147,0.8999999761581421,1e-04
0.38167399168014526,0.8999999761581421,1e-04
0.3708079159259796,0.8999999761581421,1e-04
0.386947363615036,0.8999999761581421,1e-04
0.3644930422306061,0.8999999761581421,1e-04
0.3726414442062378,0.8999999761581421,1e-04
0.38310208916664124,0.8999999761581421,1e-04
0.3674095869064331,0.8999999761581421,1e-04
0.3733673095703125,0.8999999761581421,1e-04
0.38128548860549927,0.8999999761581421,1e-04
0.36265629529953003,0.8999999761581421,1e-04
0.3729051351547241,0.8999999761581421,1e-04
0.3661356270313263,0.8999999761581421,1e-04
0.3581641614437103,0.8999999761581421,1e-04
0.3673064410686493,0.8999999761581421,1e-04
0.3594105541706085,0.8999999761581421,1e-04
0.3563928008079529,0.8999999761581421,1e-04
0.3588258922100067,0.8999999761581421,1e-04
0.35961344838142395,0.8999999761581421,1e-04
0.3578360378742218,0.8999999761581421,1e-04
0.3581909239292145,0.8999999761581421,1e-04
0.36319273710250854,0.8999999761581421,1e-04
0.355636864900589,0.8999999761581421,1e-04
0.35107994079589844,0.8999999761581421,1e-04
0.34981635212898254,0.8999999761581421,1e-04
0.35095909237861633,0.8999999761581421,1e-04
0.3536430895328522,0.8999999761581421,1e-04
0.3533281981945038,0.8999999761581421,1e-04
0.3514332175254822,0.8999999761581421,1e-04
0.35110753774642944,0.8999999761581421,1e-04
0.3570724427700043,0.8999999761581421,1e-04
0.3561610281467438,0.8999999761581421,1e-04
0.354460209608078,0.8999999761581421,1e-04
0.34977614879608154,0.8999999761581421,1e-04
0.3485705554485321,0.8999999761581421,1e-04
0.3478468060493469,0.8999999761581421,1e-04
0.349708616733551,0.8999999761581421,1e-04
0.3508680760860443,0.8999999761581421,1e-04
0.35557982325553894,0.8999999761581421,1e-04
0.3512115478515625,0.8999999761581421,1e-04
0.3483918309211731,0.8999999761581421,1e-04
0.34705162048339844,0.8999999761581421,1e-04
0.34942665696144104,0.8999999761581421,1e-04
0.34767672419548035,0.8999999761581421,1e-04
0.34786197543144226,0.8999999761581421,1e-04
0.3497897684574127,0.8999999761581421,1e-04
0.3530953824520111,0.8999999761581421,1e-04
0.3467109501361847,0.8999999761581421,1e-04
0.34514254331588745,0.8999999761581421,1e-04
0.343937486410141,0.8999999761581421,1e-04
0.3436673581600189,0.8999999761581421,1e-04
0.3432990312576294,0.8999999761581421,1e-04
0.34562769532203674,0.8999999761581421,1e-04
0.35506898164749146,0.8999999761581421,1e-04
0.34589484333992004,0.8999999761581421,1e-04
0.3406152129173279,0.8999999761581421,1e-04
0.33962541818618774,0.8999999761581421,1e-04
0.3416195511817932,0.8999999761581421,1e-04
0.34204667806625366,0.8999999761581421,1e-04
0.34108230471611023,0.8999999761581421,1e-04
0.34437865018844604,0.8999999761581421,1e-04
0.3412792384624481,0.8999999761581421,1e-04
0.34683114290237427,0.8999999761581421,1e-04
0.34683316946029663,0.8999999761581421,1e-04
0.34401842951774597,0.8999999761581421,1e-04
0.3378605246543884,0.8999999761581421,1e-04
0.3365477919578552,0.8999999761581421,1e-04
0.3386233150959015,0.8999999761581421,1e-04
0.3427782654762268,0.8999999761581421,1e-04
0.34971848130226135,0.8999999761581421,1e-04
0.3371719419956207,0.8999999761581421,1e-04
0.3406949043273926,0.8999999761581421,1e-04
0.35822710394859314,0.8999999761581421,1e-04
0.3433965742588043,0.8999999761581421,1e-04
0.3481391370296478,0.8999999761581421,1e-04
0.363526850938797,0.8999999761581421,1e-04
0.3416631817817688,0.8999999761581421,1e-04
0.35347646474838257,0.8999999761581421,1e-04
0.3643406629562378,0.8999999761581421,1e-04
0.33334651589393616,0.8999999761581421,1e-04
0.3692447543144226,0.8999999761581421,1e-04
0.33767712116241455,0.8999999761581421,1e-04
0.34727442264556885,0.8999999761581421,1e-04
0.35421910881996155,0.8999999761581421,1e-04
0.33707669377326965,0.8999999761581421,1e-04
0.34529754519462585,0.8999999761581421,1e-04
0.3423517346382141,0.8999999761581421,1e-04
0.33103400468826294,0.8999999761581421,1e-04
0.34111276268959045,0.8999999761581421,1e-04
0.3344214856624603,0.8999999761581421,1e-04
0.32826805114746094,0.8999999761581421,1e-04
0.33193540573120117,0.8999999761581421,1e-04
0.33500757813453674,0.8999999761581421,1e-04
0.33183640241622925,0.8999999761581421,1e-04
0.32586345076560974,0.8999999761581421,1e-04
0.32856783270835876,0.8999999761581421,1e-04
0.3329280614852905,0.8999999761581421,1e-04
0.32637056708335876,0.8999999761581421,1e-04
0.32540982961654663,0.8999999761581421,1e-04
0.3254556357860565,0.8999999761581421,1e-04
0.3266040086746216,0.8999999761581421,1e-04
0.3293769061565399,0.8999999761581421,1e-04
0.3290005922317505,0.8999999761581421,1e-04
0.32664722204208374,0.8999999761581421,1e-04
0.32912999391555786,0.8999999761581421,1e-04
0.3286757171154022,0.8999999761581421,1e-04
0.32787901163101196,0.8999999761581421,1e-04
0.32485923171043396,0.8999999761581421,1e-04
0.3238735795021057,0.8999999761581421,1e-04
0.32130998373031616,0.8999999761581421,1e-04
0.3211475610733032,0.8999999761581421,1e-04
0.32022178173065186,0.8999999761581421,1e-04
0.31927689909935,0.8999999761581421,1e-04
0.3191278576850891,0.8999999761581421,1e-04
0.3195885419845581,0.8999999761581421,1e-04
0.3202839493751526,0.8999999761581421,1e-04
0.3253210783004761,0.8999999761581421,1e-04
0.3250390887260437,0.8999999761581421,1e-04
0.32437101006507874,0.8999999761581421,1e-04
0.32310619950294495,0.8999999761581421,1e-04
0.3264968991279602,0.8999999761581421,1e-04
0.32409754395484924,0.8999999761581421,1e-04
0.32235994935035706,0.8999999761581421,1e-04
0.3183579742908478,0.8999999761581421,1e-04
0.31660816073417664,0.8999999761581421,1e-04
0.3162442445755005,0.8999999761581421,1e-04
0.3192528188228607,0.8999999761581421,1e-04
0.3217177391052246,0.8999999761581421,1e-04
0.3266724944114685,0.8999999761581421,1e-04
0.3194878399372101,0.8999999761581421,1e-04
0.3165491223335266,0.8999999761581421,1e-04
0.3167913556098938,0.8999999761581421,1e-04
0.31828567385673523,0.8999999761581421,1e-04
0.31593331694602966,0.8999999761581421,1e-04
0.31327658891677856,0.8999999761581421,1e-04
0.3114948868751526,0.8999999761581421,1e-04
0.31154555082321167,0.8999999761581421,1e-04
0.3118950426578522,0.8999999761581421,1e-04
0.3123522698879242,0.8999999761581421,1e-04
0.3163173794746399,0.8999999761581421,1e-04
0.32728856801986694,0.8999999761581421,1e-04
0.3172374963760376,0.8999999761581421,1e-04
0.3124087452888489,0.8999999761581421,1e-04
0.30963534116744995,0.8999999761581421,1e-04
0.3098186254501343,0.8999999761581421,1e-04
0.31052473187446594,0.8999999761581421,1e-04
0.31496483087539673,0.8999999761581421,1e-04
0.31772491335868835,0.8999999761581421,1e-04
0.32064688205718994,0.8999999761581421,1e-04
0.3151385486125946,0.8999999761581421,1e-04
0.31142956018447876,0.8999999761581421,1e-04
0.30948230624198914,0.8999999761581421,1e-04
0.31065165996551514,0.8999999761581421,1e-04
0.31029632687568665,0.8999999761581421,1e-04
0.3108986020088196,0.8999999761581421,1e-04
0.31125494837760925,0.8999999761581421,1e-04
0.31533610820770264,0.8999999761581421,1e-04
0.31328314542770386,0.8999999761581421,1e-04
0.3132142722606659,0.8999999761581421,1e-04
0.308910995721817,0.8999999761581421,1e-04
0.3085778057575226,0.8999999761581421,1e-04
0.30800923705101013,0.8999999761581421,1e-04
0.31125107407569885,0.8999999761581421,1e-04
0.309109628200531,0.8999999761581421,1e-04
0.3070915639400482,0.8999999761581421,1e-04
0.3059491515159607,0.8999999761581421,1e-04
0.3084965944290161,0.8999999761581421,1e-04
0.30949655175209045,0.8999999761581421,1e-04
0.31446602940559387,0.8999999761581421,1e-04
0.30883899331092834,0.8999999761581421,1e-04
0.30359703302383423,0.8999999761581421,1e-04
0.30087488889694214,0.8999999761581421,1e-04
0.30261558294296265,0.8999999761581421,1e-04
0.3098463714122772,0.8999999761581421,1e-04
0.3135159909725189,0.8999999761581421,1e-04
0.3106625974178314,0.8999999761581421,1e-04
0.300944983959198,0.8999999761581421,1e-04
0.300209105014801,0.8999999761581421,1e-04
0.30517399311065674,0.8999999761581421,1e-04
0.30934131145477295,0.8999999761581421,1e-04
0.30900275707244873,0.8999999761581421,1e-04
0.3013785779476166,0.8999999761581421,1e-04
0.2987116575241089,0.8999999761581421,1e-04
0.29704439640045166,0.8999999761581421,1e-04
0.2969133257865906,0.8999999761581421,1e-04
0.29847806692123413,0.8999999761581421,1e-04
0.30222779512405396,0.8999999761581421,1e-04
0.31113308668136597,0.8999999761581421,1e-04
0.30393168330192566,0.8999999761581421,1e-04
0.2992425858974457,0.8999999761581421,1e-04
0.2959670126438141,0.8999999761581421,1e-04
0.29478999972343445,0.8999999761581421,1e-04
0.29493826627731323,0.8999999761581421,1e-04
0.29549089074134827,0.8999999761581421,1e-04
0.29641619324684143,0.8999999761581421,1e-04
0.30140420794487,0.8999999761581421,1e-04
0.3061871826648712,0.8999999761581421,1e-04
0.3040499687194824,0.8999999761581421,1e-04
0.2961379885673523,0.8999999761581421,1e-04
0.29822394251823425,0.8999999761581421,1e-04
0.303152859210968,0.8999999761581421,1e-04
0.3022615313529968,0.8999999761581421,1e-04
0.29498037695884705,0.8999999761581421,1e-04
0.29639923572540283,0.8999999761581421,1e-04
0.29927870631217957,0.8999999761581421,1e-04
0.30156806111335754,0.8999999761581421,1e-04
0.2967388927936554,0.8999999761581421,1e-04
0.2952490448951721,0.8999999761581421,1e-04
0.29346734285354614,0.8999999761581421,1e-04
0.2961671054363251,0.8999999761581421,1e-04
0.29721298813819885,0.8999999761581421,1e-04
0.30165573954582214,0.8999999761581421,1e-04
0.2953377366065979,0.8999999761581421,1e-04
0.2926942706108093,0.8999999761581421,1e-04
0.29178836941719055,0.8999999761581421,1e-04
0.29490363597869873,0.8999999761581421,1e-04
0.2953004837036133,0.8999999761581421,1e-04
0.29558804631233215,0.8999999761581421,1e-04
0.2906716763973236,0.8999999761581421,1e-04
0.2888399660587311,0.8999999761581421,1e-04
0.28766095638275146,0.8999999761581421,1e-04
0.2900106608867645,0.8999999761581421,1e-04
0.2940819561481476,0.8999999761581421,1e-04
0.2949656844139099,0.8999999761581421,1e-04
0.2899022698402405,0.8999999761581421,1e-04
0.2903939485549927,0.8999999761581421,1e-04
0.2925211489200592,0.8999999761581421,1e-04
0.29755255579948425,0.8999999761581421,1e-04
0.2908841371536255,0.8999999761581421,1e-04
0.28684914112091064,0.8999999761581421,1e-04
0.2857041358947754,0.8999999761581421,1e-04
0.2852702736854553,0.8999999761581421,1e-04
0.28469181060791016,0.8999999761581421,1e-04
0.28510743379592896,0.8999999761581421,1e-04
0.285279780626297,0.8999999761581421,1e-04
0.2876357436180115,0.8999999761581421,1e-04
0.28920549154281616,0.8999999761581421,1e-04
0.2873428463935852,0.8999999761581421,1e-04
0.28655391931533813,0.8999999761581421,1e-04
0.2887715697288513,0.8999999761581421,1e-04
0.2912658751010895,0.8999999761581421,1e-04
0.2942317724227905,0.8999999761581421,1e-04
0.28586769104003906,0.8999999761581421,1e-04
0.28640875220298767,0.8999999761581421,1e-04
0.2844734489917755,0.8999999761581421,1e-04
0.28282850980758667,0.8999999761581421,1e-04
0.285641610622406,0.8999999761581421,1e-04
0.2863719165325165,0.8999999761581421,1e-04
0.28703927993774414,0.8999999761581421,1e-04
0.2881036102771759,0.8999999761581421,1e-04
0.29161807894706726,0.8999999761581421,1e-04
0.2836615741252899,0.8999999761581421,1e-04
0.2832314074039459,0.8999999761581421,1e-04
0.28199368715286255,0.8999999761581421,1e-04
0.27977263927459717,0.8999999761581421,1e-04
0.28653043508529663,0.8999999761581421,1e-04
0.28969472646713257,0.8999999761581421,1e-04
0.28841838240623474,0.8999999761581421,1e-04
0.2816363573074341,0.8999999761581421,1e-04
0.27880996465682983,0.8999999761581421,1e-04
0.2787053883075714,0.8999999761581421,1e-04
0.2823142111301422,0.8999999761581421,1e-04
0.2895197570323944,0.8999999761581421,1e-04
0.2810403108596802,0.8999999761581421,1e-04
0.2770138680934906,0.8999999761581421,1e-04
0.2752492129802704,0.8999999761581421,1e-04
0.27670642733573914,0.8999999761581421,1e-04
0.2798437178134918,0.8999999761581421,1e-04
0.27935877442359924,0.8999999761581421,1e-04
0.278520405292511,0.8999999761581421,1e-04
0.2827705144882202,0.8999999761581421,1e-04
0.27963361144065857,0.8999999761581421,1e-04
0.28318145871162415,0.8999999761581421,1e-04
0.2812434136867523,0.8999999761581421,1e-04
0.2749444544315338,0.8999999761581421,1e-04
0.2744442820549011,0.8999999761581421,1e-04
0.2787114381790161,0.8999999761581421,1e-04
0.2739100158214569,0.8999999761581421,1e-04
0.27423229813575745,0.8999999761581421,1e-04
0.27874356508255005,0.8999999761581421,1e-04
0.2776640057563782,0.8999999761581421,1e-04
0.27922090888023376,0.8999999761581421,1e-04
0.28479698300361633,0.8999999761581421,1e-04
0.27245303988456726,0.8999999761581421,1e-04
0.2726469337940216,0.8999999761581421,1e-04
0.27504199743270874,0.8999999761581421,1e-04
0.27417340874671936,0.8999999761581421,1e-04
0.28086310625076294,0.8999999761581421,1e-04
0.28204652667045593,0.8999999761581421,1e-04
0.27710068225860596,0.8999999761581421,1e-04
0.2726113200187683,0.8999999761581421,1e-04
0.27548307180404663,0.8999999761581421,1e-04
0.2783813774585724,0.8999999761581421,1e-04
0.2725559175014496,0.8999999761581421,1e-04
0.27183279395103455,0.8999999761581421,1e-04
0.2704598009586334,0.8999999761581421,1e-04
0.27071574330329895,0.8999999761581421,1e-04
0.2709159851074219,0.8999999761581421,1e-04
0.27280205488204956,0.8999999761581421,1e-04
0.2727040648460388,0.8999999761581421,1e-04
0.2688446044921875,0.8999999761581421,1e-04
0.2696191668510437,0.8999999761581421,1e-04
0.2697376012802124,0.8999999761581421,1e-04
0.26753854751586914,0.8999999761581421,1e-04
0.27474889159202576,0.8999999761581421,1e-04
0.2758437991142273,0.8999999761581421,1e-04
0.2760152816772461,0.8999999761581421,1e-04
0.2712598741054535,0.8999999761581421,1e-04
0.2686503231525421,0.8999999761581421,1e-04
0.26886680722236633,0.8999999761581421,1e-04
0.2690233886241913,0.8999999761581421,1e-04
0.26641157269477844,0.8999999761581421,1e-04
0.26605817675590515,0.8999999761581421,1e-04
0.2637099027633667,0.8999999761581421,1e-04
0.2636946141719818,0.8999999761581421,1e-04
0.2647324502468109,0.8999999761581421,1e-04
0.2635518014431,0.8999999761581421,1e-04
0.26705804467201233,0.8999999761581421,1e-04
0.2707315981388092,0.8999999761581421,1e-04
0.27428776025772095,0.8999999761581421,1e-04
0.2678557336330414,0.8999999761581421,1e-04
0.26889336109161377,0.8999999761581421,1e-04
0.26736128330230713,0.8999999761581421,1e-04
0.26659947633743286,0.8999999761581421,1e-04
0.26644521951675415,0.8999999761581421,1e-04
0.2643928527832031,0.8999999761581421,1e-04
0.26261404156684875,0.8999999761581421,1e-04
0.26273787021636963,0.8999999761581421,1e-04
0.2633498013019562,0.8999999761581421,1e-04
0.2707107365131378,0.8999999761581421,1e-04
0.26416268944740295,0.8999999761581421,1e-04
0.26498422026634216,0.8999999761581421,1e-04
0.26564091444015503,0.8999999761581421,1e-04
0.2608795762062073,0.8999999761581421,1e-04
0.26057204604148865,0.8999999761581421,1e-04
0.26218381524086,0.8999999761581421,1e-04
0.2587053179740906,0.8999999761581421,1e-04
0.2582695782184601,0.8999999761581421,1e-04
0.2630681097507477,0.8999999761581421,1e-04
0.2708836495876312,0.8999999761581421,1e-04
0.2658959925174713,0.8999999761581421,1e-04
0.26349231600761414,0.8999999761581421,1e-04
0.2633671462535858,0.8999999761581421,1e-04
0.2646172344684601,0.8999999761581421,1e-04
0.25752198696136475,0.8999999761581421,1e-04
0.2578972578048706,0.8999999761581421,1e-04
0.2605017125606537,0.8999999761581421,1e-04
0.26181674003601074,0.8999999761581421,1e-04
0.26257893443107605,0.8999999761581421,1e-04
0.26663798093795776,0.8999999761581421,1e-04
0.2556065022945404,0.8999999761581421,1e-04
0.254082053899765,0.8999999761581421,1e-04
0.25746220350265503,0.8999999761581421,1e-04
0.25960591435432434,0.8999999761581421,1e-04
0.26438573002815247,0.8999999761581421,1e-04
0.26166579127311707,0.8999999761581421,1e-04
0.2577773332595825,0.8999999761581421,1e-04
0.2571323812007904,0.8999999761581421,1e-04
0.25856921076774597,0.8999999761581421,1e-04
0.2562430799007416,0.8999999761581421,1e-04
0.25509944558143616,0.8999999761581421,1e-04
0.25335758924484253,0.8999999761581421,1e-04
0.2587507963180542,0.8999999761581421,1e-04
0.2605639696121216,0.9333333373069763,1e-04
0.26032406091690063,0.8999999761581421,1e-04
0.25624343752861023,0.8999999761581421,1e-04
0.2572402060031891,0.8999999761581421,1e-04
0.25334030389785767,0.8999999761581421,1e-04
0.254048228263855,0.8999999761581421,1e-04
0.25427302718162537,0.8999999761581421,1e-04
0.25140810012817383,0.8999999761581421,1e-04
0.2499012053012848,0.9333333373069763,1e-04
0.24854548275470734,0.8999999761581421,1e-04
0.24813595414161682,0.8999999761581421,1e-04
0.24870525300502777,0.8999999761581421,1e-04
0.24985966086387634,0.8999999761581421,1e-04
0.2552731931209564,0.8999999761581421,1e-04
0.2567215859889984,0.8999999761581421,1e-04
0.2596670091152191,0.8999999761581421,1e-04
0.25349220633506775,0.9333333373069763,1e-04
0.24978365004062653,0.8999999761581421,1e-04
0.24799410998821259,0.8999999761581421,1e-04
0.24739116430282593,0.9333333373069763,1e-04
0.24621041119098663,0.9333333373069763,1e-04
0.24673691391944885,0.8999999761581421,1e-04
0.2511739730834961,0.9333333373069763,1e-04
0.2617504894733429,0.8999999761581421,1e-04
0.2549971044063568,0.9333333373069763,1e-04
0.2522646486759186,0.8999999761581421,1e-04
0.2528792917728424,0.9333333373069763,1e-04
0.25051528215408325,0.8999999761581421,1e-04
0.24776366353034973,0.9333333373069763,1e-04
0.24959619343280792,0.9333333373069763,1e-04
0.24829499423503876,0.9333333373069763,1e-04
0.25141504406929016,0.8999999761581421,1e-04
0.25105664134025574,0.9333333373069763,1e-04
0.2526421546936035,0.8999999761581421,1e-04
0.25304433703422546,0.9333333373069763,1e-04
0.2527301013469696,0.8999999761581421,1e-04
0.2519814372062683,0.8999999761581421,1e-04
0.25256088376045227,0.9333333373069763,1e-04
0.24303875863552094,0.9333333373069763,1e-04
0.24699001014232635,0.8999999761581421,1e-04
0.2550257742404938,0.9333333373069763,1e-04
0.24298422038555145,0.9333333373069763,1e-04
0.26309916377067566,0.8999999761581421,1e-04
0.2622496485710144,0.9333333373069763,1e-04
0.2550322115421295,0.9333333373069763,1e-04
0.2632097899913788,0.8999999761581421,1e-04
0.25061118602752686,0.9333333373069763,1e-04
0.25198888778686523,0.9333333373069763,1e-04
0.24982371926307678,0.8999999761581421,1e-04
0.24473977088928223,0.8999999761581421,1e-04
0.25394105911254883,0.9333333373069763,1e-04
0.2444087713956833,0.8999999761581421,1e-04
0.2534225285053253,0.8999999761581421,1e-04
0.2481316179037094,0.9333333373069763,1e-04
0.24386104941368103,0.9333333373069763,1e-04
0.25226452946662903,0.8999999761581421,1e-04
0.24842162430286407,0.8999999761581421,1e-04
0.24866390228271484,0.9333333373069763,1e-04
0.2529628574848175,0.8999999761581421,1e-04
0.24698416888713837,0.9333333373069763,1e-04
0.24821147322654724,0.9333333373069763,1e-04
0.24474845826625824,0.9333333373069763,1e-04
0.2382606416940689,0.9333333373069763,1e-04
0.2456788718700409,0.9333333373069763,1e-04
0.24275226891040802,0.9333333373069763,1e-04
0.2480040341615677,0.8999999761581421,1e-04
0.24473489820957184,0.9333333373069763,1e-04
0.2427612692117691,0.9333333373069763,1e-04
0.2436833679676056,0.9333333373069763,1e-04
0.24736589193344116,0.9333333373069763,1e-04
0.24247655272483826,0.9333333373069763,1e-04
0.2520225942134857,0.8999999761581421,1e-04
0.25279495120048523,0.9333333373069763,1e-04
0.24269454181194305,0.9666666388511658,1e-04
0.25148725509643555,0.8999999761581421,1e-04
0.25001829862594604,0.9333333373069763,1e-04
0.2459816038608551,0.9333333373069763,1e-04
0.2470128983259201,0.8999999761581421,1e-04
0.2464873194694519,0.9333333373069763,1e-04
0.24620535969734192,0.9333333373069763,1e-04
0.2413804680109024,0.9333333373069763,1e-04
0.2508780062198639,0.8999999761581421,1e-04
0.24567236006259918,0.9333333373069763,1e-04
0.24383267760276794,0.9333333373069763,1e-04
0.2552359700202942,0.8999999761581421,1e-04
0.23800595104694366,0.9333333373069763,1e-04
0.2508291006088257,0.9333333373069763,1e-04
0.2393028885126114,0.9333333373069763,1e-04
0.24189254641532898,0.9333333373069763,1e-04
0.24629834294319153,0.8999999761581421,1e-04
0.2388797551393509,0.9333333373069763,1e-04
0.24565540254116058,0.8999999761581421,1e-04
0.24049068987369537,0.9333333373069763,1e-04
0.23668000102043152,0.9333333373069763,1e-04
0.23887838423252106,0.9333333373069763,1e-04
0.24289733171463013,0.9333333373069763,1e-04
0.23815765976905823,0.9333333373069763,1e-04
0.2377600073814392,0.9333333373069763,1e-04
0.23844662308692932,0.9333333373069763,1e-04
0.2397950440645218,0.9333333373069763,1e-04
0.23807838559150696,0.8999999761581421,1e-04
0.23059174418449402,0.9333333373069763,1e-04
0.2341288924217224,0.9333333373069763,1e-04
0.23581381142139435,0.9333333373069763,1e-04
0.23307490348815918,0.9333333373069763,1e-04
0.23158308863639832,0.9333333373069763,1e-04
0.23283281922340393,0.9333333373069763,1e-04
0.24174298346042633,0.9333333373069763,1e-04
0.2410711944103241,0.9333333373069763,1e-04
0.23063354194164276,0.9333333373069763,1e-04
0.22961273789405823,0.9333333373069763,1e-04
0.23110119998455048,0.9333333373069763,1e-04
0.2378675937652588,0.9333333373069763,1e-04
0.24611753225326538,0.8999999761581421,1e-04
0.23279979825019836,0.9333333373069763,1e-04
0.22791431844234467,0.9333333373069763,1e-04
0.22736263275146484,0.9333333373069763,1e-04
0.22785058617591858,0.9333333373069763,1e-04
0.22983045876026154,0.9333333373069763,1e-04
0.2332289069890976,0.9333333373069763,1e-04
0.23630742728710175,0.9333333373069763,1e-04
0.22978121042251587,0.9333333373069763,1e-04
0.2288791686296463,0.9333333373069763,1e-04
0.2290848344564438,0.9333333373069763,1e-04
0.2298203855752945,0.9333333373069763,1e-04
0.22790342569351196,0.9333333373069763,1e-04
0.2299344390630722,0.9333333373069763,1e-04
0.22746232151985168,0.9333333373069763,1e-04
0.22882436215877533,0.9333333373069763,1e-04
0.22968782484531403,0.9333333373069763,1e-04
0.22843216359615326,0.9333333373069763,1e-04
0.22696122527122498,0.9333333373069763,1e-04
0.23150129616260529,0.9333333373069763,1e-04
0.2295503318309784,0.9333333373069763,1e-04
0.22857937216758728,0.9333333373069763,1e-04
0.2280905544757843,0.9333333373069763,1e-04
0.22722989320755005,0.9333333373069763,1e-04
0.22545920312404633,0.9333333373069763,1e-04
0.22906853258609772,0.9333333373069763,1e-04
0.22513894736766815,0.9333333373069763,1e-04
0.22646747529506683,0.9333333373069763,1e-04
0.22733785212039948,0.9333333373069763,1e-04
0.2269328385591507,0.9333333373069763,1e-04
0.22827810049057007,0.9333333373069763,1e-04
0.22939562797546387,0.9333333373069763,1e-04
0.2235671877861023,0.9333333373069763,1e-04
0.22145260870456696,0.9333333373069763,1e-04
0.2204301506280899,0.9333333373069763,1e-04
0.2197369933128357,0.9333333373069763,1e-04
0.21974734961986542,0.9333333373069763,1e-04
0.22098655998706818,0.9333333373069763,1e-04
0.2243061363697052,0.9333333373069763,1e-04
0.22530359029769897,0.9333333373069763,1e-04
0.22136497497558594,0.9333333373069763,1e-04
0.2208666354417801,0.9333333373069763,1e-04
0.22402308881282806,0.9333333373069763,1e-04
0.23437990248203278,0.9333333373069763,1e-04
0.22862480580806732,0.9666666388511658,1e-04
0.22413553297519684,0.9333333373069763,1e-04
0.2209453284740448,0.9333333373069763,1e-04
0.21938902139663696,0.9333333373069763,1e-04
0.2173139601945877,0.9333333373069763,1e-04
0.21672913432121277,0.9333333373069763,1e-04
0.2167799025774002,0.9333333373069763,1e-04
0.2164287567138672,0.9333333373069763,1e-04
0.21678094565868378,0.9333333373069763,1e-04
0.2202785462141037,0.9666666388511658,1e-04
0.23171912133693695,0.9333333373069763,1e-04
0.23070202767848969,0.9333333373069763,1e-04
0.22336848080158234,0.9333333373069763,1e-04
0.21796788275241852,0.9333333373069763,1e-04
0.21875528991222382,0.9333333373069763,1e-04
0.22066903114318848,0.9333333373069763,1e-04
0.22122091054916382,0.9333333373069763,1e-04
0.21747417747974396,0.9333333373069763,1e-04
0.21657432615756989,0.9333333373069763,1e-04
0.21962861716747284,0.9666666388511658,1e-04
0.230387344956398,0.9333333373069763,1e-04
0.2230100780725479,0.9666666388511658,1e-04
0.21620362997055054,0.9333333373069763,1e-04
0.21277405321598053,0.9333333373069763,1e-04
0.2141856700181961,0.9666666388511658,1e-04
0.22017668187618256,0.9333333373069763,1e-04
0.22755995392799377,0.9666666388511658,1e-04
0.22649647295475006,0.9333333373069763,1e-04
0.21380296349525452,0.9666666388511658,1e-04
0.212418332695961,0.9333333373069763,1e-04
0.21880000829696655,0.9333333373069763,1e-04
0.22327254712581635,0.9666666388511658,1e-04
0.2237716019153595,0.9333333373069763,1e-04
0.2170720249414444,0.9666666388511658,1e-04
0.21295063197612762,0.9333333373069763,1e-04
0.21228791773319244,0.9333333373069763,1e-04
0.2127048522233963,0.9333333373069763,1e-04
0.21251843869686127,0.9333333373069763,1e-04
0.2137976437807083,0.9333333373069763,1e-04
0.21890880167484283,0.9333333373069763,1e-04
0.21478533744812012,0.9333333373069763,1e-04
0.2169966697692871,0.9333333373069763,1e-04
0.21767586469650269,0.9666666388511658,1e-04
0.2156365066766739,0.9333333373069763,1e-04
0.2127244621515274,0.9333333373069763,1e-04
0.21321135759353638,0.9333333373069763,1e-04
0.21089281141757965,0.9666666388511658,1e-04
0.21190719306468964,0.9333333373069763,1e-04
0.21410544216632843,0.9666666388511658,1e-04
0.21818417310714722,0.9333333373069763,1e-04
0.22051353752613068,0.9666666388511658,1e-04
0.21864716708660126,0.9333333373069763,1e-04
0.2102344036102295,0.9333333373069763,1e-04
0.20813070237636566,0.9333333373069763,1e-04
0.20821301639080048,0.9333333373069763,1e-04
0.21102896332740784,0.9333333373069763,1e-04
0.21831925213336945,0.9333333373069763,1e-04
0.21628539264202118,0.9666666388511658,1e-04
0.21719026565551758,0.9333333373069763,1e-04
0.2121097892522812,0.9666666388511658,1e-04
0.2100694328546524,0.9333333373069763,1e-04
0.20901747047901154,0.9333333373069763,1e-04
0.211595818400383,0.9333333373069763,1e-04
0.21071958541870117,0.9333333373069763,1e-04
0.21088232100009918,0.9333333373069763,1e-04
0.20831775665283203,0.9333333373069763,1e-04
0.20709547400474548,0.9333333373069763,1e-04
0.20648795366287231,0.9333333373069763,1e-04
0.20524610579013824,0.9333333373069763,1e-04
0.2043018341064453,0.9333333373069763,1e-04
0.20397934317588806,0.9666666388511658,1e-04
0.20513394474983215,0.9333333373069763,1e-04
0.20937147736549377,0.9666666388511658,1e-04
0.2111925482749939,0.9333333373069763,1e-04
0.2150447517633438,0.9666666388511658,1e-04
0.22015756368637085,0.9333333373069763,1e-04
0.20610205829143524,0.9666666388511658,1e-04
0.20442406833171844,0.9333333373069763,1e-04
0.20996879041194916,0.9333333373069763,1e-04
0.2125561684370041,0.9666666388511658,1e-04
0.21913482248783112,0.9333333373069763,1e-04
0.2126179039478302,0.9666666388511658,1e-04
0.2049553394317627,0.9333333373069763,1e-04
0.20522594451904297,0.9333333373069763,1e-04
0.20568101108074188,0.9666666388511658,1e-04
0.20336058735847473,0.9333333373069763,1e-04
0.20651012659072876,0.9666666388511658,1e-04
0.20778201520442963,0.9333333373069763,1e-04
0.2067793905735016,0.9666666388511658,1e-04
0.21381399035453796,0.9333333373069763,1e-04
0.21502785384655,0.9666666388511658,1e-04
0.20906218886375427,0.9333333373069763,1e-04
0.2067190557718277,0.9333333373069763,1e-04
0.20501647889614105,0.9666666388511658,1e-04
0.2014571875333786,0.9666666388511658,1e-04
0.20434586703777313,0.9333333373069763,1e-04
0.20671258866786957,0.9666666388511658,1e-04
0.20320990681648254,0.9666666388511658,1e-04
0.21407648921012878,0.9333333373069763,1e-04
0.21724969148635864,0.9666666388511658,1e-04
0.21214625239372253,0.9333333373069763,1e-04
0.21123100817203522,0.9333333373069763,1e-04
0.2067698836326599,0.9666666388511658,1e-04
0.20759104192256927,0.9333333373069763,1e-04
0.21246486902236938,0.9333333373069763,1e-04
0.20691362023353577,0.9333333373069763,1e-04
0.20635364949703217,0.9666666388511658,1e-04
0.2047722488641739,0.9333333373069763,1e-04
0.19991999864578247,0.9333333373069763,1e-04
0.2029663622379303,0.9666666388511658,1e-04
0.201093390583992,0.9333333373069763,1e-04
0.20325607061386108,0.9333333373069763,1e-04
0.20368747413158417,0.9333333373069763,1e-04
0.2042529433965683,0.9666666388511658,1e-04
0.210731640458107,0.9333333373069763,1e-04
0.20521368086338043,0.9666666388511658,1e-04
0.19893847405910492,0.9333333373069763,1e-04
0.20285430550575256,0.9333333373069763,1e-04
0.20464687049388885,0.9666666388511658,1e-04
0.19975632429122925,0.9666666388511658,1e-04
0.2071881890296936,0.9333333373069763,1e-04
0.20488306879997253,0.9666666388511658,1e-04
0.20183537900447845,0.9666666388511658,1e-04
0.20740601420402527,0.9333333373069763,1e-04
0.19823183119297028,0.9666666388511658,1e-04
0.19979842007160187,0.9666666388511658,1e-04
0.20181046426296234,0.9333333373069763,1e-04
0.1981174796819687,0.9333333373069763,1e-04
0.206447035074234,0.9666666388511658,1e-04
0.20964263379573822,0.9333333373069763,1e-04
0.20459134876728058,0.9666666388511658,1e-04
0.19754381477832794,0.9666666388511658,1e-04
0.19438613951206207,0.9666666388511658,1e-04
0.19648513197898865,0.9333333373069763,1e-04
0.1983584463596344,0.9333333373069763,1e-04
0.20146287977695465,0.9666666388511658,1e-04
0.20977957546710968,0.9333333373069763,1e-04
0.20912708342075348,0.9666666388511658,1e-04
0.20221729576587677,0.9333333373069763,1e-04
0.19848565757274628,0.9333333373069763,1e-04
0.20252946019172668,0.9666666388511658,1e-04
0.21716207265853882,0.9333333373069763,1e-04
0.19751425087451935,0.9666666388511658,1e-04
0.20749635994434357,0.9666666388511658,1e-04
0.21790583431720734,0.9333333373069763,1e-04
0.2011752426624298,0.9666666388511658,1e-04
0.23387058079242706,0.9666666388511658,1e-04
0.2031540870666504,0.9333333373069763,1e-04
0.2049204260110855,0.9666666388511658,1e-04
0.20709432661533356,0.9666666388511658,1e-04
0.2085389792919159,0.9333333373069763,1e-04
0.19490312039852142,0.9666666388511658,1e-04
0.20163249969482422,0.9666666388511658,1e-04
0.20087435841560364,0.9333333373069763,1e-04
0.20084024965763092,0.9666666388511658,1e-04
0.19454829394817352,0.9666666388511658,1e-04
0.1938220113515854,0.9666666388511658,1e-04
0.19685707986354828,0.9666666388511658,1e-04
0.1995483785867691,0.9333333373069763,1e-04
0.193828746676445,0.9666666388511658,1e-04
0.19367793202400208,0.9666666388511658,1e-04
0.1994132250547409,0.9333333373069763,1e-04
0.2006501406431198,0.9666666388511658,1e-04
0.1993219405412674,0.9333333373069763,1e-04
0.19349093735218048,0.9666666388511658,1e-04
0.1958058625459671,0.9666666388511658,1e-04
0.19550175964832306,0.9333333373069763,1e-04
0.19383130967617035,0.9666666388511658,1e-04
0.1951051652431488,0.9666666388511658,1e-04
0.1941148191690445,0.9666666388511658,1e-04
0.1927517056465149,0.9333333373069763,1e-04
0.1906648427248001,0.9666666388511658,1e-04
0.18722206354141235,0.9666666388511658,1e-04
0.1885404884815216,0.9666666388511658,1e-04
0.1895121932029724,0.9666666388511658,1e-04
0.1881435364484787,0.9666666388511658,1e-04
0.19157364964485168,0.9333333373069763,1e-04
0.19388166069984436,0.9666666388511658,1e-04
0.1972692757844925,0.9333333373069763,1e-04
0.19372552633285522,0.9666666388511658,1e-04
