loss,accuracy,lr
0.9605587720870972,0.5,0.001
0.20498494803905487,1.0,0.001
0.05655394122004509,1.0,0.001
0.022051667794585228,1.0,0.001
0.042578812688589096,1.0,0.001
0.007228221278637648,1.0,0.001
0.2889343202114105,0.8214285969734192,0.001
0.11762946099042892,0.9285714030265808,0.001
0.08325077593326569,1.0,0.001
0.03975895419716835,1.0,0.001
0.020590929314494133,1.0,0.001
0.010340624488890171,1.0,0.001
0.009532028809189796,1.0,0.001
0.01887410692870617,1.0,0.001
0.004828057251870632,1.0,0.001
0.1110282763838768,0.9642857313156128,0.001
0.11139360815286636,0.9285714030265808,0.001
0.0018745566485449672,1.0,0.001
0.01603514887392521,1.0,0.001
0.013701100833714008,1.0,0.001
0.011870749294757843,1.0,0.001
0.005284585058689117,1.0,0.001
0.004796369932591915,1.0,0.001
0.007220230996608734,1.0,0.001
0.0023823119699954987,1.0,0.001
0.002450175816193223,1.0,0.001
0.0014142078580334783,1.0,0.001
0.000697455951012671,1.0,0.001
0.014385933987796307,1.0,0.001
0.0005711390404030681,1.0,0.001
0.0005076045054011047,1.0,0.001
0.0005060364492237568,1.0,0.001
0.0009133241255767643,1.0,0.001
0.0059552607126533985,1.0,0.001
0.0011579056736081839,1.0,0.001
0.0009435387910343707,1.0,0.001
0.0005186943453736603,1.0,0.001
0.00030664834775961936,1.0,0.001
0.0005752198048867285,1.0,0.001
0.0013561878586187959,1.0,0.001
0.0002513259823899716,1.0,0.001
0.00029663401073776186,1.0,0.001
0.0004040601197630167,1.0,0.001
0.0001237512769876048,1.0,0.001
0.0010723774321377277,1.0,0.001
0.00010679184924811125,1.0,0.001
9.719921217765659e-05,1.0,0.001
0.00010319519060431048,1.0,0.001
9.738165681483224e-05,1.0,0.001
0.00017449793813284487,1.0,0.001
0.00020197572303004563,1.0,0.001
0.00012142044579377398,1.0,0.001
0.0001651999627938494,1.0,0.001
0.0002043458225671202,1.0,0.001
7.845760410418734e-05,1.0,0.00020000001
0.00024615792790427804,1.0,0.00020000001
0.0001918599009513855,1.0,0.00020000001
0.0009270628215745091,1.0,0.00020000001
7.958138303365558e-05,1.0,0.00020000001
0.0003154682053718716,1.0,0.00020000001
8.160695870174095e-05,1.0,0.00020000001
0.0003843426238745451,1.0,0.00020000001
7.484394154744223e-05,1.0,0.00020000001
0.00046884501352906227,1.0,0.00020000001
9.755086648510769e-05,1.0,1e-04
7.905167149147019e-05,1.0,1e-04
8.121119753923267e-05,1.0,1e-04
0.0005840230733156204,1.0,1e-04
7.632409688085318e-05,1.0,1e-04
0.00017339110490866005,1.0,1e-04
0.00015081085439305753,1.0,1e-04
7.87778408266604e-05,1.0,1e-04
0.0012443853775039315,1.0,1e-04
0.0006843909504823387,1.0,1e-04
0.0017839384963735938,1.0,1e-04
0.0006744356942363083,1.0,1e-04
0.00020338597823865712,1.0,1e-04
0.00014189910143613815,1.0,1e-04
0.0006507853977382183,1.0,1e-04
8.170770888682455e-05,1.0,1e-04
0.0022255864460021257,1.0,1e-04
0.0002053762145806104,1.0,1e-04
0.00015473146049771458,1.0,1e-04
0.00018912441737484187,1.0,1e-04
0.00021992453548591584,1.0,1e-04
0.00012407478061504662,1.0,1e-04
0.0003035460249520838,1.0,1e-04
0.0001441261701984331,1.0,1e-04
0.00012198961485410109,1.0,1e-04
0.00014338467735797167,1.0,1e-04
0.00025727201136760414,1.0,1e-04
4.769391307490878e-05,1.0,1e-04
0.000962320133112371,1.0,1e-04
0.0036414670757949352,1.0,1e-04
0.0001361516915494576,1.0,1e-04
0.0001231252826983109,1.0,1e-04
0.00019050852279178798,1.0,1e-04
0.00013101146032568067,1.0,1e-04
0.000169520775671117,1.0,1e-04
6.82148602209054e-05,1.0,1e-04
0.00014902064867783338,1.0,1e-04
0.00011247466318309307,1.0,1e-04
0.00012233325105626136,1.0,1e-04
0.01277447585016489,1.0,1e-04
5.945761949988082e-05,1.0,1e-04
0.00010833710985025391,1.0,1e-04
0.0001253701775567606,1.0,1e-04
0.0003487213107291609,1.0,1e-04
0.0003329718310851604,1.0,1e-04
0.0006030260701663792,1.0,1e-04
0.0002073636424029246,1.0,1e-04
0.00015891330258455127,1.0,1e-04
5.56883096578531e-05,1.0,1e-04
6.25575048616156e-05,1.0,1e-04
0.0004708199412561953,1.0,1e-04
0.00011903691483894363,1.0,1e-04
0.0005813493044115603,1.0,1e-04
5.5589651310583577e-05,1.0,1e-04
5.5599208280909806e-05,1.0,1e-04
0.0003418650012463331,1.0,1e-04
0.00047245321911759675,1.0,1e-04
0.00014161158469505608,1.0,1e-04
5.375494947656989e-05,1.0,1e-04
0.00011583073501242325,1.0,1e-04
5.9601228713290766e-05,1.0,1e-04
5.8683919633040205e-05,1.0,1e-04
0.0006227031699381769,1.0,1e-04
0.0001400521578034386,1.0,1e-04
0.00014415181067306548,1.0,1e-04
9.399849659530446e-05,1.0,1e-04
0.00012843879812862724,1.0,1e-04
0.0005175081314519048,1.0,1e-04
5.567499465541914e-05,1.0,1e-04
0.00013291464711073786,1.0,1e-04
0.0004633912758436054,1.0,1e-04
0.004450948443263769,1.0,1e-04
8.775539026828483e-05,1.0,1e-04
0.0001352641556877643,1.0,1e-04
0.00032414510496892035,1.0,1e-04
0.0001525673142168671,1.0,1e-04
5.1508126489352435e-05,1.0,1e-04
0.00018134154379367828,1.0,1e-04
5.7355286116944626e-05,1.0,1e-04
4.450505366548896e-05,1.0,1e-04
0.00098290981259197,1.0,1e-04
0.00012650954886339605,1.0,1e-04
0.00011663160694297403,1.0,1e-04
0.0004571496101561934,1.0,1e-04
0.00010413459676783532,1.0,1e-04
0.0001150552780018188,1.0,1e-04
6.04624037805479e-05,1.0,1e-04
8.849160803947598e-05,1.0,1e-04
0.00014271742838900536,1.0,1e-04
4.9664737161947414e-05,1.0,1e-04
0.0004969157744199038,1.0,1e-04
0.0006029218784533441,1.0,1e-04
7.458577601937577e-05,1.0,1e-04
7.613125490024686e-05,1.0,1e-04
0.00011186383926542476,1.0,1e-04
9.564401989337057e-05,1.0,1e-04
0.000352717557689175,1.0,1e-04
0.00023994471121113747,1.0,1e-04
5.064379729446955e-05,1.0,1e-04
0.00011351536522852257,1.0,1e-04
9.239617793355137e-05,1.0,1e-04
9.02435858733952e-05,1.0,1e-04
0.0011506752343848348,1.0,1e-04
0.00030462496215477586,1.0,1e-04
4.6931767428759485e-05,1.0,1e-04
0.00017017351638060063,1.0,1e-04
0.0015017521800473332,1.0,1e-04
5.495400182553567e-05,1.0,1e-04
0.00047300258302129805,1.0,1e-04
0.00011651116801658645,1.0,1e-04
0.00016733778466004878,1.0,1e-04
0.0002152603556169197,1.0,1e-04
4.4267049815971404e-05,1.0,1e-04
5.628028520732187e-05,1.0,1e-04
5.577362753683701e-05,1.0,1e-04
4.4058397179469466e-05,1.0,1e-04
0.00014735665172338486,1.0,1e-04
4.41082265751902e-05,1.0,1e-04
4.438546966412105e-05,1.0,1e-04
4.3522013584151864e-05,1.0,1e-04
4.562458707368933e-05,1.0,1e-04
0.0002868265728466213,1.0,1e-04
4.181493568466976e-05,1.0,1e-04
0.0004513484600465745,1.0,1e-04
0.00012152372801210731,1.0,1e-04
0.00010542822565184906,1.0,1e-04
0.0003202457446604967,1.0,1e-04
4.5789471187163144e-05,1.0,1e-04
0.0009185975068248808,1.0,1e-04
0.00010196059884037822,1.0,1e-04
0.0003789044567383826,1.0,1e-04
4.1644721932243556e-05,1.0,1e-04
0.00022872432600706816,1.0,1e-04
0.00021137103613000363,1.0,1e-04
4.1325143683934584e-05,1.0,1e-04
6.529000529553741e-05,1.0,1e-04
4.659831029130146e-05,1.0,1e-04
6.729490269208327e-05,1.0,1e-04
0.00033885581069625914,1.0,1e-04
9.357400267617777e-05,1.0,1e-04
8.346582035301253e-05,1.0,1e-04
0.0003748142044059932,1.0,1e-04
0.00010284711606800556,1.0,1e-04
0.0001366965298075229,1.0,1e-04
0.001665086718276143,1.0,1e-04
4.516366243478842e-05,1.0,1e-04
9.530382521916181e-05,1.0,1e-04
9.700649388832971e-05,1.0,1e-04
8.884305134415627e-05,1.0,1e-04
0.0007482971996068954,1.0,1e-04
3.753634518943727e-05,1.0,1e-04
0.00017769723490346223,1.0,1e-04
0.0002918606041930616,1.0,1e-04
7.029930566204712e-05,1.0,1e-04
4.247409015079029e-05,1.0,1e-04
0.0003957479784730822,1.0,1e-04
7.85227312007919e-05,1.0,1e-04
6.379244587151334e-05,1.0,1e-04
0.0004921606741845608,1.0,1e-04
0.004979418125003576,1.0,1e-04
5.6220294936792925e-05,1.0,1e-04
5.984571180306375e-05,1.0,1e-04
0.00023727996449451894,1.0,1e-04
9.59576791501604e-05,1.0,1e-04
9.003832383314148e-05,1.0,1e-04
6.084539199946448e-05,1.0,1e-04
8.632412937004119e-05,1.0,1e-04
3.535219366312958e-05,1.0,1e-04
5.0243314035469666e-05,1.0,1e-04
3.2546806323807687e-05,1.0,1e-04
7.272182119777426e-05,1.0,1e-04
0.00039938496774993837,1.0,1e-04
6.041527012712322e-05,1.0,1e-04
4.0511029510525987e-05,1.0,1e-04
3.898213253705762e-05,1.0,1e-04
3.5752553230850026e-05,1.0,1e-04
9.83974096016027e-05,1.0,1e-04
0.0005021014367230237,1.0,1e-04
3.8081256207078695e-05,1.0,1e-04
9.529261296847835e-05,1.0,1e-04
6.532288534799591e-05,1.0,1e-04
3.1423387554241344e-05,1.0,1e-04
8.975387027021497e-05,1.0,1e-04
3.462464883341454e-05,1.0,1e-04
0.00012957750004716218,1.0,1e-04
0.000277515035122633,1.0,1e-04
0.00035434513119980693,1.0,1e-04
0.00031120938365347683,1.0,1e-04
0.00031446959474124014,1.0,1e-04
2.9916311177657917e-05,1.0,1e-04
7.610503962496296e-05,1.0,1e-04
3.0593226256314665e-05,1.0,1e-04
0.0002067749301204458,1.0,1e-04
5.434686681837775e-05,1.0,1e-04
6.28464185865596e-05,1.0,1e-04
0.00010919203486992046,1.0,1e-04
8.442898251814768e-05,1.0,1e-04
4.8255384172080085e-05,1.0,1e-04
8.12517391750589e-05,1.0,1e-04
5.586178303929046e-05,1.0,1e-04
0.0011522447457537055,1.0,1e-04
7.265689055202529e-05,1.0,1e-04
6.768615276087075e-05,1.0,1e-04
5.288924876367673e-05,1.0,1e-04
9.305755520472303e-05,1.0,1e-04
3.1597814086126164e-05,1.0,1e-04
4.8101712309289724e-05,1.0,1e-04
7.545552216470242e-05,1.0,1e-04
0.000318018690450117,1.0,1e-04
3.232156814192422e-05,1.0,1e-04
0.00026284108753316104,1.0,1e-04
3.084855052293278e-05,1.0,1e-04
3.306218786747195e-05,1.0,1e-04
2.9277731300680898e-05,1.0,1e-04
0.0001737808488542214,1.0,1e-04
3.171646312694065e-05,1.0,1e-04
0.0002635368728078902,1.0,1e-04
0.000268790521658957,1.0,1e-04
5.343973680282943e-05,1.0,1e-04
3.54710100509692e-05,1.0,1e-04
5.115376552566886e-05,1.0,1e-04
3.077182191191241e-05,1.0,1e-04
0.0015770120080560446,1.0,1e-04
5.2281797252362594e-05,1.0,1e-04
7.795614510541782e-05,1.0,1e-04
8.068887109402567e-05,1.0,1e-04
8.688559319125488e-05,1.0,1e-04
5.0873230065917596e-05,1.0,1e-04
0.00033405874273739755,1.0,1e-04
4.656075543607585e-05,1.0,1e-04
3.1580413633491844e-05,1.0,1e-04
7.281861326191574e-05,1.0,1e-04
0.0002938070392701775,1.0,1e-04
7.108680438250303e-05,1.0,1e-04
2.7766143830376677e-05,1.0,1e-04
4.20783253503032e-05,1.0,1e-04
0.00024035539536271244,1.0,1e-04
3.1538143957732245e-05,1.0,1e-04
5.593415698967874e-05,1.0,1e-04
0.00023556858650408685,1.0,1e-04
2.7630057957139798e-05,1.0,1e-04
6.768640741938725e-05,1.0,1e-04
7.310539513127878e-05,1.0,1e-04
0.00027340863016434014,1.0,1e-04
6.669403228443116e-05,1.0,1e-04
2.9179742341511883e-05,1.0,1e-04
4.639941471396014e-05,1.0,1e-04
2.815358675434254e-05,1.0,1e-04
4.012858698843047e-05,1.0,1e-04
3.159763218718581e-05,1.0,1e-04
0.0001860094489529729,1.0,1e-04
0.0002686542575247586,1.0,1e-04
0.0003115044964943081,1.0,1e-04
5.697596134268679e-05,1.0,1e-04
0.00019912848074454814,1.0,1e-04
3.9234673749888316e-05,1.0,1e-04
7.080092473188415e-05,1.0,1e-04
4.639453982235864e-05,1.0,1e-04
2.507587669242639e-05,1.0,1e-04
0.0010914846789091825,1.0,1e-04
2.52589670708403e-05,1.0,1e-04
2.5526853278279305e-05,1.0,1e-04
4.9072135880123824e-05,1.0,1e-04
0.00020087543816771358,1.0,1e-04
0.00018961650494020432,1.0,1e-04
2.7353455152479e-05,1.0,1e-04
4.1515530028846115e-05,1.0,1e-04
7.183473644545302e-05,1.0,1e-04
0.001195531920529902,1.0,1e-04
2.845162816811353e-05,1.0,1e-04
0.0001675404200796038,1.0,1e-04
4.172529588686302e-05,1.0,1e-04
2.4960183509392664e-05,1.0,1e-04
2.4603219571872614e-05,1.0,1e-04
5.30343568243552e-05,1.0,1e-04
2.5262897906941362e-05,1.0,1e-04
4.831010664929636e-05,1.0,1e-04
5.3460680646821856e-05,1.0,1e-04
7.153808110160753e-05,1.0,1e-04
8.311356941703707e-05,1.0,1e-04
2.930720438598655e-05,1.0,1e-04
0.00022698369866702706,1.0,1e-04
7.857052696635947e-05,1.0,1e-04
2.1755180569016375e-05,1.0,1e-04
5.681071706931107e-05,1.0,1e-04
4.667165194405243e-05,1.0,1e-04
0.0012596194865182042,1.0,1e-04
2.4024342565098777e-05,1.0,1e-04
2.4798706363071688e-05,1.0,1e-04
3.98096235585399e-05,1.0,1e-04
2.504170515749138e-05,1.0,1e-04
2.4305178158101626e-05,1.0,1e-04
5.167421113583259e-05,1.0,1e-04
6.055482299416326e-05,1.0,1e-04
0.00029338934109546244,1.0,1e-04
2.5497192837065086e-05,1.0,1e-04
2.5739796910784207e-05,1.0,1e-04
0.0009310779860243201,1.0,1e-04
2.648472218425013e-05,1.0,1e-04
2.1035670215496793e-05,1.0,1e-04
0.0003358616668265313,1.0,1e-04
2.377740565862041e-05,1.0,1e-04
2.1929752620053478e-05,1.0,1e-04
2.4433011276414618e-05,1.0,1e-04
0.00021439265401568264,1.0,1e-04
2.3504913770011626e-05,1.0,1e-04
0.0010274105006828904,1.0,1e-04
5.4818985518068075e-05,1.0,1e-04
3.326651858515106e-05,1.0,1e-04
5.325576785253361e-05,1.0,1e-04
7.384341733995825e-05,1.0,1e-04
3.195536555722356e-05,1.0,1e-04
2.5015749997692183e-05,1.0,1e-04
6.504644989036024e-05,1.0,1e-04
5.422596586868167e-05,1.0,1e-04
0.00022675073705613613,1.0,1e-04
0.00011103963333880529,1.0,1e-04
0.0049410792998969555,1.0,1e-04
3.906011625076644e-05,1.0,1e-04
7.137838838389143e-05,1.0,1e-04
4.286514376872219e-05,1.0,1e-04
4.7896639443933964e-05,1.0,1e-04
6.050398587831296e-05,1.0,1e-04
0.0002259990869788453,1.0,1e-04
6.535051215905696e-05,1.0,1e-04
2.087371285597328e-05,1.0,1e-04
0.0015995443100109696,1.0,1e-04
0.00016844591300468892,1.0,1e-04
2.2721187633578666e-05,1.0,1e-04
0.00014111855125520378,1.0,1e-04
5.4664626077283174e-05,1.0,1e-04
4.263525624992326e-05,1.0,1e-04
0.0002135812828782946,1.0,1e-04
0.0002698495227377862,1.0,1e-04
2.361075530643575e-05,1.0,1e-04
2.112500624207314e-05,1.0,1e-04
5.320285345078446e-05,1.0,1e-04
3.385805030120537e-05,1.0,1e-04
0.00017453226610086858,1.0,1e-04
3.5011384170502424e-05,1.0,1e-04
0.0001692672522040084,1.0,1e-04
1.974995575437788e-05,1.0,1e-04
1.8494041796657257e-05,1.0,1e-04
1.9754237655433826e-05,1.0,1e-04
6.923477485543117e-05,1.0,1e-04
0.0002729948901105672,1.0,1e-04
1.8992161130881868e-05,1.0,1e-04
4.5622524339705706e-05,1.0,1e-04
0.00021121239115018398,1.0,1e-04
1.7800082787289284e-05,1.0,1e-04
1.9762735973927192e-05,1.0,1e-04
3.6126850318396464e-05,1.0,1e-04
3.892390304827131e-05,1.0,1e-04
4.716455441666767e-05,1.0,1e-04
5.6511566072003916e-05,1.0,1e-04
4.9662445235298946e-05,1.0,1e-04
1.8834589354810305e-05,1.0,1e-04
1.9081589925917797e-05,1.0,1e-04
2.0813899027416483e-05,1.0,1e-04
1.991156932490412e-05,1.0,1e-04
3.6433182685868815e-05,1.0,1e-04
2.597822094685398e-05,1.0,1e-04
0.00018061076116282493,1.0,1e-04
6.907199713168666e-05,1.0,1e-04
9.851307549979538e-05,1.0,1e-04
1.9626431821961887e-05,1.0,1e-04
0.00017339152691420168,1.0,1e-04
1.6548494386370294e-05,1.0,1e-04
1.849833279266022e-05,1.0,1e-04
0.0006496808491647243,1.0,1e-04
3.674811523524113e-05,1.0,1e-04
0.00020918196241836995,1.0,1e-04
0.000118834781460464,1.0,1e-04
3.478585131233558e-05,1.0,1e-04
0.00023081731342244893,1.0,1e-04
3.374694279045798e-05,1.0,1e-04
2.078448233078234e-05,1.0,1e-04
4.180553150945343e-05,1.0,1e-04
2.740857053140644e-05,1.0,1e-04
1.8230111891170964e-05,1.0,1e-04
1.7710744941723533e-05,1.0,1e-04
1.7497854059911333e-05,1.0,1e-04
4.4347194489091635e-05,1.0,1e-04
1.675276507739909e-05,1.0,1e-04
1.6778376448201016e-05,1.0,1e-04
0.0009850604692474008,1.0,1e-04
3.531788752297871e-05,1.0,1e-04
0.0009453094680793583,1.0,1e-04
1.640771188249346e-05,1.0,1e-04
1.573105873831082e-05,1.0,1e-04
3.302781260572374e-05,1.0,1e-04
3.292988185421564e-05,1.0,1e-04
1.725089350657072e-05,1.0,1e-04
1.562034958624281e-05,1.0,1e-04
5.595816037384793e-05,1.0,1e-04
3.157606624881737e-05,1.0,1e-04
1.70806742971763e-05,1.0,1e-04
4.1449358832323924e-05,1.0,1e-04
3.204000313417055e-05,1.0,1e-04
1.8775011994875968e-05,1.0,1e-04
5.716306986869313e-05,1.0,1e-04
6.0018941439921036e-05,1.0,1e-04
4.538096982287243e-05,1.0,1e-04
3.3240670745726675e-05,1.0,1e-04
6.334871432045475e-05,1.0,1e-04
0.0001759131992002949,1.0,1e-04
0.00011597382399486378,1.0,1e-04
1.696143954177387e-05,1.0,1e-04
6.0834056057501584e-05,1.0,1e-04
0.00011821399675682187,1.0,1e-04
5.985000098007731e-05,1.0,1e-04
0.0002373889001319185,1.0,1e-04
1.6101348592201248e-05,1.0,1e-04
2.8694106731563807e-05,1.0,1e-04
0.00022293011716101319,1.0,1e-04
2.9979690225445665e-05,1.0,1e-04
0.00011673691187752411,1.0,1e-04
1.6407988368882798e-05,1.0,1e-04
4.426125451573171e-05,1.0,1e-04
1.886844984255731e-05,1.0,1e-04
1.6544237951165996e-05,1.0,1e-04
2.8068401661585085e-05,1.0,1e-04
3.598200419219211e-05,1.0,1e-04
1.5909923604340293e-05,1.0,1e-04
1.299363520956831e-05,1.0,1e-04
5.520390550373122e-05,1.0,1e-04
1.5918436474748887e-05,1.0,1e-04
3.6335473851067945e-05,1.0,1e-04
1.843005884438753e-05,1.0,1e-04
1.7289201423409395e-05,1.0,1e-04
2.8255302822799422e-05,1.0,1e-04
1.5786452422617003e-05,1.0,1e-04
0.00048576234257780015,1.0,1e-04
0.00015061777958180755,1.0,1e-04
1.4969045878387988e-05,1.0,1e-04
1.4692316653963644e-05,1.0,1e-04
0.000259590451605618,1.0,1e-04
3.2716892746975645e-05,1.0,1e-04
3.892335371347144e-05,1.0,1e-04
1.552244611957576e-05,1.0,1e-04
1.5841767890378833e-05,1.0,1e-04
0.00017298913735430688,1.0,1e-04
1.4819946045463439e-05,1.0,1e-04
0.0001508994319010526,1.0,1e-04
3.1252537155523896e-05,1.0,1e-04
1.527555286884308e-05,1.0,1e-04
7.20039097359404e-05,1.0,1e-04
1.5262741726473905e-05,1.0,1e-04
1.543309736007359e-05,1.0,1e-04
3.0758794309804216e-05,1.0,1e-04
1.6020570910768583e-05,1.0,1e-04
2.2427679141401313e-05,1.0,1e-04
0.0006369960610754788,1.0,1e-04
1.4577196452592034e-05,1.0,1e-04
4.610025280271657e-05,1.0,1e-04
1.683365371718537e-05,1.0,1e-04
0.00015494563558604568,1.0,1e-04
5.325826714397408e-05,1.0,1e-04
0.00012160108599346131,1.0,1e-04
3.5410921555012465e-05,1.0,1e-04
5.3307921916712075e-05,1.0,1e-04
3.6509500205283985e-05,1.0,1e-04
0.00010235801892122254,1.0,1e-04
4.640913539333269e-05,1.0,1e-04
0.00020788276742678136,1.0,1e-04
2.221480281150434e-05,1.0,1e-04
3.0196972147678025e-05,1.0,1e-04
2.0448127543204464e-05,1.0,1e-04
0.00012395820522215217,1.0,1e-04
3.9842310798121616e-05,1.0,1e-04
2.7735990443034098e-05,1.0,1e-04
1.575234273332171e-05,1.0,1e-04
3.111209298367612e-05,1.0,1e-04
0.00018550794629845768,1.0,1e-04
1.495200558565557e-05,1.0,1e-04
1.4875362467137165e-05,1.0,1e-04
2.5339502826682292e-05,1.0,1e-04
0.000108860302134417,1.0,1e-04
4.790371531271376e-05,1.0,1e-04
1.4300640032161027e-05,1.0,1e-04
0.00021340341481845826,1.0,1e-04
0.00013521502842195332,1.0,1e-04
9.849541675066575e-05,1.0,1e-04
3.056268906220794e-05,1.0,1e-04
5.574464375968091e-05,1.0,1e-04
3.7037178117316216e-05,1.0,1e-04
1.3687554201169405e-05,1.0,1e-04
4.711690780823119e-05,1.0,1e-04
4.8853427870199084e-05,1.0,1e-04
1.3947261322755367e-05,1.0,1e-04
0.0006066869245842099,1.0,1e-04
1.5083750440680888e-05,1.0,1e-04
4.22812117903959e-05,1.0,1e-04
2.7765772756538354e-05,1.0,1e-04
3.080988608417101e-05,1.0,1e-04
3.8706020859535784e-05,1.0,1e-04
1.3828061128151603e-05,1.0,1e-04
2.510964623070322e-05,1.0,1e-04
1.4462335457210429e-05,1.0,1e-04
8.483223064104095e-05,1.0,1e-04
1.3772719285043422e-05,1.0,1e-04
3.56883647327777e-05,1.0,1e-04
2.6203673769487068e-05,1.0,1e-04
8.216806600103155e-05,1.0,1e-04
8.52630109875463e-05,1.0,1e-04
0.0005462899571284652,1.0,1e-04
1.533931390440557e-05,1.0,1e-04
1.3325690815690905e-05,1.0,1e-04
1.1597216143854894e-05,1.0,1e-04
1.342360792477848e-05,1.0,1e-04
0.00046183945960365236,1.0,1e-04
3.295042915851809e-05,1.0,1e-04
1.2874426829512231e-05,1.0,1e-04
0.00011783919035224244,1.0,1e-04
0.0001231986389029771,1.0,1e-04
1.2976602192793507e-05,1.0,1e-04
1.2980862265976612e-05,1.0,1e-04
0.0008049000753089786,1.0,1e-04
1.5011603863968048e-05,1.0,1e-04
1.2899813555122819e-05,1.0,1e-04
1.2929768672620412e-05,1.0,1e-04
1.1899486707989126e-05,1.0,1e-04
0.00012124323984608054,1.0,1e-04
3.2358610042138025e-05,1.0,1e-04
0.0005621203454211354,1.0,1e-04
0.00021111720707267523,1.0,1e-04
0.00013161104288883507,1.0,1e-04
2.687207597773522e-05,1.0,1e-04
7.861745689297095e-05,1.0,1e-04
1.1320488738419954e-05,1.0,1e-04
4.421798075782135e-05,1.0,1e-04
3.936157372663729e-05,1.0,1e-04
3.146938979625702e-05,1.0,1e-04
9.518345905235037e-05,1.0,1e-04
2.4462506189593114e-05,1.0,1e-04
0.0004254890081938356,1.0,1e-04
1.3108564417052548e-05,1.0,1e-04
9.738396329339594e-05,1.0,1e-04
2.3849457647884265e-05,1.0,1e-04
0.00015268522838596255,1.0,1e-04
1.1567396541067865e-05,1.0,1e-04
2.6207620976492763e-05,1.0,1e-04
2.0809966372326016e-05,1.0,1e-04
1.1601458936638664e-05,1.0,1e-04
2.2849084416520782e-05,1.0,1e-04
3.204882887075655e-05,1.0,1e-04
1.2542303920781706e-05,1.0,1e-04
0.00012569187674671412,1.0,1e-04
3.8978552765911445e-05,1.0,1e-04
0.00010198571544606239,1.0,1e-04
1.1609865396167152e-05,1.0,1e-04
2.2274367438512854e-05,1.0,1e-04
2.774045969999861e-05,1.0,1e-04
1.0779799595184159e-05,1.0,1e-04
1.7795840904000215e-05,1.0,1e-04
1.165681351267267e-05,1.0,1e-04
1.191225692309672e-05,1.0,1e-04
2.3657799829379655e-05,1.0,1e-04
2.76383689197246e-05,1.0,1e-04
1.0945836947939824e-05,1.0,1e-04
0.00021080634905956686,1.0,1e-04
1.1124552656838205e-05,1.0,1e-04
2.052900890703313e-05,1.0,1e-04
1.0830852261278778e-05,1.0,1e-04
0.00013978414062876254,1.0,1e-04
1.1524845831445418e-05,1.0,1e-04
2.8867569199064746e-05,1.0,1e-04
1.278495528822532e-05,1.0,1e-04
0.0024425059091299772,1.0,1e-04
0.00011282005289103836,1.0,1e-04
1.0967107300530188e-05,1.0,1e-04
2.344503991480451e-05,1.0,1e-04
2.285316622874234e-05,1.0,1e-04
1.085642543330323e-05,1.0,1e-04
3.027724778803531e-05,1.0,1e-04
1.1363050361978821e-05,1.0,1e-04
1.1635481314442586e-05,1.0,1e-04
3.0975465051596984e-05,1.0,1e-04
1.1712071682268288e-05,1.0,1e-04
1.12778316179174e-05,1.0,1e-04
1.1039482160413172e-05,1.0,1e-04
1.5973726476659067e-05,1.0,1e-04
2.7399766622693278e-05,1.0,1e-04
1.1256600373599213e-05,1.0,1e-04
1.1861140592372976e-05,1.0,1e-04
2.3449325453839265e-05,1.0,1e-04
2.583698369562626e-05,1.0,1e-04
3.4210730518680066e-05,1.0,1e-04
2.8919073884026147e-05,1.0,1e-04
0.00048610445810481906,1.0,1e-04
2.0605466488632374e-05,1.0,1e-04
4.1680035792523995e-05,1.0,1e-04
3.050678969884757e-05,1.0,1e-04
1.1069283573306166e-05,1.0,1e-04
7.835427823010832e-05,1.0,1e-04
3.18563797918614e-05,1.0,1e-04
2.253385537187569e-05,1.0,1e-04
2.0464969566091895e-05,1.0,1e-04
1.8132161130779423e-05,1.0,1e-04
0.00019097523181699216,1.0,1e-04
2.6781975975609384e-05,1.0,1e-04
1.198022800963372e-05,1.0,1e-04
1.0396611287433188e-05,1.0,1e-04
9.243273234460503e-05,1.0,1e-04
6.725076673319563e-05,1.0,1e-04
1.8847289538825862e-05,1.0,1e-04
1.1273516975052189e-05,1.0,1e-04
1.545860322949011e-05,1.0,1e-04
3.9334609027719125e-05,1.0,1e-04
1.0464731531101279e-05,1.0,1e-04
6.52316230116412e-05,1.0,1e-04
2.5649980671005324e-05,1.0,1e-04
1.057969348039478e-05,1.0,1e-04
1.0490291060705204e-05,1.0,1e-04
0.00011253025149926543,1.0,1e-04
2.5709432520670816e-05,1.0,1e-04
0.00015267998969648033,1.0,1e-04
0.00013102010416332632,1.0,1e-04
2.7923133529839106e-05,1.0,1e-04
2.4411028789472766e-05,1.0,1e-04
2.869401578209363e-05,1.0,1e-04
1.367054119327804e-05,1.0,1e-04
1.7433905668440275e-05,1.0,1e-04
8.874799095792696e-05,1.0,1e-04
0.0001420464104739949,1.0,1e-04
0.0004427429230418056,1.0,1e-04
3.467893839115277e-05,1.0,1e-04
0.0035005230456590652,1.0,1e-04
1.0992633178830147e-05,1.0,1e-04
1.655696723901201e-05,1.0,1e-04
1.947310011018999e-05,1.0,1e-04
0.0003390512429177761,1.0,1e-04
2.6982586859958246e-05,1.0,1e-04
9.503318142378703e-05,1.0,1e-04
3.739019302884117e-05,1.0,1e-04
1.0681862477213144e-05,1.0,1e-04
3.5138749808538705e-05,1.0,1e-04
0.00014142293366603553,1.0,1e-04
2.367481829423923e-05,1.0,1e-04
2.1116164134582505e-05,1.0,1e-04
2.110787681885995e-05,1.0,1e-04
2.698684693314135e-05,1.0,1e-04
0.00010419941827422008,1.0,1e-04
2.278524698340334e-05,1.0,1e-04
2.4960650989669375e-05,1.0,1e-04
1.0843630661838688e-05,1.0,1e-04
0.0001406993978889659,1.0,1e-04
1.1622685633483343e-05,1.0,1e-04
2.5036819351953454e-05,1.0,1e-04
0.00011616506526479498,1.0,1e-04
2.2486899979412556e-05,1.0,1e-04
1.1363014891685452e-05,1.0,1e-04
2.1597441445919685e-05,1.0,1e-04
2.3845312171033584e-05,1.0,1e-04
1.6416419384768233e-05,1.0,1e-04
1.1035225725208875e-05,1.0,1e-04
1.7421158190700226e-05,1.0,1e-04
0.000426256941864267,1.0,1e-04
3.624133751145564e-05,1.0,1e-04
1.0222086530120578e-05,1.0,1e-04
2.771079380181618e-05,1.0,1e-04
8.634068763058167e-06,1.0,1e-04
1.1060746146540623e-05,1.0,1e-04
2.766760007943958e-05,1.0,1e-04
2.9097778678988107e-05,1.0,1e-04
0.0001111319797928445,1.0,1e-04
1.7970369299291633e-05,1.0,1e-04
7.620429823873565e-05,1.0,1e-04
0.00010032914724433795,1.0,1e-04
9.701793169369921e-05,1.0,1e-04
2.069062611553818e-05,1.0,1e-04
9.972185216611251e-05,1.0,1e-04
1.88046797120478e-05,1.0,1e-04
2.0473496988415718e-05,1.0,1e-04
0.000765920733101666,1.0,1e-04
3.255488263675943e-05,1.0,1e-04
9.32375496631721e-06,1.0,1e-04
2.59475546044996e-05,1.0,1e-04
8.787353181105573e-06,1.0,1e-04
3.052867759834044e-05,1.0,1e-04
5.967584002064541e-05,1.0,1e-04
0.002751776250079274,1.0,1e-04
2.087785651383456e-05,1.0,1e-04
2.0605421013897285e-05,1.0,1e-04
2.2635978893958963e-05,1.0,1e-04
9.025758117786609e-06,1.0,1e-04
0.00010133840987691656,1.0,1e-04
1.8668462871573865e-05,1.0,1e-04
9.332283298135735e-06,1.0,1e-04
2.1588624804280698e-05,1.0,1e-04
1.0043247129942756e-05,1.0,1e-04
1.786377288226504e-05,1.0,1e-04
2.0392521037138067e-05,1.0,1e-04
2.6326919396524318e-05,1.0,1e-04
1.9817774955299683e-05,1.0,1e-04
1.6246140148723498e-05,1.0,1e-04
6.75655201121117e-06,1.0,1e-04
5.398063876782544e-05,1.0,1e-04
2.4900871721911244e-05,1.0,1e-04
1.641219023440499e-05,1.0,1e-04
1.090747355192434e-05,1.0,1e-04
2.9451488444465213e-05,1.0,1e-04
2.4130180463544093e-05,1.0,1e-04
2.2653248379356228e-05,1.0,1e-04
2.6680301743908785e-05,1.0,1e-04
9.17902980290819e-06,1.0,1e-04
2.3491709725931287e-05,1.0,1e-04
9.025757208291907e-06,1.0,1e-04
3.0856415833113715e-05,1.0,1e-04
9.174766091746278e-06,1.0,1e-04
8.983156476460863e-06,1.0,1e-04
8.804929530015215e-05,1.0,1e-04
8.663863809488248e-06,1.0,1e-04
1.813639755710028e-05,1.0,1e-04
0.0001171824915218167,1.0,1e-04
2.1644143998855725e-05,1.0,1e-04
6.71663656248711e-05,1.0,1e-04
1.7527476302348077e-05,1.0,1e-04
2.8893875423818827e-05,1.0,1e-04
1.4189857211022172e-05,1.0,1e-04
8.754188456805423e-05,1.0,1e-04
1.490511294832686e-05,1.0,1e-04
8.442502803518437e-06,1.0,1e-04
2.1793137420900166e-05,1.0,1e-04
6.600820779567584e-05,1.0,1e-04
7.569714853161713e-06,1.0,1e-04
8.34139427752234e-05,1.0,1e-04
1.9060160411754623e-05,1.0,1e-04
1.4002586794958916e-05,1.0,1e-04
8.025272109080106e-06,1.0,1e-04
0.0003878076677210629,1.0,1e-04
2.0098921595490538e-05,1.0,1e-04
7.995471605681814e-06,1.0,1e-04
6.762752309441566e-05,1.0,1e-04
1.6565378246014006e-05,1.0,1e-04
2.1712212401325814e-05,1.0,1e-04
7.527106845373055e-06,1.0,1e-04
0.00012124753993703052,1.0,1e-04
9.315148054156452e-05,1.0,1e-04
7.454785190930124e-06,1.0,1e-04
7.809702219674364e-05,1.0,1e-04
1.77020592673216e-05,1.0,1e-04
2.2099822672316805e-05,1.0,1e-04
6.868138734716922e-05,1.0,1e-04
2.6403236915939488e-05,1.0,1e-04
6.710240995744243e-05,1.0,1e-04
1.8983380869030952e-05,1.0,1e-04
2.0494680939009413e-05,1.0,1e-04
8.165713552443776e-06,1.0,1e-04
2.013289849855937e-05,1.0,1e-04
7.003492100920994e-06,1.0,1e-04
1.6774058167356998e-05,1.0,1e-04
1.3857768863090314e-05,1.0,1e-04
1.605879151611589e-05,1.0,1e-04
7.1567651502846275e-06,1.0,1e-04
1.8723763787420467e-05,1.0,1e-04
1.1039478522434365e-05,1.0,1e-04
7.1525073508382775e-06,1.0,1e-04
2.2780981453252025e-05,1.0,1e-04
1.6595109627814963e-05,1.0,1e-04
1.3393752851698082e-05,1.0,1e-04
5.313719157129526e-05,1.0,1e-04
0.00029585635638795793,1.0,1e-04
6.965141892578686e-06,1.0,1e-04
2.6156292733503506e-05,1.0,1e-04
2.4998313165269792e-05,1.0,1e-04
2.1558720618486404e-05,1.0,1e-04
1.3815210877510253e-05,1.0,1e-04
1.9656112272059545e-05,1.0,1e-04
1.4764594197913539e-05,1.0,1e-04
8.077510574366897e-05,1.0,1e-04
2.0149858755758032e-05,1.0,1e-04
1.4402718989003915e-05,1.0,1e-04
6.594783826585626e-06,1.0,1e-04
1.749770854075905e-05,1.0,1e-04
0.00032446900149807334,1.0,1e-04
6.642672087764367e-05,1.0,1e-04
1.817035627027508e-05,1.0,1e-04
4.420688492245972e-05,1.0,1e-04
0.0014242760371416807,1.0,1e-04
1.3385147212829906e-05,1.0,1e-04
9.606476669432595e-05,1.0,1e-04
1.7246517018065788e-05,1.0,1e-04
1.2503994184953626e-05,1.0,1e-04
1.673121369094588e-05,1.0,1e-04
5.291999968903838e-06,1.0,1e-04
2.2508325855596922e-05,1.0,1e-04
7.915987953310832e-05,1.0,1e-04
9.962370313587599e-06,1.0,1e-04
1.0273141924699303e-05,1.0,1e-04
6.373393716785358e-06,1.0,1e-04
7.007730346231256e-06,1.0,1e-04
1.2976543985132594e-05,1.0,1e-04
6.181816843309207e-06,1.0,1e-04
1.2486934792832471e-05,1.0,1e-04
6.041321285010781e-06,1.0,1e-04
1.0630758879415225e-05,1.0,1e-04
4.8127541958820075e-05,1.0,1e-04
1.8008466213359497e-05,1.0,1e-04
2.220599344582297e-05,1.0,1e-04
6.880173896206543e-05,1.0,1e-04
6.641613708779914e-06,1.0,1e-04
8.440644887741655e-05,1.0,1e-04
6.2020197219681e-05,1.0,1e-04
1.4040836504136678e-05,1.0,1e-04
5.13198938278947e-05,1.0,1e-04
1.3257495083962567e-05,1.0,1e-04
6.161080818856135e-05,1.0,1e-04
1.7693391782813706e-05,1.0,1e-04
7.511752482969314e-05,1.0,1e-04
1.2346462426648941e-05,1.0,1e-04
1.5109318155737128e-05,1.0,1e-04
5.875282568013063e-06,1.0,1e-04
8.604264621681068e-06,1.0,1e-04
6.147757630969863e-06,1.0,1e-04
1.38791019708151e-05,1.0,1e-04
7.576427742606029e-05,1.0,1e-04
0.00032132770866155624,1.0,1e-04
6.922571628820151e-06,1.0,1e-04
0.0001934376050485298,1.0,1e-04
6.036123522790149e-05,1.0,1e-04
5.6538933677074965e-06,1.0,1e-04
6.4883411141636316e-06,1.0,1e-04
5.917855560255703e-06,1.0,1e-04
7.049107080092654e-05,1.0,1e-04
5.7816187108983286e-06,1.0,1e-04
1.2095267265976872e-05,1.0,1e-04
4.911024370812811e-05,1.0,1e-04
1.0690327144402545e-05,1.0,1e-04
2.0192386728012934e-05,1.0,1e-04
5.845467057952192e-06,1.0,1e-04
1.5590476323268376e-05,1.0,1e-04
1.7011956515489146e-05,1.0,1e-04
4.474587967706611e-06,1.0,1e-04
5.875258921150817e-06,1.0,1e-04
1.3410764040600043e-05,1.0,1e-04
1.1397093658160884e-05,1.0,1e-04
1.870639607659541e-05,1.0,1e-04
5.468473318614997e-05,1.0,1e-04
1.5220082786981948e-05,1.0,1e-04
5.607063940260559e-06,1.0,1e-04
1.1350252862030175e-05,1.0,1e-04
9.068394865607843e-05,1.0,1e-04
8.963675645645708e-05,1.0,1e-04
1.6918625988182612e-05,1.0,1e-04
5.287752628646558e-06,1.0,1e-04
4.1891249566106126e-05,1.0,1e-04
5.572999270953005e-06,1.0,1e-04
1.077124852599809e-05,1.0,1e-04
1.7612632291275077e-05,1.0,1e-04
1.372583119518822e-05,1.0,1e-04
1.2640202839975245e-05,1.0,1e-04
1.4930626093700994e-05,1.0,1e-04
8.421781967626885e-05,1.0,1e-04
1.3678959476237651e-05,1.0,1e-04
5.228152986092027e-06,1.0,1e-04
1.5237074876495171e-05,1.0,1e-04
6.071114057704108e-06,1.0,1e-04
1.702944609860424e-05,1.0,1e-04
1.3691680578631349e-05,1.0,1e-04
7.594345515826717e-05,1.0,1e-04
1.4721973457199056e-05,1.0,1e-04
5.279241122480016e-06,1.0,1e-04
4.884641384705901e-05,1.0,1e-04
5.6198323363787495e-06,1.0,1e-04
9.110897735808976e-06,1.0,1e-04
6.560746987815946e-05,1.0,1e-04
6.697934441035613e-05,1.0,1e-04
1.3930128261563368e-05,1.0,1e-04
0.00028578986530192196,1.0,1e-04
7.931609616207425e-06,1.0,1e-04
5.249436981102917e-06,1.0,1e-04
1.4900807400408667e-05,1.0,1e-04
3.292127075837925e-05,1.0,1e-04
6.514090637210757e-05,1.0,1e-04
1.1554576303751674e-05,1.0,1e-04
1.5092223293322604e-05,1.0,1e-04
5.649497688864358e-05,1.0,1e-04
5.636859441437991e-06,1.0,1e-04
4.85349710288574e-06,1.0,1e-04
1.1077762792410795e-05,1.0,1e-04
5.309034349920694e-06,1.0,1e-04
5.25795394423767e-06,1.0,1e-04
5.300527845975012e-06,1.0,1e-04
5.125970346853137e-06,1.0,1e-04
5.147262072568992e-06,1.0,1e-04
1.0230578482151031e-05,1.0,1e-04
5.415475698100636e-06,1.0,1e-04
4.842491034651175e-05,1.0,1e-04
1.0694626325857826e-05,1.0,1e-04
4.895730671705678e-05,1.0,1e-04
6.122777267592028e-05,1.0,1e-04
6.01574311076547e-06,1.0,1e-04
4.917360001854831e-06,1.0,1e-04
5.428246822702931e-06,1.0,1e-04
8.450993846054189e-06,1.0,1e-04
1.6748192138038576e-05,1.0,1e-04
1.2784942555299494e-05,1.0,1e-04
5.714651706512086e-05,1.0,1e-04
1.4802794794377405e-05,1.0,1e-04
5.032307399233105e-06,1.0,1e-04
5.164286449144129e-06,1.0,1e-04
1.9991994122392498e-05,1.0,1e-04
4.508645361056551e-06,1.0,1e-04
1.0354035111959092e-05,1.0,1e-04
9.60899797064485e-06,1.0,1e-04
1.8250995708513074e-05,1.0,1e-04
1.4245093552744947e-05,1.0,1e-04
7.3227856773883104e-06,1.0,1e-04
5.219635113462573e-06,1.0,1e-04
1.3317104276211467e-05,1.0,1e-04
1.2836011592298746e-05,1.0,1e-04
5.560199497267604e-06,1.0,1e-04
3.373897561687045e-05,1.0,1e-04
1.2205932762299199e-05,1.0,1e-04
4.948524656356312e-05,1.0,1e-04
1.3129772924003191e-05,1.0,1e-04
5.819919806526741e-06,1.0,1e-04
1.4428209397010505e-05,1.0,1e-04
1.4321731214295141e-05,1.0,1e-04
5.1320115744601935e-05,1.0,1e-04
5.185566806176212e-06,1.0,1e-04
9.025739927892573e-06,1.0,1e-04
5.647310899803415e-05,1.0,1e-04
4.883298970526084e-06,1.0,1e-04
1.920046634040773e-05,1.0,1e-04
5.002506895834813e-06,1.0,1e-04
7.833678864699323e-06,1.0,1e-04
1.3048865184828173e-05,1.0,1e-04
8.868194527167361e-06,1.0,1e-04
1.1733311112038791e-05,1.0,1e-04
4.751342930831015e-05,1.0,1e-04
4.811025064554997e-05,1.0,1e-04
1.041358154907357e-05,1.0,1e-04
5.665137359756045e-05,1.0,1e-04
5.002505986340111e-06,1.0,1e-04
6.126613152446225e-05,1.0,1e-04
5.968908681097673e-06,1.0,1e-04
1.8949323930428363e-05,1.0,1e-04
5.709222477889853e-06,1.0,1e-04
4.921614618069725e-06,1.0,1e-04
5.381414666771889e-06,1.0,1e-04
5.011022494727513e-06,1.0,1e-04
8.821370101941284e-06,1.0,1e-04
4.5849676098441705e-05,1.0,1e-04
4.112439273740165e-05,1.0,1e-04
1.4364325579663273e-05,1.0,1e-04
0.00021179465693421662,1.0,1e-04
1.323191918345401e-05,1.0,1e-04
9.396121640747879e-06,1.0,1e-04
5.215374130784767e-06,1.0,1e-04
4.908842129225377e-06,1.0,1e-04
1.355541007797001e-05,1.0,1e-04
1.1626962987065781e-05,1.0,1e-04
6.354627839755267e-05,1.0,1e-04
4.7811226977501065e-06,1.0,1e-04
7.348341114266077e-06,1.0,1e-04
1.284880272578448e-05,1.0,1e-04
4.798143891093787e-06,1.0,1e-04
4.896069640381029e-06,1.0,1e-04
5.028050054534106e-06,1.0,1e-04
4.726357292383909e-05,1.0,1e-04
1.6028943718993105e-05,1.0,1e-04
4.627058660844341e-05,1.0,1e-04
4.827953489439096e-06,1.0,1e-04
1.2214465641591232e-05,1.0,1e-04
1.55266207002569e-05,1.0,1e-04
1.3410759493126534e-05,1.0,1e-04
4.725774033431662e-06,1.0,1e-04
1.7684948034002446e-05,1.0,1e-04
1.0430631846247707e-05,1.0,1e-04
4.9769628276408184e-06,1.0,1e-04
9.860196769295726e-06,1.0,1e-04
5.847526335855946e-05,1.0,1e-04
1.040509141603252e-05,1.0,1e-04
9.034224603965413e-06,1.0,1e-04
1.8663949958863668e-05,1.0,1e-04
1.2495371265686117e-05,1.0,1e-04
5.042939665145241e-05,1.0,1e-04
4.836467269342393e-06,1.0,1e-04
4.772605734615354e-06,1.0,1e-04
2.0026158381369896e-05,1.0,1e-04
1.3661949196830392e-05,1.0,1e-04
5.841907477588393e-05,1.0,1e-04
9.783538189367391e-06,1.0,1e-04
5.0221362471347675e-05,1.0,1e-04
4.7215071390382946e-06,1.0,1e-04
6.556427251780406e-05,1.0,1e-04
4.610821179085178e-06,1.0,1e-04
5.070623501524096e-06,1.0,1e-04
1.7088914319174364e-05,1.0,1e-04
1.1345970960974228e-05,1.0,1e-04
0.00032592579373158514,1.0,1e-04
2.757473339443095e-05,1.0,1e-04
5.394171694206307e-06,1.0,1e-04
8.544659976905677e-06,1.0,1e-04
1.1409815670049284e-05,1.0,1e-04
8.949112270784099e-06,1.0,1e-04
1.1494940736156423e-05,1.0,1e-04
1.1320442354190163e-05,1.0,1e-04
1.4385691429197323e-05,1.0,1e-04
4.508646270551253e-06,1.0,1e-04
4.495874691201607e-06,1.0,1e-04
1.3461870366882067e-05,1.0,1e-04
4.368145710031968e-06,1.0,1e-04
9.821841558732558e-06,1.0,1e-04
4.429956243257038e-05,1.0,1e-04
6.339977699099109e-05,1.0,1e-04
5.019533546146704e-06,1.0,1e-04
1.4228055988496635e-05,1.0,1e-04
7.918826668174006e-06,1.0,1e-04
7.740018190816045e-06,1.0,1e-04
1.0200751603406388e-05,1.0,1e-04
6.759161624358967e-05,1.0,1e-04
7.480312433472136e-06,1.0,1e-04
4.563992661132943e-06,1.0,1e-04
6.909827789058909e-06,1.0,1e-04
4.487494516070001e-05,1.0,1e-04
4.206364792480599e-06,1.0,1e-04
0.0002011438918998465,1.0,1e-04
5.3073552408022806e-05,1.0,1e-04
1.2129249626013916e-05,1.0,1e-04
1.0468980690347962e-05,1.0,1e-04
3.8104233226476936e-06,1.0,1e-04
5.385667009250028e-06,1.0,1e-04
6.247223063837737e-05,1.0,1e-04
4.6363661567738745e-06,1.0,1e-04
8.719181096239481e-06,1.0,1e-04
4.329833700467134e-06,1.0,1e-04
4.385177362564718e-06,1.0,1e-04
4.2957740333804395e-06,1.0,1e-04
8.067830094660167e-06,1.0,1e-04
1.3802171451970935e-05,1.0,1e-04
1.378531214868417e-05,1.0,1e-04
4.223398264002753e-06,1.0,1e-04
4.4887307012686506e-05,1.0,1e-04
1.0622220543154981e-05,1.0,1e-04
5.267356027616188e-05,1.0,1e-04
4.5219061576062813e-05,1.0,1e-04
4.512899522524094e-06,1.0,1e-04
2.849851989594754e-05,1.0,1e-04
4.385179181554122e-06,1.0,1e-04
8.485019861836918e-06,1.0,1e-04
4.355378223408479e-06,1.0,1e-04
4.4447838263295125e-06,1.0,1e-04
3.542461126926355e-05,1.0,1e-04
6.624334491789341e-05,1.0,1e-04
9.48976321524242e-06,1.0,1e-04
4.9186728574568406e-05,1.0,1e-04
0.0018567496445029974,1.0,1e-04
9.519576451566536e-06,1.0,1e-04
4.581014763971325e-06,1.0,1e-04
4.644870386982802e-06,1.0,1e-04
4.372404418973019e-06,1.0,1e-04
1.0613635822664946e-05,1.0,1e-04
1.0013428436650429e-05,1.0,1e-04
1.124799109675223e-05,1.0,1e-04
1.2584753676492255e-05,1.0,1e-04
1.2231445907673333e-05,1.0,1e-04
1.3235913684184197e-05,1.0,1e-04
4.806643119081855e-06,1.0,1e-04
4.636360699805664e-06,1.0,1e-04
3.7252696074574487e-06,1.0,1e-04
1.674804116191808e-05,1.0,1e-04
0.00012923203757964075,1.0,1e-04
0.000269572512479499,1.0,1e-04
4.985423856851412e-06,1.0,1e-04
1.752635398588609e-05,1.0,1e-04
0.00022740424901712686,1.0,1e-04
1.5760397218400612e-05,1.0,1e-04
1.1358763913449366e-05,1.0,1e-04
4.556883868644945e-05,1.0,1e-04
3.063128315261565e-05,1.0,1e-04
1.3512754776456859e-05,1.0,1e-04
4.1822600906016305e-05,1.0,1e-04
5.232360308582429e-06,1.0,1e-04
4.351116785983322e-06,1.0,1e-04
4.329827788751572e-06,1.0,1e-04
0.0002961631689686328,1.0,1e-04
4.151151733822189e-05,1.0,1e-04
4.355372766440269e-06,1.0,1e-04
4.248937329975888e-06,1.0,1e-04
4.223391897539841e-06,1.0,1e-04
1.1243793778703548e-05,1.0,1e-04
5.3460833441931754e-05,1.0,1e-04
8.382866326428484e-06,1.0,1e-04
1.1307572094665375e-05,1.0,1e-04
3.8274524740700144e-06,1.0,1e-04
4.0020076994551346e-06,1.0,1e-04
0.0010217243107035756,1.0,1e-04
3.942403509427095e-06,1.0,1e-04
8.459463060717098e-06,1.0,1e-04
6.875749932078179e-06,1.0,1e-04
1.0132548595720436e-05,1.0,1e-04
5.6790355301927775e-05,1.0,1e-04
3.733789071702631e-06,1.0,1e-04
8.855383384798188e-06,1.0,1e-04
1.646707642066758e-05,1.0,1e-04
4.1893208617693745e-06,1.0,1e-04
3.392887447262183e-05,1.0,1e-04
2.7906728064408526e-05,1.0,1e-04
8.880960194801446e-06,1.0,1e-04
3.646328332251869e-05,1.0,1e-04
3.665664962682058e-06,1.0,1e-04
3.818930963461753e-06,1.0,1e-04
3.6620644095819443e-05,1.0,1e-04
5.1508115575416014e-05,1.0,1e-04
4.082878604094731e-06,1.0,1e-04
3.908342023350997e-06,1.0,1e-04
4.959243960911408e-05,1.0,1e-04
9.225792382494546e-06,1.0,1e-04
4.24041763835703e-06,1.0,1e-04
6.105161446612328e-06,1.0,1e-04
1.2938152394781355e-05,1.0,1e-04
1.3738391317019705e-05,1.0,1e-04
9.06404329725774e-06,1.0,1e-04
3.912577994924504e-06,1.0,1e-04
9.723890798341017e-06,1.0,1e-04
4.383521809359081e-05,1.0,1e-04
0.00033873901702463627,1.0,1e-04
4.348511720309034e-05,1.0,1e-04
3.6188389458402526e-06,1.0,1e-04
3.950914560846286e-06,1.0,1e-04
1.4551535969076212e-05,1.0,1e-04
3.6145811463939026e-06,1.0,1e-04
3.7721056287409738e-06,1.0,1e-04
1.1631056622718461e-05,1.0,1e-04
3.3761639315343928e-06,1.0,1e-04
4.9244470574194565e-05,1.0,1e-04
2.4168921299860813e-05,1.0,1e-04
1.5083334801602177e-05,1.0,1e-04
5.71774717172957e-06,1.0,1e-04
4.557166903396137e-05,1.0,1e-04
4.900354178971611e-05,1.0,1e-04
5.4026959332986735e-06,1.0,1e-04
4.2584626498864964e-05,1.0,1e-04
1.3849094102624804e-05,1.0,1e-04
7.906038263172377e-06,1.0,1e-04
9.928214240062516e-06,1.0,1e-04
9.383305950905196e-06,1.0,1e-04
9.012867849378381e-06,1.0,1e-04
1.0060224667540751e-05,1.0,1e-04
3.4272545690328116e-06,1.0,1e-04
0.00021865170856472105,1.0,1e-04
3.210124532415648e-06,1.0,1e-04
6.773582299501868e-06,1.0,1e-04
1.0711570212151855e-05,1.0,1e-04
8.17425643617753e-06,1.0,1e-04
3.388937557247118e-06,1.0,1e-04
0.00012928621436003596,1.0,1e-04
8.616999366495293e-06,1.0,1e-04
1.0196391485806089e-05,1.0,1e-04
4.683198312704917e-06,1.0,1e-04
1.4721660591021646e-05,1.0,1e-04
3.3080432331189513e-06,1.0,1e-04
4.370013266452588e-05,1.0,1e-04
1.0371046300861053e-05,1.0,1e-04
3.701185414684005e-05,1.0,1e-04
6.486817437689751e-05,1.0,1e-04
3.895564532285789e-06,1.0,1e-04
3.563490054148133e-06,1.0,1e-04
1.0447533895785455e-05,1.0,1e-04
3.208709313184954e-05,1.0,1e-04
3.197351588823949e-06,1.0,1e-04
1.8485550754121505e-05,1.0,1e-04
3.9509041016572155e-06,1.0,1e-04
5.534679530683206e-06,1.0,1e-04
1.5151624211284798e-05,1.0,1e-04
6.446471525123343e-05,1.0,1e-04
0.00026683820760808885,1.0,1e-04
5.61556953471154e-06,1.0,1e-04
3.559222022886388e-06,1.0,1e-04
3.371906132088043e-06,1.0,1e-04
8.638289727969095e-06,1.0,1e-04
1.2593254723469727e-05,1.0,1e-04
1.047316072799731e-05,1.0,1e-04
3.116460675300914e-06,1.0,1e-04
3.1547783692076337e-06,1.0,1e-04
1.0422068953630514e-05,1.0,1e-04
3.14626345243596e-06,1.0,1e-04
3.061114739466575e-06,1.0,1e-04
8.327505383931566e-06,1.0,1e-04
3.7109093682374805e-05,1.0,1e-04
3.095170086453436e-06,1.0,1e-04
6.799120455980301e-06,1.0,1e-04
2.6918964067590423e-05,1.0,1e-04
5.900802989344811e-06,1.0,1e-04
5.834515832248144e-05,1.0,1e-04
0.0006838911795057356,1.0,1e-04
4.366662687971257e-05,1.0,1e-04
3.393191718714661e-06,1.0,1e-04
5.4990985518088564e-05,1.0,1e-04
2.864318412321154e-05,1.0,1e-04
6.803383257647511e-06,1.0,1e-04
1.1533184988365974e-05,1.0,1e-04
7.3610963227110915e-06,1.0,1e-04
2.9631903544213856e-06,1.0,1e-04
0.00029768917011097074,1.0,1e-04
5.815660642838338e-06,1.0,1e-04
6.5266481215076055e-06,1.0,1e-04
2.2401736714527942e-05,1.0,1e-04
4.9723290430847555e-05,1.0,1e-04
3.3463563795521623e-06,1.0,1e-04
3.5166501675121253e-06,1.0,1e-04
4.138247277296614e-06,1.0,1e-04
8.133200026350096e-05,1.0,1e-04
7.331292181333993e-06,1.0,1e-04
9.851596587395761e-06,1.0,1e-04
4.585273472912377e-06,1.0,1e-04
9.46840282267658e-06,1.0,1e-04
2.96745042760449e-06,1.0,1e-04
5.2411178330658004e-05,1.0,1e-04
3.0738858640688704e-06,1.0,1e-04
3.307065344415605e-05,1.0,1e-04
7.718687811575364e-06,1.0,1e-04
3.664541509351693e-05,1.0,1e-04
8.314699698530603e-06,1.0,1e-04
2.9929910851933528e-06,1.0,1e-04
6.87575038682553e-06,1.0,1e-04
3.926860517822206e-05,1.0,1e-04
2.7843782390846172e-06,1.0,1e-04
2.878039822462597e-06,1.0,1e-04
3.5317429137649015e-05,1.0,1e-04
2.954677484012791e-06,1.0,1e-04
3.1420011055161012e-06,1.0,1e-04
0.00018509614164941013,1.0,1e-04
2.703488235056284e-06,1.0,1e-04
1.0749866305559408e-05,1.0,1e-04
3.329327000756166e-06,1.0,1e-04
4.807483855984174e-05,1.0,1e-04
2.8865583772130776e-06,1.0,1e-04
2.607186252134852e-05,1.0,1e-04
1.6820891687530093e-05,1.0,1e-04
6.918290182511555e-06,1.0,1e-04
3.850062421406619e-05,1.0,1e-04
2.6779441668622894e-06,1.0,1e-04
3.717191066243686e-05,1.0,1e-04
4.291510322218528e-06,1.0,1e-04
2.929123866124428e-06,1.0,1e-04
4.572500529320678e-06,1.0,1e-04
5.486500231199898e-05,1.0,1e-04
2.6609129690768896e-06,1.0,1e-04
6.339306764857611e-06,1.0,1e-04
0.00019881823391187936,1.0,1e-04
6.198814389790641e-06,1.0,1e-04
6.999204288149485e-06,1.0,1e-04
2.873786570489756e-06,1.0,1e-04
2.903580025304109e-06,1.0,1e-04
6.011502591718454e-06,1.0,1e-04
2.6779428026202368e-06,1.0,1e-04
2.975782444991637e-05,1.0,1e-04
7.51434117773897e-06,1.0,1e-04
5.947648332949029e-06,1.0,1e-04
4.092842573300004e-05,1.0,1e-04
5.377150955609977e-06,1.0,1e-04
2.8482375000749016e-06,1.0,1e-04
8.399845683015883e-06,1.0,1e-04
2.6651723601389676e-06,1.0,1e-04
4.390263347886503e-05,1.0,1e-04
2.6566565338725923e-06,1.0,1e-04
4.200517651042901e-05,1.0,1e-04
3.953223131247796e-05,1.0,1e-04
2.7361753382137977e-05,1.0,1e-04
7.676119821553584e-06,1.0,1e-04
2.9461612029990647e-06,1.0,1e-04
3.163539440720342e-05,1.0,1e-04
5.215369128563907e-06,1.0,1e-04
0.0001368434604955837,1.0,1e-04
2.6992311177309602e-06,1.0,1e-04
8.587158845330123e-06,1.0,1e-04
2.6013092337962007e-06,1.0,1e-04
5.57778803340625e-05,1.0,1e-04
2.6907139272225322e-06,1.0,1e-04
1.7774495063349605e-05,1.0,1e-04
4.3915319110965356e-05,1.0,1e-04
2.55447798735986e-06,1.0,1e-04
2.5134688257821836e-05,1.0,1e-04
2.4480420961481286e-06,1.0,1e-04
6.0199954532436095e-06,1.0,1e-04
2.3768401661072858e-05,1.0,1e-04
5.253687504591653e-06,1.0,1e-04
2.988734877362731e-06,1.0,1e-04
2.6651657663023798e-06,1.0,1e-04
0.00013226349256001413,1.0,1e-04
6.8714903136424255e-06,1.0,1e-04
2.731486711127218e-05,1.0,1e-04
2.3799225346010644e-06,1.0,1e-04
6.38614756098832e-06,1.0,1e-04
1.140105723607121e-05,1.0,1e-04
5.951875209575519e-06,1.0,1e-04
5.624072855425766e-06,1.0,1e-04
7.352513875957811e-06,1.0,1e-04
8.706310836714692e-06,1.0,1e-04
6.356355243042344e-06,1.0,1e-04
6.956624019949231e-06,1.0,1e-04
2.686454990907805e-06,1.0,1e-04
8.144453204295132e-06,1.0,1e-04
3.0690684070577845e-05,1.0,1e-04
3.0068751584622078e-05,1.0,1e-04
2.490616452632821e-06,1.0,1e-04
4.270224508218234e-06,1.0,1e-04
7.34405421098927e-06,1.0,1e-04
6.4883215600275435e-06,1.0,1e-04
2.5204171834047884e-06,1.0,1e-04
6.1605060182046145e-06,1.0,1e-04
2.431012035231106e-06,1.0,1e-04
6.556445896421792e-06,1.0,1e-04
2.4565565581724513e-06,1.0,1e-04
8.54888276080601e-06,1.0,1e-04
2.4991313694044948e-06,1.0,1e-04
2.4906159978854703e-06,1.0,1e-04
3.241916419938207e-05,1.0,1e-04
2.919219150498975e-05,1.0,1e-04
2.384179651926388e-06,1.0,1e-04
8.297703971038572e-06,1.0,1e-04
6.705435225740075e-06,1.0,1e-04
6.943867902009515e-06,1.0,1e-04
5.624072855425766e-06,1.0,1e-04
6.330805717880139e-06,1.0,1e-04
5.057844191469485e-06,1.0,1e-04
5.815657004859531e-06,1.0,1e-04
6.228624897630652e-06,1.0,1e-04
2.490616452632821e-06,1.0,1e-04
4.861989054916194e-06,1.0,1e-04
2.68296407739399e-05,1.0,1e-04
3.724216730915941e-05,1.0,1e-04
7.020488737907726e-06,1.0,1e-04
2.3576922103529796e-05,1.0,1e-04
2.4480400497850496e-06,1.0,1e-04
5.700706878997153e-06,1.0,1e-04
5.46654109712108e-06,1.0,1e-04
2.9631821689690696e-06,1.0,1e-04
2.1500186448975e-06,1.0,1e-04
2.4437847514491295e-06,1.0,1e-04
2.8830432711401954e-05,1.0,1e-04
2.660912741703214e-06,1.0,1e-04
6.109418791311327e-06,1.0,1e-04
2.4310122626047814e-06,1.0,1e-04
2.4650712475704495e-06,1.0,1e-04
6.603272595384624e-06,1.0,1e-04
3.1554842280456796e-05,1.0,1e-04
6.288231361395447e-06,1.0,1e-04
2.482098580003367e-06,1.0,1e-04
2.845542439899873e-05,1.0,1e-04
5.585751750913914e-06,1.0,1e-04
2.541703452152433e-06,1.0,1e-04
2.516156655474333e-06,1.0,1e-04
9.77914169197902e-06,1.0,1e-04
2.3799225346010644e-06,1.0,1e-04
6.790589395677671e-06,1.0,1e-04
6.926824880792992e-06,1.0,1e-04
2.4906146336434176e-06,1.0,1e-04
6.113670224294765e-06,1.0,1e-04
3.353748979861848e-05,1.0,1e-04
3.0506782422889955e-05,1.0,1e-04
6.428687811421696e-06,1.0,1e-04
7.271684353327146e-06,1.0,1e-04
2.939658770628739e-05,1.0,1e-04
2.5715053197927773e-06,1.0,1e-04
1.4134580851532519e-05,1.0,1e-04
6.735238457622472e-06,1.0,1e-04
7.43764394428581e-06,1.0,1e-04
6.3010083977133036e-06,1.0,1e-04
5.700711881218012e-06,1.0,1e-04
8.519050425093155e-06,1.0,1e-04
2.0780073100468144e-05,1.0,1e-04
2.2521994651469868e-06,1.0,1e-04
2.371407617829391e-06,1.0,1e-04
2.401209940217086e-06,1.0,1e-04
4.7981452553358395e-06,1.0,1e-04
2.0775605662493035e-05,1.0,1e-04
5.790095656266203e-06,1.0,1e-04
2.358635811106069e-06,1.0,1e-04
4.318790161050856e-05,1.0,1e-04
2.160589792765677e-05,1.0,1e-04
8.966068890003953e-06,1.0,1e-04
9.464179129281547e-06,1.0,1e-04
2.384180106673739e-06,1.0,1e-04
2.2266540327109396e-06,1.0,1e-04
9.698327630758286e-06,1.0,1e-04
1.4901140730216866e-06,1.0,1e-04
3.640124759840546e-06,1.0,1e-04
2.3330869680648902e-06,1.0,1e-04
4.487353635340696e-06,1.0,1e-04
4.551209713099524e-06,1.0,1e-04
4.4192338464199565e-06,1.0,1e-04
2.3160609998740256e-06,1.0,1e-04
9.417294677405152e-06,1.0,1e-04
2.443778384986217e-06,1.0,1e-04
2.324575916645699e-06,1.0,1e-04
1.6961324945441447e-05,1.0,1e-04
2.3416057501890464e-06,1.0,1e-04
8.599939974374138e-06,1.0,1e-04
2.333089923922671e-06,1.0,1e-04
2.1763615222880617e-05,1.0,1e-04
2.4012094854697352e-06,1.0,1e-04
6.914021469128784e-06,1.0,1e-04
5.598537427431438e-06,1.0,1e-04
2.23042989091482e-05,1.0,1e-04
3.8019081785023445e-06,1.0,1e-04
3.559234301064862e-06,1.0,1e-04
5.828399480378721e-06,1.0,1e-04
5.956144832452992e-06,1.0,1e-04
8.94470667844871e-06,1.0,1e-04
2.1840769477421418e-06,1.0,1e-04
2.307544491486624e-06,1.0,1e-04
5.8497171266935766e-06,1.0,1e-04
5.266452262731036e-06,1.0,1e-04
2.218138661191915e-06,1.0,1e-04
2.2521992377733113e-06,1.0,1e-04
2.0460895029827952e-05,1.0,1e-04
2.354375510549289e-06,1.0,1e-04
1.5833187717362307e-05,1.0,1e-04
3.5081459373031976e-06,1.0,1e-04
6.411635240510805e-06,1.0,1e-04
2.803001734719146e-05,1.0,1e-04
2.9026252377661876e-05,1.0,1e-04
4.044581601192476e-06,1.0,1e-04
2.230418067483697e-05,1.0,1e-04
3.069629883611924e-06,1.0,1e-04
6.075354122003773e-06,1.0,1e-04
0.00018396782979834825,1.0,1e-04
2.6118465029867366e-05,1.0,1e-04
4.657646968553308e-06,1.0,1e-04
6.262678653001785e-06,1.0,1e-04
2.899331548178452e-06,1.0,1e-04
6.620251497224672e-06,1.0,1e-04
2.858710831787903e-05,1.0,1e-04
2.685080107767135e-05,1.0,1e-04
2.413977199466899e-06,1.0,1e-04
2.316058044016245e-06,1.0,1e-04
4.380915925139561e-06,1.0,1e-04
5.0152693802374415e-06,1.0,1e-04
5.743281235481845e-06,1.0,1e-04
2.4896742615965195e-05,1.0,1e-04
7.4802264862228185e-06,1.0,1e-04
